1 0 0 0 0 0 0 0 0 0 0 0 0 0 0 0 0 
0 0 0 0 0 0 0 0 0 0 0 0 0 0 0 0 0 
0 16 0 0 0 0 0 0 0 0 0 0 0 0 0 0 0 
0 0 32 0 0 0 0 0 0 0 0 0 0 0 0 0 0 
0 0 88 96.032 24.008 0 0 0 8.14217 0 0 0 0 0 0 0 0 
0 0 0 255.936 252.008 194.187 96.5373 65.1374 0 0 0 0 0 0 0 0 0 
0 0 0 208.032 746.824 684.047 706.686 630.966 764.157 0 0 0 0 0 0 0 0 
0 0 0 0 566.297 1665.53 1817.17 1904.48 1601.69 0 0 0 0 0 0 0 0 
0 0 0 0 230.864 1253.12 2929.32 3682.7 4359.6 0 0 0 0 0 0 0 0 
0 0 0 0 0 438.045 1575.87 3131.52 3259.05 0 0 0 0 0 0 0 0 
0 0 0 0 0 133.07 761.577 1416.06 2123.54 0 0 0 0 0 0 0 0 
0 0 0 0 0 0 62.2198 495.857 565.444 0 0 0 0 0 0 0 0 
0 0 0 0 0 0 58.6172 96.53 124.019 0 0 0 0 0 0 0 0 
0 0 0 0 0 0 0 0 62.2578 0 0 0 0 0 0 0 0 
0 0 0 0 0 0 0 16.7478 0 0 0 0 0 0 0 0 0 
0 0 0 0 0 0 0 0 0 0 0 0 0 0 0 0 0 
0 0 0 0 0 0 0 0 2.09347 0 0 0 0 0 0 0 0 
