1 0 0 0 0 0 0 0 0 0 0 0 0 0 0 0 0 
0 0 0 0 0 0 0 0 0 0 0 0 0 0 0 0 0 
0 16 0 0 0 0 0 0 0 0 0 0 0 0 0 0 0 
0 0 32 0 0 0 0 0 0 0 0 0 0 0 0 0 0 
0 0 88 96.5013 24.1253 0 0 0 7.69737 0 0 0 0 0 0 0 0 
0 0 0 254.997 258.319 190.228 95.389 61.579 0 0 0 0 0 0 0 0 0 
0 0 0 208.501 736.299 695.21 715.104 638.065 756.894 0 0 0 0 0 0 0 0 
0 0 0 0 567.944 1664.12 1832.88 1894.54 1614.63 0 0 0 0 0 0 0 0 
0 0 0 0 233.313 1240.54 2902.06 3708.78 4366.71 0 0 0 0 0 0 0 0 
0 0 0 0 0 442.582 1560.42 3107.3 3248.48 0 0 0 0 0 0 0 0 
0 0 0 0 0 135.322 776.604 1414.49 2119.01 0 0 0 0 0 0 0 0 
0 0 0 0 0 0 66.5435 499.54 562.728 0 0 0 0 0 0 0 0 
0 0 0 0 0 0 59.0002 98.8427 127.076 0 0 0 0 0 0 0 0 
0 0 0 0 0 0 0 0 64.6727 0 0 0 0 0 0 0 0 
0 0 0 0 0 0 0 16.8572 0 0 0 0 0 0 0 0 0 
0 0 0 0 0 0 0 0 0 0 0 0 0 0 0 0 0 
0 0 0 0 0 0 0 0 2.10715 0 0 0 0 0 0 0 0 
