1 0 0 0 0 0 0 0 0 0 0 0 0 0 0 0 0 
0 0 0 0 0 0 0 0 0 0 0 0 0 0 0 0 0 
0 16 0 0 0 0 0 0 0 0 0 0 0 0 0 0 0 
0 0 32 0 0 0 0 0 0 0 0 0 0 0 0 0 0 
0 0 88 95.9147 23.9787 0 0 0 8.2141 0 0 0 0 0 0 0 0 
0 0 0 256.171 256.718 191.832 93.0476 65.7128 0 0 0 0 0 0 0 0 0 
0 0 0 207.915 735.803 684.788 713.266 616.395 779.519 0 0 0 0 0 0 0 0 
0 0 0 0 574.327 1671.75 1820.89 1913.16 1572.9 0 0 0 0 0 0 0 0 
0 0 0 0 229.174 1245.01 2917.96 3700.4 4370.05 0 0 0 0 0 0 0 0 
0 0 0 0 0 444.395 1578.02 3148.41 3264.06 0 0 0 0 0 0 0 0 
0 0 0 0 0 130.217 762.51 1362.78 2122.03 0 0 0 0 0 0 0 0 
0 0 0 0 0 0 65.7347 519.771 564.824 0 0 0 0 0 0 0 0 
0 0 0 0 0 0 56.5791 97.2048 121.829 0 0 0 0 0 0 0 0 
0 0 0 0 0 0 0 0 64.5448 0 0 0 0 0 0 0 0 
0 0 0 0 0 0 0 16.1655 0 0 0 0 0 0 0 0 0 
0 0 0 0 0 0 0 0 0 0 0 0 0 0 0 0 0 
0 0 0 0 0 0 0 0 2.02068 0 0 0 0 0 0 0 0 
