1 0 0 0 0 0 0 0 0 0 0 0 0 0 0 0 1 
0 0 0 0 0 0 0 0 0 0 0 0 0 0 0 0 0 
0 16 0 0 0 0 0 0 0 0 0 0 0 0 0 16 0 
0 0 31.9944 0 0 0 0 0 0 0 0 0 0 0 31.196 0 0 
0 0 88.0056 96.6192 23.2088 0 0 0 8.07049 0 0 0 24.1705 96.8894 88.804 0 0 
0 0 0 254.651 259.362 194.25 97.9404 64.3278 0 64.8874 100.552 199.444 254.272 258.121 0 0 0 
0 0 0 208.73 738.404 696.623 713.686 646.602 780.544 644.235 728.523 692.061 748.077 204.99 0 0 0 
0 0 0 0 571.919 1649.63 1810.71 1936.06 1627.19 1939.6 1848.8 1671.15 570.289 0 0 0 0 
0 0 0 0 227.105 1242.77 2918.34 3662.35 4341.85 3669.5 2901.48 1232.08 223.192 0 0 0 0 
0 0 0 0 0 454.631 1560.17 3093.06 3241.19 3112.74 1547.94 447.374 0 0 0 0 0 
0 0 0 0 0 130.095 786.035 1408.86 2100.86 1385.32 760.138 125.895 0 0 0 0 0 
0 0 0 0 0 0 65.2743 514.887 583.175 511.314 63.977 0 0 0 0 0 0 
0 0 0 0 0 0 55.8525 97.8967 121.082 96.6023 56.5837 0 0 0 0 0 0 
0 0 0 0 0 0 0 0 64.0553 0 0 0 0 0 0 0 0 
0 0 0 0 0 0 0 15.9481 0 15.7988 0 0 0 0 0 0 0 
0 0 0 0 0 0 0 0 0 0 0 0 0 0 0 0 0 
0 0 0 0 0 0 0 0 1.97607 0 0 0 0 0 0 0 0 
