1 0 0 0 0 0 0 0 0 0 0 0 0 0 0 0 1 
0 0 0 0 0 0 0 0 0 0 0 0 0 0 0 0 0 
0 16 0 0 0 0 0 0 0 0 0 0 0 0 0 16 0 
0 0 32.7359 0 0 0 0 0 0 0 0 0 0 0 31.9972 0 0 
0 0 87.2641 100.055 23.5717 0 0 0 7.2727 0 0 0 22.7722 95.9545 88.0028 0 0 
0 0 0 251.692 254.723 189.731 92.6868 62.4308 0 60.0655 92.686 187.472 259.312 256.6 0 0 0 
0 0 0 208.253 738.596 691.893 712.237 626.31 749.024 619.966 701.274 683.656 732.427 207.446 0 0 0 
0 0 0 0 575.64 1678.3 1832.13 1937.19 1630.63 1934.26 1818.3 1685.06 573.977 0 0 0 0 
0 0 0 0 227.47 1236.6 2916.32 3650.21 4329.85 3708.42 2937.02 1235.98 231.512 0 0 0 0 
0 0 0 0 0 442.324 1560.04 3152.06 3267.94 3084.54 1572.46 446.877 0 0 0 0 0 
0 0 0 0 0 129.149 774.637 1398.55 2127.01 1420.16 762.249 128.958 0 0 0 0 0 
0 0 0 0 0 0 64.6821 502.211 578.801 499.801 68.0926 0 0 0 0 0 0 
0 0 0 0 0 0 55.2648 95.1027 114.74 97.1396 55.9226 0 0 0 0 0 0 
0 0 0 0 0 0 0 0 62.8265 0 0 0 0 0 0 0 0 
0 0 0 0 0 0 0 15.9302 0 15.6537 0 0 0 0 0 0 0 
0 0 0 0 0 0 0 0 0 0 0 0 0 0 0 0 0 
0 0 0 0 0 0 0 0 1.90625 0 0 0 0 0 0 0 0 
