1 0 0 0 0 0 0 0 0 0 0 0 0 0 0 0 1 
0 0 0 0 0 0 0 0 0 0 0 0 0 0 0 0 0 
0 16 0 0 0 0 0 0 0 0 0 0 0 0 0 16 0 
0 0 30.5828 0 0 0 0 0 0 0 0 0 0 0 31.5751 0 0 
0 0 89.4172 95.8007 23.4451 0 0 0 7.92119 0 0 0 23.861 96.3634 88.4249 0 0 
0 0 0 255.283 258.446 187.735 95.4354 60.4145 0 62.5193 91.8687 189.866 255.905 252 0 0 0 
0 0 0 208.916 735.705 680.947 703.458 627.079 767.415 624.448 723.221 706.815 745.018 211.636 0 0 0 
0 0 0 0 570.734 1681.04 1800.51 1907.4 1559.71 1931.2 1854.26 1659.93 561.957 0 0 0 0 
0 0 0 0 231.67 1233.49 2934.68 3683.81 4391.98 3655.83 2898 1247.03 233.26 0 0 0 0 
0 0 0 0 0 450.848 1584.88 3168.28 3256.68 3125.09 1558.02 447.691 0 0 0 0 0 
0 0 0 0 0 133.939 770.902 1382.09 2144.14 1415.14 766.582 116.673 0 0 0 0 0 
0 0 0 0 0 0 59.4818 500.561 560.426 517.938 64.3228 0 0 0 0 0 0 
0 0 0 0 0 0 58.6527 93.5832 116.899 93.0427 51.7227 0 0 0 0 0 0 
0 0 0 0 0 0 0 0 62.832 0 0 0 0 0 0 0 0 
0 0 0 0 0 0 0 16.7724 0 14.7881 0 0 0 0 0 0 0 
0 0 0 0 0 0 0 0 0 0 0 0 0 0 0 0 0 
0 0 0 0 0 0 0 0 1.99742 0 0 0 0 0 0 0 0 
