1 0 0 0 0 0 0 0 0 0 0 0 0 0 0 0 1 
0 0 0 0 0 0 0 0 0 0 0 0 0 0 0 0 0 
0 16 0 0 0 0 0 0 0 0 0 0 0 0 0 16 0 
0 0 31.5524 0 0 0 0 0 0 0 0 0 0 0 32.5444 0 0 
0 0 88.4476 96.6974 24.9064 0 0 0 8.36731 0 0 0 24.7516 97.9581 87.4556 0 0 
0 0 0 253.74 259.721 196.823 97.8268 65.0256 0 63.4227 96.3663 195.463 253.423 247.533 0 0 0 
0 0 0 209.563 720.447 687.652 697.706 605.235 741.524 605.496 679.863 676.181 719.912 214.509 0 0 0 
0 0 0 0 581.374 1617.29 1800.68 1889.23 1599.01 1894.2 1777.26 1631.01 577.901 0 0 0 0 
0 0 0 0 233.552 1277.2 2936.38 3679.11 4370.5 3647.6 2966.56 1265.9 244.013 0 0 0 0 
0 0 0 0 0 462.345 1558.55 3154.99 3292.59 3213.11 1579.38 459.654 0 0 0 0 0 
0 0 0 0 0 126.691 798.851 1404.64 2084.99 1392.1 780.324 139.794 0 0 0 0 0 
0 0 0 0 0 0 64.3917 524.747 586.666 507.829 66.5801 0 0 0 0 0 0 
0 0 0 0 0 0 53.6243 101.454 119.043 100.426 61.6668 0 0 0 0 0 0 
0 0 0 0 0 0 0 0 65.4934 0 0 0 0 0 0 0 0 
0 0 0 0 0 0 0 15.5775 0 15.8238 0 0 0 0 0 0 0 
0 0 0 0 0 0 0 0 0 0 0 0 0 0 0 0 0 
0 0 0 0 0 0 0 0 1.80471 0 0 0 0 0 0 0 0 
