1 0 0 0 0 0 0 0 0 0 0 0 0 0 0 0 1 
0 0 0 0 0 0 0 0 0 0 0 0 0 0 0 0 0 
0 16 0 0 0 0 0 0 0 0 0 0 0 0 0 16 0 
0 0 31.6653 0 0 0 0 0 0 0 0 0 0 0 32.0083 0 0 
0 0 88.3347 95.7657 24.0192 0 0 0 8.31254 0 0 0 23.1449 96.9464 87.9917 0 0 
0 0 0 257.089 250.092 191.112 94.5017 62.7622 0 63.3235 89.8358 190.545 258.981 257.36 0 0 0 
0 0 0 207.145 741.266 689.989 719.818 623.953 751.658 608.25 688.488 677.222 738.703 205.693 0 0 0 
0 0 0 0 580.771 1637.64 1818.04 1933 1630.36 1904.09 1804.29 1654.69 569.555 0 0 0 0 
0 0 0 0 223.852 1270.67 2954.21 3698.08 4360.68 3720.75 2950.72 1262.3 229.616 0 0 0 0 
0 0 0 0 0 454.041 1535.2 3105.04 3322.96 3145.6 1591.63 454.887 0 0 0 0 0 
0 0 0 0 0 124.547 767.658 1404.32 2036.99 1378.45 761.378 128.35 0 0 0 0 0 
0 0 0 0 0 0 64.072 501.674 579.341 508.615 67.2408 0 0 0 0 0 0 
0 0 0 0 0 0 54.5134 95.4384 115.125 95.3926 54.4192 0 0 0 0 0 0 
0 0 0 0 0 0 0 0 62.6084 0 0 0 0 0 0 0 0 
0 0 0 0 0 0 0 15.7366 0 15.5276 0 0 0 0 0 0 0 
0 0 0 0 0 0 0 0 0 0 0 0 0 0 0 0 0 
0 0 0 0 0 0 0 0 1.96089 0 0 0 0 0 0 0 0 
