1 0 0 0 0 0 0 0 0 0 0 0 0 0 0 0 1 
0 0 0 0 0 0 0 0 0 0 0 0 0 0 0 0 0 
0 16 0 0 0 0 0 0 0 0 0 0 0 0 0 16 0 
0 0 30.4456 0 0 0 0 0 0 0 0 0 0 0 31.4216 0 0 
0 0 89.5544 91.1483 24.7081 0 0 0 7.81839 0 0 0 24.883 94.3055 88.5784 0 0 
0 0 0 258.799 255.64 185.566 91.3632 62.6658 0 61.0925 93.5344 182.94 244.009 258.103 0 0 0 
0 0 0 210.053 728.108 679.527 683.546 605.765 746.327 602.379 697.04 672.832 733.731 207.591 0 0 0 
0 0 0 0 577.195 1677.98 1827.26 1944.54 1548.09 1911.73 1778.65 1657.9 585.973 0 0 0 0 
0 0 0 0 234.349 1255.29 2922.49 3671.39 4396.73 3691.48 2919.42 1263.4 231.404 0 0 0 0 
0 0 0 0 0 443.887 1603.76 3152.84 3299.09 3155.13 1629.1 461.965 0 0 0 0 0 
0 0 0 0 0 125.756 767.208 1387.16 2120.39 1395.45 769.672 128.966 0 0 0 0 0 
0 0 0 0 0 0 59.3334 509.289 571.592 514.386 65.2597 0 0 0 0 0 0 
0 0 0 0 0 0 53.0418 91.1907 116.721 92.663 55.326 0 0 0 0 0 0 
0 0 0 0 0 0 0 0 61.3521 0 0 0 0 0 0 0 0 
0 0 0 0 0 0 0 15.1569 0 15.6812 0 0 0 0 0 0 0 
0 0 0 0 0 0 0 0 0 0 0 0 0 0 0 0 0 
0 0 0 0 0 0 0 0 1.89054 0 0 0 0 0 0 0 0 
