1 0 0 0 0 0 0 0 0 0 0 0 0 0 0 0 1 
0 0 0 0 0 0 0 0 0 0 0 0 0 0 0 0 0 
0 16 0 0 0 0 0 0 0 0 0 0 0 0 0 16 0 
0 0 34.6888 0 0 0 0 0 0 0 0 0 0 0 33.3114 0 0 
0 0 85.3112 97.7677 21.9365 0 0 0 8.01457 0 0 0 26.4803 101.197 86.6886 0 0 
0 0 0 256.235 257.51 189.807 94.2397 66.1498 0 63.3405 103.966 206.122 268.574 257.668 0 0 0 
0 0 0 205.997 754.961 696.42 711.703 612.465 778.835 644.487 714.51 697.897 733.063 201.135 0 0 0 
0 0 0 0 558.358 1671.82 1787.94 1986.22 1604.17 1929.96 1859.02 1627.27 581.372 0 0 0 0 
0 0 0 0 227.235 1246.7 2978.42 3650.16 4293.45 3758.9 2941.3 1274.34 210.511 0 0 0 0 
0 0 0 0 0 441.316 1559.71 3153.89 3286.23 3061.8 1526.62 439.735 0 0 0 0 0 
0 0 0 0 0 121.932 759.155 1355.5 2131.65 1371.92 743.483 122.635 0 0 0 0 0 
0 0 0 0 0 0 61.7134 509.537 589.413 498.744 64.1943 0 0 0 0 0 0 
0 0 0 0 0 0 55.119 91.3563 114.773 95.6689 54.9099 0 0 0 0 0 0 
0 0 0 0 0 0 0 0 61.6845 0 0 0 0 0 0 0 0 
0 0 0 0 0 0 0 14.7148 0 15.1715 0 0 0 0 0 0 0 
0 0 0 0 0 0 0 0 0 0 0 0 0 0 0 0 0 
0 0 0 0 0 0 0 0 1.78377 0 0 0 0 0 0 0 0 
