1 0 0 0 0 0 0 0 0 0 0 0 0 0 0 0 1 
0 0 0 0 0 0 0 0 0 0 0 0 0 0 0 0 0 
0 16 0 0 0 0 0 0 0 0 0 0 0 0 0 16 0 
0 0 29.0217 0 0 0 0 0 0 0 0 0 0 0 37.1329 0 0 
0 0 90.9783 84.9633 20.1481 0 0 0 8.92456 0 0 0 23.1312 103.489 82.8671 0 0 
0 0 0 251.188 260.774 190.462 101.684 81.5901 0 74.61 109.297 216.172 261.128 256.64 0 0 0 
0 0 0 223.848 708.858 681.874 726.808 628.115 795.557 642.019 802.885 763.409 732.352 199.871 0 0 0 
0 0 0 0 596.919 1677.8 1918.63 1969.04 1626.01 1909.24 1798.76 1606.69 580.47 0 0 0 0 
0 0 0 0 233.301 1232.31 2942.75 3832.67 4317.57 3716.28 2954.09 1193.99 222.919 0 0 0 0 
0 0 0 0 0 465.907 1439.8 2984.89 3214.82 3178.7 1456.68 457.636 0 0 0 0 0 
0 0 0 0 0 119.655 757.239 1345.39 2175.26 1330.27 755.715 130.095 0 0 0 0 0 
0 0 0 0 0 0 68.1339 490.133 547.846 479.912 73.0926 0 0 0 0 0 0 
0 0 0 0 0 0 52.9592 91.9136 113.941 92.131 57.4832 0 0 0 0 0 0 
0 0 0 0 0 0 0 0 67.9046 0 0 0 0 0 0 0 0 
0 0 0 0 0 0 0 16.2554 0 16.844 0 0 0 0 0 0 0 
0 0 0 0 0 0 0 0 0 0 0 0 0 0 0 0 0 
0 0 0 0 0 0 0 0 2.17004 0 0 0 0 0 0 0 0 
