1 0 0 0 0 0 0 0 0 0 0 0 0 0 0 0 1 
0 0 0 0 0 0 0 0 0 0 0 0 0 0 0 0 0 
0 16 0 0 0 0 0 0 0 0 0 0 0 0 0 16 0 
0 0 31.3597 0 0 0 0 0 0 0 0 0 0 0 32.2269 0 0 
0 0 88.6403 92.3209 20.7548 0 0 0 7.06866 0 0 0 20.8577 95.7822 87.7731 0 0 
0 0 0 260.442 246.506 203.586 112.394 74.0943 0 51.19 87.0837 156.023 242.463 264.98 0 0 0 
0 0 0 207.237 725.937 711.973 703.448 589.666 682.651 575.63 638.459 714.431 746.838 199.238 0 0 0 
0 0 0 0 587.881 1513.15 1821.05 1844.9 1505.68 1783.49 1749.12 1628.97 587.346 0 0 0 0 
0 0 0 0 238.921 1343.19 2859.32 3741.39 4306.07 3638.1 2844.66 1251.42 222.496 0 0 0 0 
0 0 0 0 0 459.685 1548.52 3150.57 3507.65 3210.61 1745.71 490.062 0 0 0 0 0 
0 0 0 0 0 136.414 836.999 1417.3 2018.21 1449.96 803.941 127.094 0 0 0 0 0 
0 0 0 0 0 0 70.1971 498.492 637.545 609.175 77.1519 0 0 0 0 0 0 
0 0 0 0 0 0 56.0754 107.177 138.689 105.035 61.8723 0 0 0 0 0 0 
0 0 0 0 0 0 0 0 64.1196 0 0 0 0 0 0 0 0 
0 0 0 0 0 0 0 16.404 0 16.8149 0 0 0 0 0 0 0 
0 0 0 0 0 0 0 0 0 0 0 0 0 0 0 0 0 
0 0 0 0 0 0 0 0 2.31286 0 0 0 0 0 0 0 0 
