1 0 0 0 0 0 0 0 0 0 0 0 0 0 0 0 1 
0 0 0 0 0 0 0 0 0 0 0 0 0 0 0 0 0 
0 16 0 0 0 0 0 0 0 0 0 0 0 0 0 16 0 
0 0 32.8289 0 0 0 0 0 0 0 0 0 0 0 29.4536 0 0 
0 0 87.1711 97.048 22.5544 0 0 0 8.79992 0 0 0 26.2573 88.26 90.5464 0 0 
0 0 0 258.702 273.698 196.378 80.9443 52.8079 0 67.7096 97.3244 178.54 248.151 248.986 0 0 0 
0 0 0 204.25 779.693 694.862 647.967 564.422 739.803 638.657 630.927 579.719 712.461 222.754 0 0 0 
0 0 0 0 550.73 1683.25 1919.42 1958.52 1696.74 1866.15 1731.87 1690.63 588.349 0 0 0 0 
0 0 0 0 193.324 1224.29 3037.41 3857.12 4199.46 3604.13 3009.99 1311.53 244.782 0 0 0 0 
0 0 0 0 0 459.276 1431.97 3027.49 3201.03 3205.58 1646.12 478.731 0 0 0 0 0 
0 0 0 0 0 109.943 789.267 1351.34 2256.61 1425.25 777.571 128.849 0 0 0 0 0 
0 0 0 0 0 0 49.771 531.262 579.545 524.32 57.2141 0 0 0 0 0 0 
0 0 0 0 0 0 51.2507 82.432 122.911 91.4698 56.991 0 0 0 0 0 0 
0 0 0 0 0 0 0 0 63.3929 0 0 0 0 0 0 0 0 
0 0 0 0 0 0 0 14.6071 0 16.7231 0 0 0 0 0 0 0 
0 0 0 0 0 0 0 0 0 0 0 0 0 0 0 0 0 
0 0 0 0 0 0 0 0 1.71597 0 0 0 0 0 0 0 0 
