1 0 0 0 0 0 0 0 0 0 0 0 0 0 0 0 1 
0 0 0 0 0 0 0 0 0 0 0 0 0 0 0 0 0 
0 16 0 0 0 0 0 0 0 0 0 0 0 0 0 16 0 
0 0 32.8002 0 0 0 0 0 0 0 0 0 0 0 32.1038 0 0 
0 0 87.1998 98.6078 24.6848 0 0 0 7.94578 0 0 0 25.0172 97.4491 87.8962 0 0 
0 0 0 255.968 260.922 194.941 100.035 65.6975 0 63.0743 95.0956 189.503 248.497 254.266 0 0 0 
0 0 0 205.425 726.278 689.344 718.224 639.204 760.144 613.741 696.111 689.552 745.129 208.285 0 0 0 
0 0 0 0 578.521 1671.19 1829.73 1914.26 1591.98 1909.31 1813.1 1676.37 579.479 0 0 0 0 
0 0 0 0 229.594 1232.38 2915.33 3689.74 4390.52 3700.34 2941.42 1244.31 221.878 0 0 0 0 
0 0 0 0 0 454.306 1559.69 3148.55 3248.52 3141.15 1577.9 441.872 0 0 0 0 0 
0 0 0 0 0 125.842 767.422 1366.51 2118.11 1390.01 763.623 126.391 0 0 0 0 0 
0 0 0 0 0 0 62.1432 506.123 572.027 511.698 64.2942 0 0 0 0 0 0 
0 0 0 0 0 0 55.4198 94.0275 116.324 94.4699 56.455 0 0 0 0 0 0 
0 0 0 0 0 0 0 0 62.3975 0 0 0 0 0 0 0 0 
0 0 0 0 0 0 0 15.8898 0 16.2051 0 0 0 0 0 0 0 
0 0 0 0 0 0 0 0 0 0 0 0 0 0 0 0 0 
0 0 0 0 0 0 0 0 2.03663 0 0 0 0 0 0 0 0 
