1 0 0 0 0 0 0 0 0 0 0 0 0 0 0 0 1 
0 0 0 0 0 0 0 0 0 0 0 0 0 0 0 0 0 
0 16 0 0 0 0 0 0 0 0 0 0 0 0 0 16 0 
0 0 31.3968 0 0 0 0 0 0 0 0 0 0 0 31.8284 0 0 
0 0 88.6032 95.2154 23.3437 0 0 0 8.02558 0 0 0 23.5436 95.3486 88.1716 0 0 
0 0 0 257.285 256.025 190.969 94.0478 63.9999 0 63.7642 93.8046 187.742 252.75 258.292 0 0 0 
0 0 0 207.5 737.992 692.082 696.494 618.884 769.584 612.016 705.784 684.781 738.28 206.359 0 0 0 
0 0 0 0 575.942 1668.04 1826.55 1901.64 1603.56 1897.59 1819.12 1683.87 577.463 0 0 0 0 
0 0 0 0 226.697 1240.33 2948.07 3704.08 4377.29 3720.67 2923.77 1233.28 227.964 0 0 0 0 
0 0 0 0 0 447.802 1563.58 3162.95 3262 3104.87 1567.7 452.815 0 0 0 0 0 
0 0 0 0 0 128.771 759.107 1371.48 2099.72 1418.56 779.718 125.516 0 0 0 0 0 
0 0 0 0 0 0 64.4627 507.282 566.068 512.352 62.8103 0 0 0 0 0 0 
0 0 0 0 0 0 55.6905 94.0465 119.555 94.4281 55.2882 0 0 0 0 0 0 
0 0 0 0 0 0 0 0 62.2625 0 0 0 0 0 0 0 0 
0 0 0 0 0 0 0 15.6386 0 15.7477 0 0 0 0 0 0 0 
0 0 0 0 0 0 0 0 0 0 0 0 0 0 0 0 0 
0 0 0 0 0 0 0 0 1.93532 0 0 0 0 0 0 0 0 
