1 0 0 0 0 0 0 0 0 0 0 0 0 0 0 0 1 
0 0 0 0 0 0 0 0 0 0 0 0 0 0 0 0 0 
0 16 0 0 0 0 0 0 0 0 0 0 0 0 0 16 0 
0 0 32.1433 0 0 0 0 0 0 0 0 0 0 0 32.019 0 0 
0 0 87.8567 95.1253 23.7772 0 0 0 8.12765 0 0 0 24.0805 98.6041 87.981 0 0 
0 0 0 255.228 257.478 190.119 95.6267 65.227 0 64.4138 95.2185 190.66 259.805 252.252 0 0 0 
0 0 0 209.647 731.554 690.87 707.231 633.596 784.926 636.303 712.638 684.942 734.37 209.144 0 0 0 
0 0 0 0 579.706 1669.13 1830.75 1941.74 1620.74 1919.72 1806.46 1659.02 572.38 0 0 0 0 
0 0 0 0 227.485 1247.06 2916.65 3678.8 4348.78 3662.02 2921.64 1251.3 229.364 0 0 0 0 
0 0 0 0 0 442.306 1572.95 3095.59 3246.5 3130.65 1575.57 453.38 0 0 0 0 0 
0 0 0 0 0 128.517 765.26 1402.05 2091.93 1394.64 774.129 128.698 0 0 0 0 0 
0 0 0 0 0 0 63.7046 512.128 583.202 518.536 65.846 0 0 0 0 0 0 
0 0 0 0 0 0 55.8256 94.8589 119.419 97.4659 56.4954 0 0 0 0 0 0 
0 0 0 0 0 0 0 0 64.3593 0 0 0 0 0 0 0 0 
0 0 0 0 0 0 0 16.0065 0 16.2567 0 0 0 0 0 0 0 
0 0 0 0 0 0 0 0 0 0 0 0 0 0 0 0 0 
0 0 0 0 0 0 0 0 2.01155 0 0 0 0 0 0 0 0 
