1 0 0 0 0 0 0 0 0 0 0 0 0 0 0 0 1 
0 0 0 0 0 0 0 0 0 0 0 0 0 0 0 0 0 
0 16 0 0 0 0 0 0 0 0 0 0 0 0 0 16 0 
0 0 32.523 0 0 0 0 0 0 0 0 0 0 0 31.8214 0 0 
0 0 87.477 96.4184 23.8178 0 0 0 8.01594 0 0 0 24.1784 97.4178 88.1786 0 0 
0 0 0 255.453 256.146 194.408 98.1148 64.4555 0 63.0348 94.344 191.171 255.435 255.084 0 0 0 
0 0 0 208.129 733.176 691.093 700.387 625.138 765.625 616.748 706.069 694.291 740.013 207.498 0 0 0 
0 0 0 0 579.391 1652.1 1827.15 1916.54 1614.51 1927.76 1821.93 1659.06 571.421 0 0 0 0 
0 0 0 0 227.469 1249.48 2914.72 3663.76 4358.51 3702.52 2933.62 1248.32 228.953 0 0 0 0 
0 0 0 0 0 450.692 1570.19 3152.03 3252.26 3116.16 1561.16 444.99 0 0 0 0 0 
0 0 0 0 0 130.224 773.7 1385.27 2102.54 1381.9 770.421 130.162 0 0 0 0 0 
0 0 0 0 0 0 65.0719 517.056 578.858 517.657 64.0914 0 0 0 0 0 0 
0 0 0 0 0 0 58.6716 99.0679 122.128 97.3845 56.3657 0 0 0 0 0 0 
0 0 0 0 0 0 0 0 65.446 0 0 0 0 0 0 0 0 
0 0 0 0 0 0 0 16.6854 0 16.8369 0 0 0 0 0 0 0 
0 0 0 0 0 0 0 0 0 0 0 0 0 0 0 0 0 
0 0 0 0 0 0 0 0 2.10818 0 0 0 0 0 0 0 0 
