1 0 0 0 0 0 0 0 0 0 0 0 0 0 0 0 1 
0 0 0 0 0 0 0 0 0 0 0 0 0 0 0 0 0 
0 16 0 0 0 0 0 0 0 0 0 0 0 0 0 16 0 
0 0 31.9705 0 0 0 0 0 0 0 0 0 0 0 32.0219 0 0 
0 0 88.0295 95.6021 24.6467 0 0 0 8.2271 0 0 0 24.4878 95.142 87.9781 0 0 
0 0 0 256.149 258.673 192.978 95.033 64.8509 0 65.636 98.4983 197.37 261.243 258.109 0 0 0 
0 0 0 208.249 731.487 691.612 699.445 622.061 760.913 616.011 708.367 690.238 734.556 206.749 0 0 0 
0 0 0 0 577.519 1670.9 1839.51 1909.1 1587.62 1907.72 1821.43 1655.78 572.571 0 0 0 0 
0 0 0 0 227.675 1239.18 2916.36 3701.92 4366.52 3686.28 2919.42 1249.47 227.143 0 0 0 0 
0 0 0 0 0 444.833 1569.55 3135.69 3258.92 3147.11 1573.5 447.333 0 0 0 0 0 
0 0 0 0 0 128.502 768.375 1382.93 2123.4 1390.29 765.755 127.8 0 0 0 0 0 
0 0 0 0 0 0 62.5354 511.558 576.268 513.191 64.6481 0 0 0 0 0 0 
0 0 0 0 0 0 57.1957 95.6593 120.842 97.6964 56.3734 0 0 0 0 0 0 
0 0 0 0 0 0 0 0 65.2423 0 0 0 0 0 0 0 0 
0 0 0 0 0 0 0 16.2357 0 16.0695 0 0 0 0 0 0 0 
0 0 0 0 0 0 0 0 0 0 0 0 0 0 0 0 0 
0 0 0 0 0 0 0 0 2.04827 0 0 0 0 0 0 0 0 
