1 0 0 0 0 0 0 0 0 0 0 0 0 0 0 0 1 
0 0 0 0 0 0 0 0 0 0 0 0 0 0 0 0 0 
0 16 0 0 0 0 0 0 0 0 0 0 0 0 0 16 0 
0 0 32.0458 0 0 0 0 0 0 0 0 0 0 0 32.3649 0 0 
0 0 87.9542 96.8431 23.499 0 0 0 8.45418 0 0 0 24.4168 96.6171 87.6351 0 0 
0 0 0 254.614 253.508 187.658 94.0815 64.5984 0 65.3818 97.2727 193.718 258.405 257.875 0 0 0 
0 0 0 208.543 734.57 688.498 700.844 622.074 770.576 622.095 701.827 679.381 736.138 205.508 0 0 0 
0 0 0 0 580.841 1655.19 1835.98 1909.58 1597.92 1922.32 1784.87 1665.66 571.284 0 0 0 0 
0 0 0 0 227.582 1250.38 2932.36 3698.49 4337.03 3646.69 2959.61 1254.23 229.756 0 0 0 0 
0 0 0 0 0 457.309 1549.9 3120.69 3272.52 3130.39 1575.41 448.16 0 0 0 0 0 
0 0 0 0 0 128.96 772.482 1402.78 2109.94 1419.01 766.903 126.851 0 0 0 0 0 
0 0 0 0 0 0 65.8018 508.805 586.665 521.689 65.8164 0 0 0 0 0 0 
0 0 0 0 0 0 56.5433 96.6998 119.331 96.2378 56.2982 0 0 0 0 0 0 
0 0 0 0 0 0 0 0 65.5426 0 0 0 0 0 0 0 0 
0 0 0 0 0 0 0 16.2904 0 16.2004 0 0 0 0 0 0 0 
0 0 0 0 0 0 0 0 0 0 0 0 0 0 0 0 0 
0 0 0 0 0 0 0 0 2.02162 0 0 0 0 0 0 0 0 
