1 0 0 0 0 0 0 0 0 0 0 0 0 0 0 0 1 
0 0 0 0 0 0 0 0 0 0 0 0 0 0 0 0 0 
0 16 0 0 0 0 0 0 0 0 0 0 0 0 0 16 0 
0 0 31.6657 0 0 0 0 0 0 0 0 0 0 0 32.7042 0 0 
0 0 88.3343 95.4956 24.6753 0 0 0 7.94701 0 0 0 23.8133 97.2659 87.2958 0 0 
0 0 0 254.539 250.803 192.071 95.4021 63.956 0 64.6032 96.9544 189.937 256.137 257.256 0 0 0 
0 0 0 209.965 732.699 678.314 701.978 629.231 779.402 630.859 695.394 687.538 727.964 205.478 0 0 0 
0 0 0 0 583.568 1671 1820.49 1921.95 1596.72 1890.75 1823.6 1644.11 582.6 0 0 0 0 
0 0 0 0 228.254 1250.06 2928.16 3661.05 4355.71 3695.48 2907.74 1266.09 229.485 0 0 0 0 
0 0 0 0 0 449.963 1565.89 3157.55 3254.99 3122.73 1569.07 449.248 0 0 0 0 0 
0 0 0 0 0 126.592 774.087 1380.49 2106.89 1414.52 793.95 131.07 0 0 0 0 0 
0 0 0 0 0 0 65.5622 511.041 583.542 509.289 64.4682 0 0 0 0 0 0 
0 0 0 0 0 0 56.4363 98.4552 118.936 95.4016 56.8224 0 0 0 0 0 0 
0 0 0 0 0 0 0 0 63.7388 0 0 0 0 0 0 0 0 
0 0 0 0 0 0 0 16.2847 0 16.374 0 0 0 0 0 0 0 
0 0 0 0 0 0 0 0 0 0 0 0 0 0 0 0 0 
0 0 0 0 0 0 0 0 2.12743 0 0 0 0 0 0 0 0 
