1 0 0 0 0 0 0 0 0 0 0 0 0 0 0 0 1 
0 0 0 0 0 0 0 0 0 0 0 0 0 0 0 0 0 
0 16 0 0 0 0 0 0 0 0 0 0 0 0 0 16 0 
0 0 32.0346 0 0 0 0 0 0 0 0 0 0 0 32.2419 0 0 
0 0 87.9654 95.7915 24.2329 0 0 0 7.91767 0 0 0 24.3587 97.0526 87.7581 0 0 
0 0 0 256.443 256.301 188.922 94.9824 63.3392 0 65.1868 98.2787 192.795 262.073 259.326 0 0 0 
0 0 0 207.765 739.247 698.693 695.463 602.484 748.85 625.45 708.054 694.795 739.716 203.621 0 0 0 
0 0 0 0 567.509 1655.08 1817.77 1906.69 1605.51 1912.92 1838.01 1646.07 570.73 0 0 0 0 
0 0 0 0 232.71 1245.33 2919.42 3715.01 4365.64 3696.7 2909.55 1270.01 223.122 0 0 0 0 
0 0 0 0 0 448.94 1578.39 3120.2 3263.82 3134.12 1579.14 440.73 0 0 0 0 0 
0 0 0 0 0 131.038 778.073 1388.98 2109.32 1393.43 757.232 123.599 0 0 0 0 0 
0 0 0 0 0 0 65.2874 529.322 582.997 502.188 63.5448 0 0 0 0 0 0 
0 0 0 0 0 0 58.6135 97.9351 118.674 94.1254 54.1769 0 0 0 0 0 0 
0 0 0 0 0 0 0 0 65.3031 0 0 0 0 0 0 0 0 
0 0 0 0 0 0 0 16.0436 0 15.8805 0 0 0 0 0 0 0 
0 0 0 0 0 0 0 0 0 0 0 0 0 0 0 0 0 
0 0 0 0 0 0 0 0 1.96606 0 0 0 0 0 0 0 0 
