1 0 0 0 0 0 0 0 0 0 0 0 0 0 0 0 1 
0 0 0 0 0 0 0 0 0 0 0 0 0 0 0 0 0 
0 16 0 0 0 0 0 0 0 0 0 0 0 0 0 16 0 
0 0 32.8104 0 0 0 0 0 0 0 0 0 0 0 31.7987 0 0 
0 0 87.1896 95.5644 23.3471 0 0 0 7.44784 0 0 0 22.7016 96.1387 88.2013 0 0 
0 0 0 256.988 255.233 188.533 93.0003 62.2639 0 63.7773 96.7198 192.026 253.571 256.399 0 0 0 
0 0 0 207.447 741.594 692.509 691.243 618.586 773.754 628.5 711.775 689.468 741.6 207.462 0 0 0 
0 0 0 0 570.562 1675.39 1826.18 1914.13 1592.2 1930.84 1841.49 1660.05 576.895 0 0 0 0 
0 0 0 0 229.264 1237.98 2938.18 3673.09 4359.96 3675.59 2901.99 1249.42 225.232 0 0 0 0 
0 0 0 0 0 444.409 1566.49 3150.14 3263.29 3131.53 1557.48 449.16 0 0 0 0 0 
0 0 0 0 0 129.185 774.719 1398.62 2115.36 1376.63 776.466 127.872 0 0 0 0 0 
0 0 0 0 0 0 62.5794 514.128 570.666 517.554 65.4332 0 0 0 0 0 0 
0 0 0 0 0 0 55.6057 93.0864 121.525 98.8257 56.6499 0 0 0 0 0 0 
0 0 0 0 0 0 0 0 63.795 0 0 0 0 0 0 0 0 
0 0 0 0 0 0 0 15.9571 0 16.7563 0 0 0 0 0 0 0 
0 0 0 0 0 0 0 0 0 0 0 0 0 0 0 0 0 
0 0 0 0 0 0 0 0 1.99835 0 0 0 0 0 0 0 0 
