1 0 0 0 0 0 0 0 0 0 0 0 0 0 0 0 1 
0 0 0 0 0 0 0 0 0 0 0 0 0 0 0 0 0 
0 16 0 0 0 0 0 0 0 0 0 0 0 0 0 16 0 
0 0 32.9639 0 0 0 0 0 0 0 0 0 0 0 32.2597 0 0 
0 0 87.0361 96.2151 24.3111 0 0 0 7.57186 0 0 0 24.6268 96.9804 87.7403 0 0 
0 0 0 255.695 256.081 191.59 94.8109 63.2809 0 61.5286 98.1358 197.62 265.073 256.443 0 0 0 
0 0 0 208.089 728.986 686.89 701.293 621.389 780.266 631.778 711.454 689.984 734.967 206.577 0 0 0 
0 0 0 0 581.233 1676.24 1834.97 1916.46 1604.17 1920.56 1805.56 1661.92 565.426 0 0 0 0 
0 0 0 0 229.389 1248.98 2922.64 3723.08 4374.31 3689.52 2938.49 1235.36 229.907 0 0 0 0 
0 0 0 0 0 439.2 1570.09 3107.11 3245.15 3134.95 1564.9 452.534 0 0 0 0 0 
0 0 0 0 0 125.105 767.13 1384.8 2091.15 1389.58 768.63 130.578 0 0 0 0 0 
0 0 0 0 0 0 63.2875 513.862 579.956 501.77 63.7666 0 0 0 0 0 0 
0 0 0 0 0 0 53.7789 94.3458 122.087 94.4666 57.0727 0 0 0 0 0 0 
0 0 0 0 0 0 0 0 63.37 0 0 0 0 0 0 0 0 
0 0 0 0 0 0 0 15.6635 0 15.8412 0 0 0 0 0 0 0 
0 0 0 0 0 0 0 0 0 0 0 0 0 0 0 0 0 
0 0 0 0 0 0 0 0 1.9655 0 0 0 0 0 0 0 0 
