1 0 0 0 0 0 0 0 0 0 0 0 0 0 0 0 1 
0 0 0 0 0 0 0 0 0 0 0 0 0 0 0 0 0 
0 16 0 0 0 0 0 0 0 0 0 0 0 0 0 16 0 
0 0 32.0437 0 0 0 0 0 0 0 0 0 0 0 32.1267 0 0 
0 0 87.9563 95.8194 23.9913 0 0 0 7.95641 0 0 0 23.8969 95.8122 87.8733 0 0 
0 0 0 256.176 255.582 192.17 95.454 63.51 0 63.8822 95.7773 192.13 256.223 255.873 0 0 0 
0 0 0 208.005 736.489 686.532 702.842 624.304 767.859 625.463 704.66 687.989 735.949 208.315 0 0 0 
0 0 0 0 574.754 1665.37 1827.03 1915.52 1599.84 1921.44 1824.78 1662.99 575.52 0 0 0 0 
0 0 0 0 229.184 1247.72 2930.8 3688.55 4354.78 3680.36 2924.86 1249.44 228.411 0 0 0 0 
0 0 0 0 0 448.218 1565.29 3136.12 3266.74 3136.15 1570.57 447.662 0 0 0 0 0 
0 0 0 0 0 127.992 767.156 1390.43 2112.51 1391.58 768.097 127.798 0 0 0 0 0 
0 0 0 0 0 0 63.639 510.421 574.961 510.064 63.5351 0 0 0 0 0 0 
0 0 0 0 0 0 55.7958 95.1259 119.836 95.1898 55.7149 0 0 0 0 0 0 
0 0 0 0 0 0 0 0 63.5278 0 0 0 0 0 0 0 0 
0 0 0 0 0 0 0 16.0212 0 15.8692 0 0 0 0 0 0 0 
0 0 0 0 0 0 0 0 0 0 0 0 0 0 0 0 0 
0 0 0 0 0 0 0 0 1.99247 0 0 0 0 0 0 0 0 
