1 0 0 0 0 0 0 0 0 0 0 0 0 0 0 0 1 
0 0 0 0 0 0 0 0 0 0 0 0 0 0 0 0 0 
0 16 0 0 0 0 0 0 0 0 0 0 0 0 0 16 0 
0 0 32.0594 0 0 0 0 0 0 0 0 0 0 0 32.0171 0 0 
0 0 87.9406 96.5595 24.0502 0 0 0 8.03437 0 0 0 24.1044 95.9522 87.9829 0 0 
0 0 0 256.023 255.604 192.568 95.901 63.9231 0 64.2151 96.1894 192.041 256.274 255.873 0 0 0 
0 0 0 207.417 736.112 687.182 703.131 622.802 770.821 624.875 704.71 689.324 735.509 208.174 0 0 0 
0 0 0 0 576.564 1662.79 1820.64 1917.57 1600.44 1922.08 1823.39 1662.95 575.373 0 0 0 0 
0 0 0 0 227.67 1249.27 2937.26 3688.57 4361.71 3682.99 2926.37 1247.7 228.739 0 0 0 0 
0 0 0 0 0 448.343 1563.79 3133.59 3256.66 3132.15 1569.04 447.838 0 0 0 0 0 
0 0 0 0 0 127.846 767.465 1391.91 2111.04 1390.85 768.453 128.143 0 0 0 0 0 
0 0 0 0 0 0 63.9734 509.791 575.275 510.9 63.9351 0 0 0 0 0 0 
0 0 0 0 0 0 55.8359 95.9094 120.374 96.0777 55.916 0 0 0 0 0 0 
0 0 0 0 0 0 0 0 63.6704 0 0 0 0 0 0 0 0 
0 0 0 0 0 0 0 15.9428 0 15.8599 0 0 0 0 0 0 0 
0 0 0 0 0 0 0 0 0 0 0 0 0 0 0 0 0 
0 0 0 0 0 0 0 0 1.97683 0 0 0 0 0 0 0 0 
