1 0 0 0 0 0 0 0 0 0 0 0 0 0 0 0 1 
0 0 0 0 0 0 0 0 0 0 0 0 0 0 0 0 0 
0 16 0 0 0 0 0 0 0 0 0 0 0 0 0 16 0 
0 0 32.0253 0 0 0 0 0 0 0 0 0 0 0 32.0902 0 0 
0 0 87.9747 95.9067 23.9924 0 0 0 8.06509 0 0 0 24.0908 96.5461 87.9098 0 0 
0 0 0 256.383 255.269 191.644 95.9088 64.0002 0 64.2905 96.3995 192.495 256.132 256.021 0 0 0 
0 0 0 207.711 737.452 688.718 703.626 622.549 768.241 623.765 703.079 688.679 735.867 207.433 0 0 0 
0 0 0 0 575.971 1663.52 1823.98 1917.96 1599.2 1921.47 1827.07 1662.03 575.905 0 0 0 0 
0 0 0 0 227.316 1248.96 2925.86 3681.24 4358.2 3680.12 2925.24 1249.04 228.005 0 0 0 0 
0 0 0 0 0 447.222 1570.27 3139.06 3265.87 3136.87 1567.36 447.72 0 0 0 0 0 
0 0 0 0 0 127.938 768.16 1390.84 2107.6 1389.43 768.625 128.036 0 0 0 0 0 
0 0 0 0 0 0 64.2342 512.414 576.539 512.132 63.9365 0 0 0 0 0 0 
0 0 0 0 0 0 55.9533 95.8882 120.413 95.8664 56.2841 0 0 0 0 0 0 
0 0 0 0 0 0 0 0 63.8537 0 0 0 0 0 0 0 0 
0 0 0 0 0 0 0 16.037 0 16.0498 0 0 0 0 0 0 0 
0 0 0 0 0 0 0 0 0 0 0 0 0 0 0 0 0 
0 0 0 0 0 0 0 0 2.02025 0 0 0 0 0 0 0 0 
