1 0 0 0 0 0 0 0 0 0 0 0 0 0 0 0 1 
0 0 0 0 0 0 0 0 0 0 0 0 0 0 0 0 0 
0 16 0 0 0 0 0 0 0 0 0 0 0 0 0 16 0 
0 0 31.9258 0 0 0 0 0 0 0 0 0 0 0 31.9221 0 0 
0 0 88.0742 96.0812 23.9932 0 0 0 7.91007 0 0 0 23.847 95.9664 88.0779 0 0 
0 0 0 256.26 255.938 192.204 96.0157 64.1105 0 63.4211 95.6029 191.773 255.659 255.995 0 0 0 
0 0 0 207.658 736.194 688.973 704.503 624.186 766.491 624.706 706.275 689.318 735.135 208.039 0 0 0 
0 0 0 0 576.722 1665.63 1823.73 1918.44 1598.88 1922.48 1826.11 1661.85 577.01 0 0 0 0 
0 0 0 0 227.152 1245.17 2927.51 3682.78 4361.32 3682.49 2923.13 1248.99 228.349 0 0 0 0 
0 0 0 0 0 448.512 1567.65 3132.63 3259.59 3130.05 1565.87 448.353 0 0 0 0 0 
0 0 0 0 0 127.511 768.511 1393.86 2114.34 1391.77 770.736 127.711 0 0 0 0 0 
0 0 0 0 0 0 63.9272 512.233 575.187 512.911 64.4021 0 0 0 0 0 0 
0 0 0 0 0 0 56.1568 95.7689 120.077 96.2001 55.872 0 0 0 0 0 0 
0 0 0 0 0 0 0 0 64.1972 0 0 0 0 0 0 0 0 
0 0 0 0 0 0 0 15.9959 0 15.9662 0 0 0 0 0 0 0 
0 0 0 0 0 0 0 0 0 0 0 0 0 0 0 0 0 
0 0 0 0 0 0 0 0 2.00494 0 0 0 0 0 0 0 0 
