1 0 0 0 0 0 0 0 0 0 0 0 0 0 0 0 1 
0 0 0 0 0 0 0 0 0 0 0 0 0 0 0 0 0 
0 16 0 0 0 0 0 0 0 0 0 0 0 0 0 16 0 
0 0 31.9401 0 0 0 0 0 0 0 0 0 0 0 31.9683 0 0 
0 0 88.0599 95.768 24.0278 0 0 0 7.96047 0 0 0 24.1362 95.7354 88.0317 0 0 
0 0 0 254.992 254.312 190.78 95.2116 63.7346 0 63.8064 95.5149 191.629 255.56 255.859 0 0 0 
0 0 0 209.24 734.834 687.324 704.933 622.991 766.857 622.606 704.043 688.272 736.943 208.405 0 0 0 
0 0 0 0 578.102 1660.91 1820.19 1920.99 1600.25 1920.8 1824.18 1665.75 575.032 0 0 0 0 
0 0 0 0 228.724 1252.02 2932.56 3682.5 4353.85 3673.26 2927.39 1246.98 228.329 0 0 0 0 
0 0 0 0 0 448.608 1568.55 3133.14 3264.84 3139.07 1571.94 447.375 0 0 0 0 0 
0 0 0 0 0 128.36 766.475 1391.47 2113.53 1396.33 765.082 127.994 0 0 0 0 0 
0 0 0 0 0 0 64.0888 513.373 577.101 512.307 64.0318 0 0 0 0 0 0 
0 0 0 0 0 0 55.9888 95.7686 119.605 95.7648 55.8088 0 0 0 0 0 0 
0 0 0 0 0 0 0 0 63.9868 0 0 0 0 0 0 0 0 
0 0 0 0 0 0 0 16.0324 0 16.0402 0 0 0 0 0 0 0 
0 0 0 0 0 0 0 0 0 0 0 0 0 0 0 0 0 
0 0 0 0 0 0 0 0 2.01886 0 0 0 0 0 0 0 0 
