1 0 0 0 0 0 0 0 0 0 0 0 0 0 0 0 1 
0 0 0 0 0 0 0 0 0 0 0 0 0 0 0 0 0 
0 16 0 0 0 0 0 0 0 0 0 0 0 0 0 16 0 
0 0 32.0338 0 0 0 0 0 0 0 0 0 0 0 32.0196 0 0 
0 0 87.9662 95.9943 24.1298 0 0 0 7.97009 0 0 0 24.2809 96.2407 87.9804 0 0 
0 0 0 255.781 256.132 191.96 95.6441 63.8504 0 63.7574 95.8267 192.096 256.342 255.991 0 0 0 
0 0 0 208.224 736.047 688.079 703.154 623.009 768.887 625.625 705.618 687.961 735.543 207.769 0 0 0 
0 0 0 0 575.355 1664.03 1823.98 1920.52 1594.85 1925.63 1828.15 1667.56 576.105 0 0 0 0 
0 0 0 0 228.336 1247.17 2928.84 3680.52 4365.26 3679.92 2924.56 1244.84 227.729 0 0 0 0 
0 0 0 0 0 448.727 1566.76 3135.48 3259.74 3131.46 1566.33 447.172 0 0 0 0 0 
0 0 0 0 0 128.03 769.758 1391.67 2111.14 1390.02 767.276 128.377 0 0 0 0 0 
0 0 0 0 0 0 64.036 512.659 575.793 511.36 64.062 0 0 0 0 0 0 
0 0 0 0 0 0 55.8226 96.2692 120.276 96.2065 56.1871 0 0 0 0 0 0 
0 0 0 0 0 0 0 0 64.0777 0 0 0 0 0 0 0 0 
0 0 0 0 0 0 0 16.0231 0 16.0222 0 0 0 0 0 0 0 
0 0 0 0 0 0 0 0 0 0 0 0 0 0 0 0 0 
0 0 0 0 0 0 0 0 2 0 0 0 0 0 0 0 0 
