1 0 0 0 0 0 0 0 0 0 0 0 0 0 0 0 1 
0 0 0 0 0 0 0 0 0 0 0 0 0 0 0 0 0 
0 16 0 0 0 0 0 0 0 0 0 0 0 0 0 16 0 
0 0 31.9687 0 0 0 0 0 0 0 0 0 0 0 31.8869 0 0 
0 0 88.0313 95.8732 23.8593 0 0 0 8.0669 0 0 0 23.8995 95.7302 88.1131 0 0 
0 0 0 255.798 256.47 192.321 95.5256 63.8165 0 64.2025 96.1053 191.857 257.368 256.111 0 0 0 
0 0 0 208.329 737.812 689.615 704.982 624.483 767.967 622.352 703.032 689.742 735.532 208.158 0 0 0 
0 0 0 0 574.158 1665.44 1826.92 1918.12 1595.68 1920.23 1823.44 1663.75 575.216 0 0 0 0 
0 0 0 0 227.701 1245.76 2924.82 3687.53 4361.5 3677.24 2928.93 1245.69 227.985 0 0 0 0 
0 0 0 0 0 446.865 1569.26 3131.18 3265.44 3138.52 1569.13 449.111 0 0 0 0 0 
0 0 0 0 0 128.004 766.852 1391.44 2109.4 1394.55 767.762 127.849 0 0 0 0 0 
0 0 0 0 0 0 63.8744 511.699 576.016 511.26 63.8223 0 0 0 0 0 0 
0 0 0 0 0 0 55.7599 95.8532 119.988 95.6972 55.7716 0 0 0 0 0 0 
0 0 0 0 0 0 0 0 63.964 0 0 0 0 0 0 0 0 
0 0 0 0 0 0 0 15.887 0 15.9511 0 0 0 0 0 0 0 
0 0 0 0 0 0 0 0 0 0 0 0 0 0 0 0 0 
0 0 0 0 0 0 0 0 1.98269 0 0 0 0 0 0 0 0 
