1 0 0 0 0 0 0 0 0 0 0 0 0 0 0 0 1 
0 0 0 0 0 0 0 0 0 0 0 0 0 0 0 0 0 
0 16 0 0 0 0 0 0 0 0 0 0 0 0 0 16 0 
0 0 32.0484 0 0 0 0 0 0 0 0 0 0 0 31.9718 0 0 
0 0 87.9516 95.8977 23.9084 0 0 0 7.9531 0 0 0 23.9896 96.1712 88.0282 0 0 
0 0 0 256.026 255.895 191.562 95.154 63.4354 0 64.1163 95.9086 191.958 256.098 255.893 0 0 0 
0 0 0 208.076 735.176 687.172 702.348 621.505 766.701 625.985 706.048 688.88 736.717 207.936 0 0 0 
0 0 0 0 576.243 1663.4 1824.09 1919.41 1599.27 1922.04 1827.78 1664.55 575.734 0 0 0 0 
0 0 0 0 228.778 1250.05 2929.51 3674.44 4345.66 3675.1 2922.8 1246.2 227.461 0 0 0 0 
0 0 0 0 0 447.133 1568.42 3136.93 3268.82 3129.19 1567.15 448.256 0 0 0 0 0 
0 0 0 0 0 128.69 768.271 1396.02 2117.72 1397.6 767.579 128.16 0 0 0 0 0 
0 0 0 0 0 0 63.7643 516.129 576.681 513.168 64.629 0 0 0 0 0 0 
0 0 0 0 0 0 56.4297 96.0227 121.13 96.7734 56.0986 0 0 0 0 0 0 
0 0 0 0 0 0 0 0 64.0477 0 0 0 0 0 0 0 0 
0 0 0 0 0 0 0 16.1155 0 16.0288 0 0 0 0 0 0 0 
0 0 0 0 0 0 0 0 0 0 0 0 0 0 0 0 0 
0 0 0 0 0 0 0 0 2.01726 0 0 0 0 0 0 0 0 
