1 0 0 0 0 0 0 0 0 0 0 0 0 0 0 0 1 
0 0 0 0 0 0 0 0 0 0 0 0 0 0 0 0 0 
0 16 0 0 0 0 0 0 0 0 0 0 0 0 0 16 0 
0 0 31.9837 0 0 0 0 0 0 0 0 0 0 0 31.9314 0 0 
0 0 88.0163 96.0018 23.8827 0 0 0 7.90707 0 0 0 23.9387 95.8154 88.0686 0 0 
0 0 0 256.841 256.759 191.981 95.9313 63.8503 0 63.8654 95.5419 191.224 255.86 256.292 0 0 0 
0 0 0 207.157 737.408 688.972 702.958 622.604 765.136 623.365 703.881 690.071 737.492 207.893 0 0 0 
0 0 0 0 574.768 1664.28 1819.28 1915.22 1596.93 1921.64 1830.18 1663.09 575.882 0 0 0 0 
0 0 0 0 227.182 1248.25 2932.16 3684.51 4369.52 3683.84 2926.78 1249.96 226.828 0 0 0 0 
0 0 0 0 0 446.812 1569.17 3140.4 3260.78 3136.17 1566.41 446.806 0 0 0 0 0 
0 0 0 0 0 127.705 768.461 1390.58 2107.32 1388 765.299 126.845 0 0 0 0 0 
0 0 0 0 0 0 64.1688 510.504 576.625 510.905 64.1635 0 0 0 0 0 0 
0 0 0 0 0 0 55.8725 96.3556 119.802 96.2631 55.7373 0 0 0 0 0 0 
0 0 0 0 0 0 0 0 63.9883 0 0 0 0 0 0 0 0 
0 0 0 0 0 0 0 15.9818 0 15.9537 0 0 0 0 0 0 0 
0 0 0 0 0 0 0 0 0 0 0 0 0 0 0 0 0 
0 0 0 0 0 0 0 0 1.98687 0 0 0 0 0 0 0 0 
