1 0 0 0 0 0 0 0 0 0 0 0 0 0 0 0 1 
0 0 0 0 0 0 0 0 0 0 0 0 0 0 0 0 0 
0 16 0 0 0 0 0 0 0 0 0 0 0 0 0 16 0 
0 0 32.1675 0 0 0 0 0 0 0 0 0 0 0 31.8583 0 0 
0 0 87.8325 96.0901 24.1194 0 0 0 8.0868 0 0 0 24.116 96.0571 88.1417 0 0 
0 0 0 256.272 255.718 193.209 96.6943 64.701 0 64.3897 96.0731 192.28 256.517 256.583 0 0 0 
0 0 0 207.638 736.277 689.106 704.443 623.519 769.681 625.153 704.634 688.471 737.159 207.36 0 0 0 
0 0 0 0 576.606 1664.79 1824.3 1916.21 1599.44 1917.95 1824.6 1665.14 574.877 0 0 0 0 
0 0 0 0 227.279 1246.93 2934.58 3682.49 4354.24 3682.75 2931.35 1246.56 227.332 0 0 0 0 
0 0 0 0 0 446.865 1562.17 3137.81 3268.5 3142.81 1567.22 447.758 0 0 0 0 0 
0 0 0 0 0 127.095 766.367 1393.92 2108.8 1384.53 764.839 127.791 0 0 0 0 0 
0 0 0 0 0 0 63.743 509.435 575.848 510.729 63.6645 0 0 0 0 0 0 
0 0 0 0 0 0 55.7041 96.0207 119.469 95.7747 55.6189 0 0 0 0 0 0 
0 0 0 0 0 0 0 0 63.9507 0 0 0 0 0 0 0 0 
0 0 0 0 0 0 0 15.8927 0 15.9213 0 0 0 0 0 0 0 
0 0 0 0 0 0 0 0 0 0 0 0 0 0 0 0 0 
0 0 0 0 0 0 0 0 1.98968 0 0 0 0 0 0 0 0 
