1 0 0 0 0 0 0 0 0 0 0 0 0 0 0 0 1 
0 0 0 0 0 0 0 0 0 0 0 0 0 0 0 0 0 
0 16 0 0 0 0 0 0 0 0 0 0 0 0 0 16 0 
0 0 31.8791 0 0 0 0 0 0 0 0 0 0 0 32.1107 0 0 
0 0 88.1209 95.7729 23.8643 0 0 0 8.07906 0 0 0 23.8662 95.7842 87.8893 0 0 
0 0 0 255.601 256.225 191.92 96.295 64.4852 0 64.1772 96.093 191.829 254.988 255.959 0 0 0 
0 0 0 208.626 735.605 687.891 705.518 623.935 770.605 626.285 705.382 688.46 735.576 208.257 0 0 0 
0 0 0 0 576.009 1663.53 1822.96 1923.21 1599.82 1919.75 1823.55 1663.39 577.623 0 0 0 0 
0 0 0 0 228.297 1247.58 2930.6 3677.43 4357.43 3679.65 2931.82 1249.22 227.947 0 0 0 0 
0 0 0 0 0 448.679 1564.32 3141.37 3264.57 3140.38 1566.32 447.61 0 0 0 0 0 
0 0 0 0 0 128.392 768.13 1386.43 2110.8 1388.63 765.128 127.49 0 0 0 0 0 
0 0 0 0 0 0 64.103 511.344 573.553 509.762 63.8638 0 0 0 0 0 0 
0 0 0 0 0 0 56.0773 95.9238 119.272 95.4024 55.834 0 0 0 0 0 0 
0 0 0 0 0 0 0 0 63.8898 0 0 0 0 0 0 0 0 
0 0 0 0 0 0 0 15.8632 0 15.9759 0 0 0 0 0 0 0 
0 0 0 0 0 0 0 0 0 0 0 0 0 0 0 0 0 
0 0 0 0 0 0 0 0 1.99675 0 0 0 0 0 0 0 0 
