1 0 0 0 0 0 0 0 0 0 0 0 0 0 0 0 1 
0 0 0 0 0 0 0 0 0 0 0 0 0 0 0 0 0 
0 16 0 0 0 0 0 0 0 0 0 0 0 0 0 16 0 
0 0 31.7454 0 0 0 0 0 0 0 0 0 0 0 31.9954 0 0 
0 0 88.2546 95.3908 23.8918 0 0 0 8.08379 0 0 0 24.0359 95.9744 88.0046 0 0 
0 0 0 256.283 255.835 192.424 96.7499 64.7203 0 64.6065 96.59 191.981 255.727 256.369 0 0 0 
0 0 0 208.326 735.685 688.054 704.138 624.22 769.387 626.746 704.879 686.252 736.593 207.656 0 0 0 
0 0 0 0 576.77 1659.34 1820.13 1920.41 1602.3 1919.2 1822.42 1665.41 576.128 0 0 0 0 
0 0 0 0 227.818 1251.89 2928.24 3683.09 4352.89 3675.15 2927.74 1248.85 227.516 0 0 0 0 
0 0 0 0 0 448.553 1570.68 3133.33 3265.48 3138.4 1568.45 448.281 0 0 0 0 0 
0 0 0 0 0 127.74 768.192 1390.38 2109.19 1392.61 767.89 127.226 0 0 0 0 0 
0 0 0 0 0 0 63.8899 512.156 576.927 511.516 64.2042 0 0 0 0 0 0 
0 0 0 0 0 0 55.9891 95.6387 120.023 95.8242 55.8184 0 0 0 0 0 0 
0 0 0 0 0 0 0 0 63.7174 0 0 0 0 0 0 0 0 
0 0 0 0 0 0 0 16.0461 0 15.9616 0 0 0 0 0 0 0 
0 0 0 0 0 0 0 0 0 0 0 0 0 0 0 0 0 
0 0 0 0 0 0 0 0 2.00322 0 0 0 0 0 0 0 0 
