1 0 0 0 0 0 0 0 0 0 0 0 0 0 0 0 1 
0 0 0 0 0 0 0 0 0 0 0 0 0 0 0 0 0 
0 16 0 0 0 0 0 0 0 0 0 0 0 0 0 16 0 
0 0 32.0293 0 0 0 0 0 0 0 0 0 0 0 32.1614 0 0 
0 0 87.9707 95.805 23.9164 0 0 0 8.0855 0 0 0 24.1253 96.1107 87.8386 0 0 
0 0 0 255.604 256.255 191.999 95.6606 63.6643 0 64.3088 96.3552 192.239 256.224 256.172 0 0 0 
0 0 0 208.591 735.127 688.372 704.243 625.09 768.719 624.293 703.392 688.145 736.71 207.717 0 0 0 
0 0 0 0 576.111 1664.56 1823.79 1916.89 1595.79 1915.82 1825.63 1667.11 575.418 0 0 0 0 
0 0 0 0 228.591 1246.74 2935.36 3682.4 4356.26 3679.73 2928.17 1246.36 227.523 0 0 0 0 
0 0 0 0 0 448.056 1560.92 3137.66 3266.61 3140.98 1570.96 446.895 0 0 0 0 0 
0 0 0 0 0 128.271 767.65 1393.02 2114.4 1392.18 763.783 127.252 0 0 0 0 0 
0 0 0 0 0 0 64.1286 508.967 574.472 511.006 63.7184 0 0 0 0 0 0 
0 0 0 0 0 0 56.2446 96.1938 119.839 95.661 55.989 0 0 0 0 0 0 
0 0 0 0 0 0 0 0 63.811 0 0 0 0 0 0 0 0 
0 0 0 0 0 0 0 16.1037 0 16.0243 0 0 0 0 0 0 0 
0 0 0 0 0 0 0 0 0 0 0 0 0 0 0 0 0 
0 0 0 0 0 0 0 0 2.00496 0 0 0 0 0 0 0 0 
