1 0 0 0 0 0 0 0 0 0 0 0 0 0 0 0 1 
0 0 0 0 0 0 0 0 0 0 0 0 0 0 0 0 0 
0 16 0 0 0 0 0 0 0 0 0 0 0 0 0 16 0 
0 0 32.0036 0 0 0 0 0 0 0 0 0 0 0 31.9968 0 0 
0 0 87.9964 95.7874 23.6636 0 0 0 8.06303 0 0 0 24.1232 95.965 88.0032 0 0 
0 0 0 255.636 255.256 191.096 95.4792 64.0054 0 64.201 96.6678 192.585 256.838 255.732 0 0 0 
0 0 0 208.577 735.939 686.001 701.978 620.595 765.451 623.397 707.119 691.162 736.312 208.303 0 0 0 
0 0 0 0 576.076 1666.07 1822.84 1919.2 1602.69 1919.91 1822.73 1659.89 574.897 0 0 0 0 
0 0 0 0 229.064 1247.53 2934.48 3688.89 4357.49 3674.36 2922.44 1247.43 227.83 0 0 0 0 
0 0 0 0 0 448.897 1565.94 3133.42 3263.13 3141.81 1567.95 448.895 0 0 0 0 0 
0 0 0 0 0 128.411 767.188 1388.82 2111.85 1390.47 770.851 128.041 0 0 0 0 0 
0 0 0 0 0 0 64.0755 512.825 574.648 513.571 64.139 0 0 0 0 0 0 
0 0 0 0 0 0 56.0195 96.2562 120.3 96.2623 56.1015 0 0 0 0 0 0 
0 0 0 0 0 0 0 0 64.3892 0 0 0 0 0 0 0 0 
0 0 0 0 0 0 0 15.9973 0 16.0152 0 0 0 0 0 0 0 
0 0 0 0 0 0 0 0 0 0 0 0 0 0 0 0 0 
0 0 0 0 0 0 0 0 1.99478 0 0 0 0 0 0 0 0 
