1 0 0 0 0 0 0 0 0 0 0 0 0 0 0 0 1 
0 0 0 0 0 0 0 0 0 0 0 0 0 0 0 0 0 
0 16 0 0 0 0 0 0 0 0 0 0 0 0 0 16 0 
0 0 31.8868 0 0 0 0 0 0 0 0 0 0 0 32.1393 0 0 
0 0 88.1132 95.8729 23.9918 0 0 0 8.02839 0 0 0 24.0995 96.2561 87.8607 0 0 
0 0 0 255.496 255.348 191.313 95.9008 63.8968 0 63.9017 95.5905 192.395 256.288 255.533 0 0 0 
0 0 0 208.631 736.471 685.416 703.324 624.89 766.572 622.538 703.889 689.678 736.845 208.211 0 0 0 
0 0 0 0 576.307 1667.55 1824.64 1919.48 1595.97 1920.05 1826.83 1664.75 575.222 0 0 0 0 
0 0 0 0 227.883 1249.18 2928.46 3678.88 4360 3678.76 2928.92 1246.91 227.545 0 0 0 0 
0 0 0 0 0 446.89 1568.65 3139.28 3268.63 3141.7 1567.32 447.064 0 0 0 0 0 
0 0 0 0 0 127.653 767.296 1391.4 2110.36 1391.84 766.076 127.205 0 0 0 0 0 
0 0 0 0 0 0 63.7932 510.414 574.963 509.591 63.6957 0 0 0 0 0 0 
0 0 0 0 0 0 55.9336 95.7517 119.671 95.8135 55.6725 0 0 0 0 0 0 
0 0 0 0 0 0 0 0 63.8183 0 0 0 0 0 0 0 0 
0 0 0 0 0 0 0 16.0078 0 15.8054 0 0 0 0 0 0 0 
0 0 0 0 0 0 0 0 0 0 0 0 0 0 0 0 0 
0 0 0 0 0 0 0 0 1.9892 0 0 0 0 0 0 0 0 
