1 0 0 0 0 0 0 0 0 0 0 0 0 0 0 0 1 
0 0 0 0 0 0 0 0 0 0 0 0 0 0 0 0 0 
0 16 0 0 0 0 0 0 0 0 0 0 0 0 0 16 0 
0 0 32.0167 0 0 0 0 0 0 0 0 0 0 0 32.0267 0 0 
0 0 87.9833 95.7369 24.0027 0 0 0 8.04253 0 0 0 24.0861 96.1798 87.9733 0 0 
0 0 0 255.875 256.122 192.033 95.6318 64.2774 0 64.2763 96.2041 191.71 255.789 256.398 0 0 0 
0 0 0 208.388 735.204 687.859 703.939 625.409 768.703 624.055 705.074 689.919 737.23 207.423 0 0 0 
0 0 0 0 575.679 1664.63 1824.7 1925.45 1606.68 1922.84 1824.79 1666.39 575.498 0 0 0 0 
0 0 0 0 228.993 1246.71 2922.75 3680.51 4357.64 3682.12 2931.68 1244.64 227.397 0 0 0 0 
0 0 0 0 0 448.157 1570.55 3127.35 3257.74 3134.31 1563.45 447.686 0 0 0 0 0 
0 0 0 0 0 128.605 770.345 1391.33 2110.58 1389.82 767.398 127.659 0 0 0 0 0 
0 0 0 0 0 0 63.9681 513.61 574.669 510.629 63.6302 0 0 0 0 0 0 
0 0 0 0 0 0 56.121 96.0251 119.697 95.9441 55.7722 0 0 0 0 0 0 
0 0 0 0 0 0 0 0 64.2478 0 0 0 0 0 0 0 0 
0 0 0 0 0 0 0 16.0308 0 16.0089 0 0 0 0 0 0 0 
0 0 0 0 0 0 0 0 0 0 0 0 0 0 0 0 0 
0 0 0 0 0 0 0 0 2.01298 0 0 0 0 0 0 0 0 
