1 0 0 0 0 0 0 0 0 0 0 0 0 0 0 0 1 
0 0 0 0 0 0 0 0 0 0 0 0 0 0 0 0 0 
0 16 0 0 0 0 0 0 0 0 0 0 0 0 0 16 0 
0 0 32.1332 0 0 0 0 0 0 0 0 0 0 0 32.0126 0 0 
0 0 87.8668 95.943 23.7244 0 0 0 8.0449 0 0 0 23.8537 96.5142 87.9874 0 0 
0 0 0 255.669 256.119 191.673 96.0013 64.3552 0 64.225 96.0255 192.391 256.951 255.569 0 0 0 
0 0 0 208.388 735.23 688.463 705.498 623.886 768.982 625.546 705.83 692.114 737.795 207.917 0 0 0 
0 0 0 0 576.684 1663.59 1824.53 1925.36 1603.95 1922.11 1822.19 1664.38 574.399 0 0 0 0 
0 0 0 0 228.242 1248.63 2926.23 3669.84 4340.18 3672.26 2926.8 1245.91 227.001 0 0 0 0 
0 0 0 0 0 447.45 1567.54 3140.07 3268.85 3135.99 1570.75 446.895 0 0 0 0 0 
0 0 0 0 0 128.194 768.277 1391.72 2114 1394.17 767.211 126.309 0 0 0 0 0 
0 0 0 0 0 0 63.9964 512.99 579.9 514.21 63.5651 0 0 0 0 0 0 
0 0 0 0 0 0 55.9216 95.8024 120.29 95.5046 55.6262 0 0 0 0 0 0 
0 0 0 0 0 0 0 0 63.7884 0 0 0 0 0 0 0 0 
0 0 0 0 0 0 0 15.9864 0 15.9817 0 0 0 0 0 0 0 
0 0 0 0 0 0 0 0 0 0 0 0 0 0 0 0 0 
0 0 0 0 0 0 0 0 2.01386 0 0 0 0 0 0 0 0 
