1 0 0 0 0 0 0 0 0 0 0 0 0 0 0 0 1 
0 0 0 0 0 0 0 0 0 0 0 0 0 0 0 0 0 
0 16 0 0 0 0 0 0 0 0 0 0 0 0 0 16 0 
0 0 32.0359 0 0 0 0 0 0 0 0 0 0 0 31.9566 0 0 
0 0 87.9641 95.8272 23.8042 0 0 0 8.06459 0 0 0 23.9869 95.756 88.0434 0 0 
0 0 0 255.789 255.555 191.885 96.3258 64.1549 0 63.8824 96.0199 192.161 256.256 256.161 0 0 0 
0 0 0 208.384 735.942 688.175 705.856 624.134 768.431 623.879 704.453 687.668 734.461 208.083 0 0 0 
0 0 0 0 576.525 1663 1821.65 1918.72 1597.05 1916.85 1822.93 1663.44 577.361 0 0 0 0 
0 0 0 0 228.175 1247.95 2930.6 3678.4 4361.69 3680.5 2930.29 1248.81 227.935 0 0 0 0 
0 0 0 0 0 448.943 1565.25 3140.15 3259.03 3143.21 1567.09 448.111 0 0 0 0 0 
0 0 0 0 0 128.05 768.197 1390.25 2114.75 1390.66 767.43 127.811 0 0 0 0 0 
0 0 0 0 0 0 64.1299 512.18 575.082 509.269 64.0652 0 0 0 0 0 0 
0 0 0 0 0 0 55.9966 96.0725 120.271 95.781 55.7177 0 0 0 0 0 0 
0 0 0 0 0 0 0 0 63.6409 0 0 0 0 0 0 0 0 
0 0 0 0 0 0 0 15.9437 0 15.9703 0 0 0 0 0 0 0 
0 0 0 0 0 0 0 0 0 0 0 0 0 0 0 0 0 
0 0 0 0 0 0 0 0 1.98653 0 0 0 0 0 0 0 0 
