1 0 0 0 0 0 0 0 0 0 0 0 0 0 0 0 1 
0 0 0 0 0 0 0 0 0 0 0 0 0 0 0 0 0 
0 16 0 0 0 0 0 0 0 0 0 0 0 0 0 16 0 
0 0 32.0125 0 0 0 0 0 0 0 0 0 0 0 32.2128 0 0 
0 0 87.9875 96.0524 24.1709 0 0 0 8.02218 0 0 0 23.9145 95.6363 87.7872 0 0 
0 0 0 255.939 256.826 192.413 95.8207 63.9035 0 63.7669 95.5762 191.39 254.787 256.593 0 0 0 
0 0 0 208.008 735.539 687.495 703.93 623.882 766.944 621.118 702.963 686.891 736.106 207.771 0 0 0 
0 0 0 0 575.057 1662.02 1819.78 1915.03 1597.4 1921.44 1821.67 1666.85 577.785 0 0 0 0 
0 0 0 0 228.407 1248.07 2932.83 3683.67 4356.68 3681.5 2934.18 1247.55 227.407 0 0 0 0 
0 0 0 0 0 449.764 1566.48 3135.32 3263.55 3133.97 1564.99 448.239 0 0 0 0 0 
0 0 0 0 0 128.245 769.235 1394.06 2116.51 1393.64 769.064 127.077 0 0 0 0 0 
0 0 0 0 0 0 64.026 512.323 574.886 513.094 63.8881 0 0 0 0 0 0 
0 0 0 0 0 0 55.898 95.8581 120.113 95.5723 55.6695 0 0 0 0 0 0 
0 0 0 0 0 0 0 0 63.8933 0 0 0 0 0 0 0 0 
0 0 0 0 0 0 0 15.9429 0 15.9056 0 0 0 0 0 0 0 
0 0 0 0 0 0 0 0 0 0 0 0 0 0 0 0 0 
0 0 0 0 0 0 0 0 1.99782 0 0 0 0 0 0 0 0 
