1 0 0 0 0 0 0 0 0 0 0 0 0 0 0 0 1 
0 0 0 0 0 0 0 0 0 0 0 0 0 0 0 0 0 
0 16 0 0 0 0 0 0 0 0 0 0 0 0 0 16 0 
0 0 31.9998 0 0 0 0 0 0 0 0 0 0 0 32.081 0 0 
0 0 88.0002 95.8451 24.1921 0 0 0 8.05783 0 0 0 24.1476 96.1706 87.919 0 0 
0 0 0 256.334 255.45 192.146 95.9733 64.2307 0 64.3066 96.4509 192.589 256.865 256.102 0 0 0 
0 0 0 207.821 736.903 688.607 705.19 625.864 772.175 625.555 705.173 689.393 735.915 207.727 0 0 0 
0 0 0 0 575.528 1664.04 1822.6 1919.56 1597.05 1922.12 1823.44 1663.86 574.977 0 0 0 0 
0 0 0 0 227.927 1246.61 2926.4 3678.81 4353.99 3672.75 2928.41 1246.49 228.095 0 0 0 0 
0 0 0 0 0 448.387 1567.56 3134.97 3263.78 3138.7 1567.98 447.451 0 0 0 0 0 
0 0 0 0 0 128.213 769.978 1391.58 2114.83 1391.51 766.138 128.216 0 0 0 0 0 
0 0 0 0 0 0 64.1712 512.774 573.845 512.78 64.1982 0 0 0 0 0 0 
0 0 0 0 0 0 56.1362 96.1068 119.958 96.2305 56.2107 0 0 0 0 0 0 
0 0 0 0 0 0 0 0 64.2881 0 0 0 0 0 0 0 0 
0 0 0 0 0 0 0 16.1057 0 16.0522 0 0 0 0 0 0 0 
0 0 0 0 0 0 0 0 0 0 0 0 0 0 0 0 0 
0 0 0 0 0 0 0 0 2.02202 0 0 0 0 0 0 0 0 
