1 0 0 0 0 0 0 0 0 0 0 0 0 0 0 0 1 
0 0 0 0 0 0 0 0 0 0 0 0 0 0 0 0 0 
0 16 0 0 0 0 0 0 0 0 0 0 0 0 0 16 0 
0 0 31.9804 0 0 0 0 0 0 0 0 0 0 0 32.0906 0 0 
0 0 88.0196 95.4775 23.8067 0 0 0 8.02516 0 0 0 24.0301 96.1485 87.9094 0 0 
0 0 0 256.021 256.384 191.845 95.8706 64.4738 0 64.2099 95.9879 191.869 256.563 256.112 0 0 0 
0 0 0 208.502 735.177 688.4 704.034 623.654 768.372 622.345 704.761 685.03 734.414 207.74 0 0 0 
0 0 0 0 576.712 1664.14 1824.88 1919.91 1596.1 1921.4 1824.86 1666.11 577.024 0 0 0 0 
0 0 0 0 227.921 1247.6 2929.1 3686.87 4366.79 3681.82 2923.61 1248.56 227.969 0 0 0 0 
0 0 0 0 0 447.426 1566.45 3132.66 3264.28 3138.32 1569.34 448.319 0 0 0 0 0 
0 0 0 0 0 128.592 767.706 1390 2108.18 1390.35 769.416 128.11 0 0 0 0 0 
0 0 0 0 0 0 63.7635 510.539 572.685 509.755 64.2835 0 0 0 0 0 0 
0 0 0 0 0 0 56.1911 95.9259 119.856 95.8326 55.7476 0 0 0 0 0 0 
0 0 0 0 0 0 0 0 63.695 0 0 0 0 0 0 0 0 
0 0 0 0 0 0 0 15.9654 0 15.9727 0 0 0 0 0 0 0 
0 0 0 0 0 0 0 0 0 0 0 0 0 0 0 0 0 
0 0 0 0 0 0 0 0 2.01217 0 0 0 0 0 0 0 0 
