1 0 0 0 0 0 0 0 0 0 0 0 0 0 0 0 1 
0 0 0 0 0 0 0 0 0 0 0 0 0 0 0 0 0 
0 16 0 0 0 0 0 0 0 0 0 0 0 0 0 16 0 
0 0 31.9671 0 0 0 0 0 0 0 0 0 0 0 32.061 0 0 
0 0 88.0329 96.1422 24.1848 0 0 0 8.01305 0 0 0 24.0276 96.148 87.939 0 0 
0 0 0 256.168 256.035 192.118 96.0877 64.0634 0 64.0212 95.8772 190.895 255.48 256.26 0 0 0 
0 0 0 207.69 736.246 690.329 705.71 624.153 767.904 623.484 705.111 687.478 735.749 207.592 0 0 0 
0 0 0 0 575.7 1660.5 1821.14 1915.93 1599.49 1923.68 1823.92 1665.55 576.262 0 0 0 0 
0 0 0 0 227.834 1249.13 2925.78 3676.82 4360.49 3682.27 2930.09 1248.51 228.481 0 0 0 0 
0 0 0 0 0 448.449 1570.33 3138.21 3264.07 3133.18 1567.24 447.332 0 0 0 0 0 
0 0 0 0 0 127.475 769.6 1396.77 2110.58 1391.63 766.265 128.243 0 0 0 0 0 
0 0 0 0 0 0 63.5404 512.322 574.302 509.784 63.422 0 0 0 0 0 0 
0 0 0 0 0 0 55.808 95.7855 119.328 95.9518 56.0706 0 0 0 0 0 0 
0 0 0 0 0 0 0 0 63.8204 0 0 0 0 0 0 0 0 
0 0 0 0 0 0 0 15.9525 0 16.0003 0 0 0 0 0 0 0 
0 0 0 0 0 0 0 0 0 0 0 0 0 0 0 0 0 
0 0 0 0 0 0 0 0 2.00151 0 0 0 0 0 0 0 0 
