1 0 0 0 0 0 0 0 0 0 0 0 0 0 0 0 1 
0 0 0 0 0 0 0 0 0 0 0 0 0 0 0 0 0 
0 16 0 0 0 0 0 0 0 0 0 0 0 0 0 16 0 
0 0 31.7541 0 0 0 0 0 0 0 0 0 0 0 33.6495 0 0 
0 0 88.2459 98.1852 24.0213 0 0 0 8.477 0 0 0 24.1567 95.4353 86.3505 0 0 
0 0 0 252.716 266.93 191.859 101.02 64.0156 0 67.8115 105.296 191.589 245.105 254.244 0 0 0 
0 0 0 209.099 750.638 702.64 694.972 619.25 799.406 622.508 735.244 721.997 760.842 210.321 0 0 0 
0 0 0 0 556.563 1611.45 1841.75 1980.29 1661.44 1956.08 1775.89 1621.24 553.784 0 0 0 0 
0 0 0 0 221.849 1300.78 2882.05 3701.61 4303.66 3712.61 2901.4 1262.31 236.112 0 0 0 0 
0 0 0 0 0 431.942 1583.68 3049.14 3239.01 3021.6 1564.68 443.655 0 0 0 0 0 
0 0 0 0 0 129.329 778.426 1400.14 2080.29 1406.66 796.706 127.201 0 0 0 0 0 
0 0 0 0 0 0 65.8378 509.421 583.47 524.112 67.7885 0 0 0 0 0 0 
0 0 0 0 0 0 60.2607 99.171 124.733 109.962 60.9936 0 0 0 0 0 0 
0 0 0 0 0 0 0 0 67.4406 0 0 0 0 0 0 0 0 
0 0 0 0 0 0 0 16.9556 0 18.6469 0 0 0 0 0 0 0 
0 0 0 0 0 0 0 0 0 0 0 0 0 0 0 0 0 
0 0 0 0 0 0 0 0 2.07424 0 0 0 0 0 0 0 0 
