1 0 0 0 0 0 0 0 0 0 0 0 0 0 0 0 0 
0 0 0 0 0 0 0 0 0 0 0 0 0 0 0 0 0 
0 16 0 0 0 0 0 0 0 0 0 0 0 0 0 0 0 
0 0 32 0 0 0 0 0 0 0 0 0 0 0 0 0 0 
0 0 88 95.9683 23.9963 0 0 0 8.00449 0 0 0 0 0 0 0 0 
0 0 0 256.02 255.98 192.016 96.0404 64.0367 0 0 0 0 0 0 0 0 0 
0 0 0 208.012 736.028 687.972 704.373 624.081 768.062 0 0 0 0 0 0 0 0 
0 0 0 0 576.045 1664.04 1823.27 1919.78 1600 0 0 0 0 0 0 0 0 
0 0 0 0 227.95 1248.08 2927.81 3680.34 4355.79 0 0 0 0 0 0 0 0 
0 0 0 0 0 447.917 1568.13 3136.18 3264.04 0 0 0 0 0 0 0 0 
0 0 0 0 0 127.971 768.359 1391.76 2112.34 0 0 0 0 0 0 0 0 
0 0 0 0 0 0 64.0191 511.734 575.894 0 0 0 0 0 0 0 0 
0 0 0 0 0 0 55.9992 96.085 119.909 0 0 0 0 0 0 0 0 
0 0 0 0 0 0 0 0 63.9667 0 0 0 0 0 0 0 0 
0 0 0 0 0 0 0 16.0002 0 0 0 0 0 0 0 0 0 
0 0 0 0 0 0 0 0 0 0 0 0 0 0 0 0 0 
0 0 0 0 0 0 0 0 1.99972 0 0 0 0 0 0 0 0 
