1 0 0 0 0 0 0 0 0 0 0 0 0 0 0 0 0 
0 0 0 0 0 0 0 0 0 0 0 0 0 0 0 0 0 
0 16 0 0 0 0 0 0 0 0 0 0 0 0 0 0 0 
0 0 32 0 0 0 0 0 0 0 0 0 0 0 0 0 0 
0 0 88 95.987 23.9889 0 0 0 8.00849 0 0 0 0 0 0 0 0 
0 0 0 256.05 255.941 191.886 95.9905 64.0757 0 0 0 0 0 0 0 0 0 
0 0 0 207.963 736.048 687.96 704.012 623.966 768.183 0 0 0 0 0 0 0 0 
0 0 0 0 575.976 1664.17 1824.19 1920.21 1599.95 0 0 0 0 0 0 0 0 
0 0 0 0 228.046 1247.89 2927.84 3679.24 4355.67 0 0 0 0 0 0 0 0 
0 0 0 0 0 448.065 1567.66 3136.34 3264.86 0 0 0 0 0 0 0 0 
0 0 0 0 0 128.027 768.244 1392.25 2111.71 0 0 0 0 0 0 0 0 
0 0 0 0 0 0 64.0754 511.939 575.67 0 0 0 0 0 0 0 0 
0 0 0 0 0 0 55.9901 95.9884 119.972 0 0 0 0 0 0 0 0 
0 0 0 0 0 0 0 0 63.9738 0 0 0 0 0 0 0 0 
0 0 0 0 0 0 0 15.9963 0 0 0 0 0 0 0 0 0 
0 0 0 0 0 0 0 0 0 0 0 0 0 0 0 0 0 
0 0 0 0 0 0 0 0 1.99962 0 0 0 0 0 0 0 0 
