1 0 0 0 0 0 0 0 0 0 0 0 0 0 0 0 0 
0 0 0 0 0 0 0 0 0 0 0 0 0 0 0 0 0 
0 16 0 0 0 0 0 0 0 0 0 0 0 0 0 0 0 
0 0 32 0 0 0 0 0 0 0 0 0 0 0 0 0 0 
0 0 88 95.9937 24.014 0 0 0 8.00864 0 0 0 0 0 0 0 0 
0 0 0 256.013 256.057 192.012 95.9936 64.0675 0 0 0 0 0 0 0 0 0 
0 0 0 207.993 735.887 688.027 703.996 624.155 768.164 0 0 0 0 0 0 0 0 
0 0 0 0 575.914 1664.05 1824.1 1920.23 1600.2 0 0 0 0 0 0 0 0 
0 0 0 0 228.128 1247.79 2928.46 3679.67 4356.21 0 0 0 0 0 0 0 0 
0 0 0 0 0 448.099 1567.78 3136.05 3263.25 0 0 0 0 0 0 0 0 
0 0 0 0 0 128.023 767.631 1391.89 2112.44 0 0 0 0 0 0 0 0 
0 0 0 0 0 0 64.0312 511.99 575.744 0 0 0 0 0 0 0 0 
0 0 0 0 0 0 56.0035 95.949 120.002 0 0 0 0 0 0 0 0 
0 0 0 0 0 0 0 0 63.9842 0 0 0 0 0 0 0 0 
0 0 0 0 0 0 0 16.0052 0 0 0 0 0 0 0 0 0 
0 0 0 0 0 0 0 0 0 0 0 0 0 0 0 0 0 
0 0 0 0 0 0 0 0 2.00089 0 0 0 0 0 0 0 0 
