1 0 0 0 0 0 0 0 0 0 0 0 0 0 0 0 0 
0 0 0 0 0 0 0 0 0 0 0 0 0 0 0 0 0 
0 16 0 0 0 0 0 0 0 0 0 0 0 0 0 0 0 
0 0 32 0 0 0 0 0 0 0 0 0 0 0 0 0 0 
0 0 88 96.0155 24.0072 0 0 0 7.99906 0 0 0 0 0 0 0 0 
0 0 0 255.964 255.925 191.974 96.0338 63.9996 0 0 0 0 0 0 0 0 0 
0 0 0 208.02 735.99 687.909 704.237 623.872 767.869 0 0 0 0 0 0 0 0 
0 0 0 0 575.983 1663.93 1824.48 1919.69 1600.08 0 0 0 0 0 0 0 0 
0 0 0 0 228.095 1248.12 2927.04 3680.68 4355.3 0 0 0 0 0 0 0 0 
0 0 0 0 0 447.965 1568.1 3135.63 3264.56 0 0 0 0 0 0 0 0 
0 0 0 0 0 128.093 768.055 1391.76 2112.34 0 0 0 0 0 0 0 0 
0 0 0 0 0 0 64.0351 512.333 575.834 0 0 0 0 0 0 0 0 
0 0 0 0 0 0 56.0254 96.0306 120.045 0 0 0 0 0 0 0 0 
0 0 0 0 0 0 0 0 63.9679 0 0 0 0 0 0 0 0 
0 0 0 0 0 0 0 16.0029 0 0 0 0 0 0 0 0 0 
0 0 0 0 0 0 0 0 0 0 0 0 0 0 0 0 0 
0 0 0 0 0 0 0 0 1.99998 0 0 0 0 0 0 0 0 
