1 0 0 0 0 0 0 0 0 0 0 0 0 0 0 0 0 
0 0 0 0 0 0 0 0 0 0 0 0 0 0 0 0 0 
0 16 0 0 0 0 0 0 0 0 0 0 0 0 0 0 0 
0 0 32 0 0 0 0 0 0 0 0 0 0 0 0 0 0 
0 0 88 96.0119 24.0065 0 0 0 7.99461 0 0 0 0 0 0 0 0 
0 0 0 255.97 255.974 191.971 95.9428 63.9723 0 0 0 0 0 0 0 0 0 
0 0 0 208.018 735.961 687.859 703.813 623.832 768.078 0 0 0 0 0 0 0 0 
0 0 0 0 576.069 1663.96 1824.04 1919.78 1599.84 0 0 0 0 0 0 0 0 
0 0 0 0 227.99 1248.14 2928.07 3679.59 4355.73 0 0 0 0 0 0 0 0 
0 0 0 0 0 447.986 1568.02 3136.62 3263.72 0 0 0 0 0 0 0 0 
0 0 0 0 0 128.087 768.111 1391.98 2112.27 0 0 0 0 0 0 0 0 
0 0 0 0 0 0 63.9454 512.153 576.362 0 0 0 0 0 0 0 0 
0 0 0 0 0 0 56.0556 96.0459 119.993 0 0 0 0 0 0 0 0 
0 0 0 0 0 0 0 0 64.0102 0 0 0 0 0 0 0 0 
0 0 0 0 0 0 0 16.0155 0 0 0 0 0 0 0 0 0 
0 0 0 0 0 0 0 0 0 0 0 0 0 0 0 0 0 
0 0 0 0 0 0 0 0 2.00179 0 0 0 0 0 0 0 0 
