1 0 0 0 0 0 0 0 0 0 0 0 0 0 0 0 0 
0 0 0 0 0 0 0 0 0 0 0 0 0 0 0 0 0 
0 16 0 0 0 0 0 0 0 0 0 0 0 0 0 0 0 
0 0 32 0 0 0 0 0 0 0 0 0 0 0 0 0 0 
0 0 88 95.9843 23.9936 0 0 0 8.00143 0 0 0 0 0 0 0 0 
0 0 0 256.058 255.969 191.897 95.9703 63.9995 0 0 0 0 0 0 0 0 0 
0 0 0 207.958 736.094 687.998 703.894 624.17 768.287 0 0 0 0 0 0 0 0 
0 0 0 0 576.057 1664.14 1823.62 1919.96 1600.02 0 0 0 0 0 0 0 0 
0 0 0 0 227.886 1248.21 2928.54 3679.36 4355.34 0 0 0 0 0 0 0 0 
0 0 0 0 0 447.84 1567.86 3136.1 3263.43 0 0 0 0 0 0 0 0 
0 0 0 0 0 127.914 768.109 1392.21 2112.6 0 0 0 0 0 0 0 0 
0 0 0 0 0 0 64.0426 512.178 576.244 0 0 0 0 0 0 0 0 
0 0 0 0 0 0 55.9691 96.03 120.056 0 0 0 0 0 0 0 0 
0 0 0 0 0 0 0 0 64.0258 0 0 0 0 0 0 0 0 
0 0 0 0 0 0 0 15.9876 0 0 0 0 0 0 0 0 0 
0 0 0 0 0 0 0 0 0 0 0 0 0 0 0 0 0 
0 0 0 0 0 0 0 0 1.99812 0 0 0 0 0 0 0 0 
