1 0 0 0 0 0 0 0 0 0 0 0 0 0 0 0 0 
0 0 0 0 0 0 0 0 0 0 0 0 0 0 0 0 0 
0 16 0 0 0 0 0 0 0 0 0 0 0 0 0 0 0 
0 0 32 0 0 0 0 0 0 0 0 0 0 0 0 0 0 
0 0 88 95.9716 23.9956 0 0 0 7.98562 0 0 0 0 0 0 0 0 
0 0 0 256.009 256.017 192.001 95.9665 63.894 0 0 0 0 0 0 0 0 0 
0 0 0 208.02 735.851 687.861 703.769 623.722 767.747 0 0 0 0 0 0 0 0 
0 0 0 0 576.034 1664.12 1824.03 1919.98 1599.31 0 0 0 0 0 0 0 0 
0 0 0 0 228.102 1247.88 2927.85 3680.07 4356.8 0 0 0 0 0 0 0 0 
0 0 0 0 0 447.993 1568.14 3136.62 3264.01 0 0 0 0 0 0 0 0 
0 0 0 0 0 128.146 768.095 1391.4 2112.06 0 0 0 0 0 0 0 0 
0 0 0 0 0 0 64.0547 512.307 576.091 0 0 0 0 0 0 0 0 
0 0 0 0 0 0 56.0897 95.9802 119.955 0 0 0 0 0 0 0 0 
0 0 0 0 0 0 0 0 64.0306 0 0 0 0 0 0 0 0 
0 0 0 0 0 0 0 16.027 0 0 0 0 0 0 0 0 0 
0 0 0 0 0 0 0 0 0 0 0 0 0 0 0 0 0 
0 0 0 0 0 0 0 0 2.00322 0 0 0 0 0 0 0 0 
