1 0 0 0 0 0 0 0 0 0 0 0 0 0 0 0 1 
0 0 0 0 0 0 0 0 0 0 0 0 0 0 0 0 0 
0 16 0 0 0 0 0 0 0 0 0 0 0 0 0 16 0 
0 0 34.1014 0 0 0 0 0 0 0 0 0 0 0 32.2586 0 0 
0 0 85.8986 102.852 23.025 0 0 0 7.98456 0 0 0 24.5627 98.7433 87.7414 0 0 
0 0 0 245.258 268.672 198.867 101.717 69.6852 0 61.6834 101.199 195.704 252.658 247.938 0 0 0 
0 0 0 211.89 751.488 733.488 750.86 657.452 779.621 652.638 712.307 701.923 729.576 213.319 0 0 0 
0 0 0 0 541.673 1657.79 1774.59 1935.67 1609.67 1870.58 1873.48 1652.67 575.243 0 0 0 0 
0 0 0 0 235.142 1206.81 2971.89 3607.48 4290.38 3597.72 2921.6 1225.91 237.96 0 0 0 0 
0 0 0 0 0 432.619 1510.87 3135.76 3285.13 3209.26 1516.08 455.803 0 0 0 0 0 
0 0 0 0 0 138.425 772.052 1381.84 2134.29 1408.71 758.525 135.991 0 0 0 0 0 
0 0 0 0 0 0 64.7897 528.407 577.671 519.504 68.0002 0 0 0 0 0 0 
0 0 0 0 0 0 61.2369 106.153 120.467 103.174 56.8163 0 0 0 0 0 0 
0 0 0 0 0 0 0 0 62.7651 0 0 0 0 0 0 0 0 
0 0 0 0 0 0 0 17.5526 0 16.7321 0 0 0 0 0 0 0 
0 0 0 0 0 0 0 0 0 0 0 0 0 0 0 0 0 
0 0 0 0 0 0 0 0 2.01881 0 0 0 0 0 0 0 0 
