1 0 0 0 0 0 0 0 0 0 0 0 0 0 0 0 1 
0 0 0 0 0 0 0 0 0 0 0 0 0 0 0 0 0 
0 16 0 0 0 0 0 0 0 0 0 0 0 0 0 16 0 
0 0 31.9878 0 0 0 0 0 0 0 0 0 0 0 31.9697 0 0 
0 0 88.0122 95.9054 23.9632 0 0 0 7.948 0 0 0 23.8696 95.8412 88.0303 0 0 
0 0 0 256.005 255.624 191.477 95.7062 63.7834 0 63.8602 95.6552 191.434 255.809 256.128 0 0 0 
0 0 0 208.09 736.832 687.154 701.958 624.068 768.479 623.654 703.118 689.011 735.616 208.031 0 0 0 
0 0 0 0 575.247 1665.78 1826.23 1918.98 1598.27 1917.02 1823.13 1663.03 576.199 0 0 0 0 
0 0 0 0 228.334 1247.41 2928.03 3682.38 4351.57 3681.47 2929.77 1248.73 228.507 0 0 0 0 
0 0 0 0 0 448.124 1568.64 3136.06 3267.07 3137.8 1568.89 447.56 0 0 0 0 0 
0 0 0 0 0 128.058 767.668 1390 2114.92 1392.71 767.422 128.235 0 0 0 0 0 
0 0 0 0 0 0 63.8253 513.073 575.882 511.532 64.0674 0 0 0 0 0 0 
0 0 0 0 0 0 55.9459 95.718 119.862 96.002 55.9432 0 0 0 0 0 0 
0 0 0 0 0 0 0 0 64.0083 0 0 0 0 0 0 0 0 
0 0 0 0 0 0 0 15.9304 0 15.9456 0 0 0 0 0 0 0 
0 0 0 0 0 0 0 0 0 0 0 0 0 0 0 0 0 
0 0 0 0 0 0 0 0 1.99176 0 0 0 0 0 0 0 0 
