1 0 0 0 0 0 0 0 0 0 0 0 0 0 0 0 1 
0 0 0 0 0 0 0 0 0 0 0 0 0 0 0 0 0 
0 16 0 0 0 0 0 0 0 0 0 0 0 0 0 16 0 
0 0 31.947 0 0 0 0 0 0 0 0 0 0 0 31.9584 0 0 
0 0 88.053 96.261 24.019 0 0 0 8.01317 0 0 0 23.9976 95.7854 88.0416 0 0 
0 0 0 255.706 256.366 191.978 95.9239 63.9576 0 63.8813 95.4617 191.454 255.555 256.21 0 0 0 
0 0 0 208.033 737.405 688.533 704.679 624.355 768.832 623.401 703.112 688.113 735.296 208.005 0 0 0 
0 0 0 0 574.376 1665.55 1825.85 1925.45 1603.63 1920.43 1823.26 1663.52 576.973 0 0 0 0 
0 0 0 0 227.833 1246.91 2926.48 3677.58 4349.63 3675.71 2927.83 1247.67 228.178 0 0 0 0 
0 0 0 0 0 447.204 1567.11 3135.2 3265.73 3137.69 1568.08 449.146 0 0 0 0 0 
0 0 0 0 0 127.827 768.305 1389.79 2112.16 1393.85 769.725 128.101 0 0 0 0 0 
0 0 0 0 0 0 63.7831 511.741 575.634 512.661 64.3906 0 0 0 0 0 0 
0 0 0 0 0 0 55.877 95.8995 120.146 96.342 56.1407 0 0 0 0 0 0 
0 0 0 0 0 0 0 0 64.2197 0 0 0 0 0 0 0 0 
0 0 0 0 0 0 0 16.0212 0 16.0358 0 0 0 0 0 0 0 
0 0 0 0 0 0 0 0 0 0 0 0 0 0 0 0 0 
0 0 0 0 0 0 0 0 2.00476 0 0 0 0 0 0 0 0 
