1 0 0 0 0 0 0 0 0 0 0 0 0 0 0 0 1 
0 0 0 0 0 0 0 0 0 0 0 0 0 0 0 0 0 
0 16 0 0 0 0 0 0 0 0 0 0 0 0 0 16 0 
0 0 32.0021 0 0 0 0 0 0 0 0 0 0 0 31.9065 0 0 
0 0 87.9979 95.9985 23.9443 0 0 0 8.05376 0 0 0 23.907 95.8166 88.0935 0 0 
0 0 0 256.121 255.993 192.014 95.8524 64.0785 0 64.2267 96.1373 192.146 255.907 256.047 0 0 0 
0 0 0 207.88 736.289 687.604 703.959 625.091 769.205 624.679 704.647 688.594 735.727 208.136 0 0 0 
0 0 0 0 575.824 1664.43 1824.32 1920.05 1600.4 1921.17 1824.95 1664.67 576.655 0 0 0 0 
0 0 0 0 227.95 1247.1 2927.16 3680.53 4355.52 3682.95 2929.77 1246.32 227.804 0 0 0 0 
0 0 0 0 0 448.64 1569.13 3134.23 3264.78 3133.1 1565.32 448.483 0 0 0 0 0 
0 0 0 0 0 128.211 767.514 1392.14 2110.8 1391.01 767.497 127.783 0 0 0 0 0 
0 0 0 0 0 0 64.0291 511.955 575.691 511.069 63.8907 0 0 0 0 0 0 
0 0 0 0 0 0 56.0356 95.9213 119.839 95.8765 55.7986 0 0 0 0 0 0 
0 0 0 0 0 0 0 0 63.7158 0 0 0 0 0 0 0 0 
0 0 0 0 0 0 0 16.0136 0 15.9166 0 0 0 0 0 0 0 
0 0 0 0 0 0 0 0 0 0 0 0 0 0 0 0 0 
0 0 0 0 0 0 0 0 1.99276 0 0 0 0 0 0 0 0 
