1 0 0 0 0 0 0 0 0 0 0 0 0 0 0 0 1 
0 0 0 0 0 0 0 0 0 0 0 0 0 0 0 0 0 
0 16 0 0 0 0 0 0 0 0 0 0 0 0 0 16 0 
0 0 32.0866 0 0 0 0 0 0 0 0 0 0 0 31.9705 0 0 
0 0 87.9134 96.3509 24.0051 0 0 0 8.01087 0 0 0 23.983 96.0519 88.0295 0 0 
0 0 0 255.876 256.171 192.035 95.8519 63.8877 0 63.8951 95.7482 191.932 255.537 255.912 0 0 0 
0 0 0 207.773 735.394 688.255 704.353 623.341 767.068 622.463 703.134 687.51 737.066 208.036 0 0 0 
0 0 0 0 575.787 1664.24 1822.06 1921.05 1600.69 1918.56 1825.54 1665.27 575.529 0 0 0 0 
0 0 0 0 228.644 1246.48 2929.76 3677.61 4357.75 3681.91 2929.84 1246.98 227.886 0 0 0 0 
0 0 0 0 0 448.753 1567.38 3137.64 3262.07 3135.87 1566.04 447.97 0 0 0 0 0 
0 0 0 0 0 128.238 768.366 1391.78 2110.95 1391.91 767.483 128.333 0 0 0 0 0 
0 0 0 0 0 0 64.1345 512.496 576.911 513.506 64.1513 0 0 0 0 0 0 
0 0 0 0 0 0 56.0968 96.1553 120.459 95.8585 56.0577 0 0 0 0 0 0 
0 0 0 0 0 0 0 0 64.0867 0 0 0 0 0 0 0 0 
0 0 0 0 0 0 0 16.0364 0 16.0387 0 0 0 0 0 0 0 
0 0 0 0 0 0 0 0 0 0 0 0 0 0 0 0 0 
0 0 0 0 0 0 0 0 1.99743 0 0 0 0 0 0 0 0 
