1 0 0 0 0 0 0 0 0 0 0 0 0 0 0 0 1 
0 0 0 0 0 0 0 0 0 0 0 0 0 0 0 0 0 
0 16 0 0 0 0 0 0 0 0 0 0 0 0 0 16 0 
0 0 31.9343 0 0 0 0 0 0 0 0 0 0 0 31.9857 0 0 
0 0 88.0657 95.9454 23.9147 0 0 0 8.00497 0 0 0 24.0122 96.0068 88.0143 0 0 
0 0 0 256.147 256.328 191.778 95.9419 63.9455 0 63.8888 95.9793 192.369 256.062 256.04 0 0 0 
0 0 0 207.907 736.003 688.436 704.612 624.531 769.289 624.624 705.626 688.715 735.806 207.953 0 0 0 
0 0 0 0 575.926 1664.14 1824.31 1922.31 1600.28 1921.58 1823.91 1664.19 576.211 0 0 0 0 
0 0 0 0 227.828 1248.09 2928.87 3678.36 4356.44 3679.49 2927.24 1247.01 227.909 0 0 0 0 
0 0 0 0 0 447.66 1566.55 3137.43 3260.54 3135.14 1568.09 447.774 0 0 0 0 0 
0 0 0 0 0 127.894 767.892 1389.38 2113.66 1391.52 767.207 127.943 0 0 0 0 0 
0 0 0 0 0 0 63.837 512.016 575.801 511.759 63.997 0 0 0 0 0 0 
0 0 0 0 0 0 55.9919 96.0013 120.013 95.9845 55.9505 0 0 0 0 0 0 
0 0 0 0 0 0 0 0 63.9564 0 0 0 0 0 0 0 0 
0 0 0 0 0 0 0 16.0271 0 16.0063 0 0 0 0 0 0 0 
0 0 0 0 0 0 0 0 0 0 0 0 0 0 0 0 0 
0 0 0 0 0 0 0 0 2.01222 0 0 0 0 0 0 0 0 
