1 0 0 0 0 0 0 0 0 0 0 0 0 0 0 0 1 
0 0 0 0 0 0 0 0 0 0 0 0 0 0 0 0 0 
0 16 0 0 0 0 0 0 0 0 0 0 0 0 0 16 0 
0 0 32.0064 0 0 0 0 0 0 0 0 0 0 0 32.0344 0 0 
0 0 87.9936 95.8752 23.9188 0 0 0 7.99847 0 0 0 23.9308 96.0102 87.9656 0 0 
0 0 0 256.289 256.248 191.915 95.9361 64.0095 0 64.0156 96.0597 192.099 256.188 255.913 0 0 0 
0 0 0 207.836 736.119 688.193 704.006 623.785 768.463 623.888 704.204 687.644 736.191 208.077 0 0 0 
0 0 0 0 575.757 1665.98 1826.38 1919.73 1598.96 1919.26 1824.02 1664.07 575.328 0 0 0 0 
0 0 0 0 227.957 1246.48 2928.48 3681.18 4357.3 3681.71 2928.22 1248.03 228.362 0 0 0 0 
0 0 0 0 0 447.43 1566.08 3135.98 3264.78 3134.21 1567.39 447.957 0 0 0 0 0 
0 0 0 0 0 128.002 767.136 1390.93 2111.09 1392.71 767.908 128.195 0 0 0 0 0 
0 0 0 0 0 0 63.8599 512.401 575.182 512.122 64.0275 0 0 0 0 0 0 
0 0 0 0 0 0 56.1138 95.9956 120.226 96.031 56.1678 0 0 0 0 0 0 
0 0 0 0 0 0 0 0 63.9937 0 0 0 0 0 0 0 0 
0 0 0 0 0 0 0 15.9991 0 16.0542 0 0 0 0 0 0 0 
0 0 0 0 0 0 0 0 0 0 0 0 0 0 0 0 0 
0 0 0 0 0 0 0 0 2.00564 0 0 0 0 0 0 0 0 
