1 0 0 0 0 0 0 0 0 0 0 0 0 0 0 0 1 
0 0 0 0 0 0 0 0 0 0 0 0 0 0 0 0 0 
0 16 0 0 0 0 0 0 0 0 0 0 0 0 0 16 0 
0 0 32.0543 0 0 0 0 0 0 0 0 0 0 0 31.9854 0 0 
0 0 87.9457 95.931 23.8862 0 0 0 7.97592 0 0 0 23.9827 96.2859 88.0146 0 0 
0 0 0 256.023 255.674 191.713 95.571 63.8108 0 63.9028 96.1452 191.86 255.962 255.519 0 0 0 
0 0 0 208.046 735.692 687.675 703.45 623.876 767.5 622.717 703.437 687.639 736.461 208.196 0 0 0 
0 0 0 0 577.017 1664.52 1825.24 1919.05 1600.37 1921.6 1822.17 1665.11 575.556 0 0 0 0 
0 0 0 0 227.731 1248.06 2928.18 3684.49 4356.82 3679.79 2927.8 1247.29 228.038 0 0 0 0 
0 0 0 0 0 448.128 1569.3 3133.4 3266.12 3135.97 1569.08 447.748 0 0 0 0 0 
0 0 0 0 0 127.907 766.648 1392.48 2110.03 1392.48 769.274 128.357 0 0 0 0 0 
0 0 0 0 0 0 63.6728 511.085 575.011 511.507 63.9921 0 0 0 0 0 0 
0 0 0 0 0 0 55.9418 95.7891 120.19 96.0601 56.1033 0 0 0 0 0 0 
0 0 0 0 0 0 0 0 64.0054 0 0 0 0 0 0 0 0 
0 0 0 0 0 0 0 16.0242 0 15.977 0 0 0 0 0 0 0 
0 0 0 0 0 0 0 0 0 0 0 0 0 0 0 0 0 
0 0 0 0 0 0 0 0 1.98779 0 0 0 0 0 0 0 0 
