1 0 0 0 0 0 0 0 0 0 0 0 0 0 0 0 1 
0 0 0 0 0 0 0 0 0 0 0 0 0 0 0 0 0 
0 16 0 0 0 0 0 0 0 0 0 0 0 0 0 16 0 
0 0 32.0024 0 0 0 0 0 0 0 0 0 0 0 32.0015 0 0 
0 0 87.9976 96.0145 23.9446 0 0 0 7.97061 0 0 0 23.9466 95.8975 87.9985 0 0 
0 0 0 255.937 255.887 192.064 95.9163 63.8608 0 63.7246 95.8042 191.909 256.045 256.029 0 0 0 
0 0 0 208.049 735.848 687.551 703.422 623.365 766.565 623.282 703.342 688.064 736.191 208.073 0 0 0 
0 0 0 0 576.251 1663.65 1823.2 1918.65 1598.2 1918.64 1824.24 1664.81 575.87 0 0 0 0 
0 0 0 0 228.069 1248.73 2928.14 3680.66 4357.37 3679.3 2929.42 1247.92 227.948 0 0 0 0 
0 0 0 0 0 448.113 1568.98 3136.59 3264.65 3140.37 1568.45 447.289 0 0 0 0 0 
0 0 0 0 0 127.893 768.434 1393.05 2113.3 1390.93 766.9 128.007 0 0 0 0 0 
0 0 0 0 0 0 63.9702 511.818 576.037 512.02 63.9288 0 0 0 0 0 0 
0 0 0 0 0 0 55.9352 96.0163 119.982 95.7648 55.9152 0 0 0 0 0 0 
0 0 0 0 0 0 0 0 63.9258 0 0 0 0 0 0 0 0 
0 0 0 0 0 0 0 15.9768 0 15.9697 0 0 0 0 0 0 0 
0 0 0 0 0 0 0 0 0 0 0 0 0 0 0 0 0 
0 0 0 0 0 0 0 0 1.99109 0 0 0 0 0 0 0 0 
