1 0 0 0 0 0 0 0 0 0 0 0 0 0 0 0 1 
0 0 0 0 0 0 0 0 0 0 0 0 0 0 0 0 0 
0 16 0 0 0 0 0 0 0 0 0 0 0 0 0 16 0 
0 0 31.9603 0 0 0 0 0 0 0 0 0 0 0 32.0622 0 0 
0 0 88.0397 95.9614 23.9606 0 0 0 7.97993 0 0 0 23.9535 96.0559 87.9378 0 0 
0 0 0 255.983 255.744 191.683 95.933 63.9413 0 64.1601 96.1707 192.028 256.218 256.116 0 0 0 
0 0 0 208.056 735.677 687.921 703.928 623.786 768.719 623.958 704.682 688.31 735.985 207.828 0 0 0 
0 0 0 0 576.258 1664.61 1823.6 1921.66 1598.55 1921.42 1824.29 1665.14 576.014 0 0 0 0 
0 0 0 0 228.36 1247.94 2930.48 3681.01 4355.21 3678.9 2927.78 1246.88 227.83 0 0 0 0 
0 0 0 0 0 447.549 1566.94 3134.13 3266.07 3134.63 1567.28 447.703 0 0 0 0 0 
0 0 0 0 0 128.302 766.917 1390.57 2110.64 1392.46 767.754 127.933 0 0 0 0 0 
0 0 0 0 0 0 64.0779 512.824 576.702 512.545 64.0228 0 0 0 0 0 0 
0 0 0 0 0 0 56.1258 96.1101 120.1 95.913 56.0172 0 0 0 0 0 0 
0 0 0 0 0 0 0 0 64.0299 0 0 0 0 0 0 0 0 
0 0 0 0 0 0 0 15.9686 0 16.0059 0 0 0 0 0 0 0 
0 0 0 0 0 0 0 0 0 0 0 0 0 0 0 0 0 
0 0 0 0 0 0 0 0 2.00094 0 0 0 0 0 0 0 0 
