1 0 0 0 0 0 0 0 0 0 0 0 0 0 0 0 1 
0 0 0 0 0 0 0 0 0 0 0 0 0 0 0 0 0 
0 16 0 0 0 0 0 0 0 0 0 0 0 0 0 16 0 
0 0 32.0961 0 0 0 0 0 0 0 0 0 0 0 31.9508 0 0 
0 0 87.9039 96.0527 24.0599 0 0 0 8.02748 0 0 0 23.9595 96.1213 88.0492 0 0 
0 0 0 255.929 256.191 192.088 96.2107 64.0132 0 64.0695 95.8622 191.478 255.526 255.559 0 0 0 
0 0 0 208.019 736.483 688.844 705.584 625.114 768.605 623.228 702.317 686.523 735.856 208.32 0 0 0 
0 0 0 0 575.066 1665.13 1825.56 1923.56 1600.58 1919.35 1821.31 1662.53 576.523 0 0 0 0 
0 0 0 0 228.2 1247.26 2928.01 3678.1 4357.05 3675.3 2927.62 1250.67 228.136 0 0 0 0 
0 0 0 0 0 446.502 1566.53 3134.47 3263.72 3139.17 1570.92 448.899 0 0 0 0 0 
0 0 0 0 0 128.169 766.263 1391.31 2110.39 1393.44 770.045 127.901 0 0 0 0 0 
0 0 0 0 0 0 63.8423 511.576 575.693 513.356 63.8306 0 0 0 0 0 0 
0 0 0 0 0 0 55.9907 95.8326 119.952 96.0777 56.099 0 0 0 0 0 0 
0 0 0 0 0 0 0 0 63.9682 0 0 0 0 0 0 0 0 
0 0 0 0 0 0 0 16.0253 0 16.0024 0 0 0 0 0 0 0 
0 0 0 0 0 0 0 0 0 0 0 0 0 0 0 0 0 
0 0 0 0 0 0 0 0 2.00575 0 0 0 0 0 0 0 0 
