1 0 0 0 0 0 0 0 0 0 0 0 0 0 0 0 1 
0 0 0 0 0 0 0 0 0 0 0 0 0 0 0 0 0 
0 16 0 0 0 0 0 0 0 0 0 0 0 0 0 16 0 
0 0 32.0026 0 0 0 0 0 0 0 0 0 0 0 31.994 0 0 
0 0 87.9974 95.8544 23.9265 0 0 0 7.97729 0 0 0 24.0166 95.8907 88.006 0 0 
0 0 0 256.221 255.672 191.767 96.1873 64.0296 0 63.7304 95.8286 191.95 255.738 255.804 0 0 0 
0 0 0 207.924 735.912 687.406 703.754 622.892 765.15 620.918 703.103 687.576 735.223 208.306 0 0 0 
0 0 0 0 576.867 1663.93 1823.24 1917.88 1599.04 1919.82 1823.99 1663.44 576.617 0 0 0 0 
0 0 0 0 227.623 1249.22 2927.28 3680.3 4356.82 3681.08 2926.57 1247.66 228.406 0 0 0 0 
0 0 0 0 0 447.887 1569.8 3138.03 3266.21 3137.75 1568.61 449.117 0 0 0 0 0 
0 0 0 0 0 127.792 767.662 1393.51 2112.39 1392.78 769.691 128.253 0 0 0 0 0 
0 0 0 0 0 0 64.0633 511.585 576.617 511.879 64.197 0 0 0 0 0 0 
0 0 0 0 0 0 56.005 95.7776 119.86 96.1016 56.0084 0 0 0 0 0 0 
0 0 0 0 0 0 0 0 63.9372 0 0 0 0 0 0 0 0 
0 0 0 0 0 0 0 15.9914 0 15.9455 0 0 0 0 0 0 0 
0 0 0 0 0 0 0 0 0 0 0 0 0 0 0 0 0 
0 0 0 0 0 0 0 0 1.99407 0 0 0 0 0 0 0 0 
