1 0 0 0 0 0 0 0 0 0 0 0 0 0 0 0 1 
0 0 0 0 0 0 0 0 0 0 0 0 0 0 0 0 0 
0 16 0 0 0 0 0 0 0 0 0 0 0 0 0 16 0 
0 0 32.0117 0 0 0 0 0 0 0 0 0 0 0 31.9876 0 0 
0 0 87.9883 96.0876 24.0051 0 0 0 8.04232 0 0 0 23.9582 96.1418 88.0124 0 0 
0 0 0 256.035 256.209 192.142 96.2672 63.9015 0 63.9648 96.1632 192.398 256.431 255.665 0 0 0 
0 0 0 207.877 736.149 687.962 704.143 625 768.287 624.691 704.398 687.669 735.691 208.193 0 0 0 
0 0 0 0 575.861 1663.94 1826.11 1922.36 1600.19 1919.93 1823.45 1663.85 576 0 0 0 0 
0 0 0 0 227.776 1248.49 2925.87 3679.43 4354.55 3679.49 2926.13 1248.59 227.92 0 0 0 0 
0 0 0 0 0 447.735 1567.85 3133.6 3265.07 3133.6 1568.01 447.918 0 0 0 0 0 
0 0 0 0 0 127.73 768.314 1391.82 2111.49 1394.06 770.152 127.578 0 0 0 0 0 
0 0 0 0 0 0 63.6115 512.345 576.346 512.3 63.6903 0 0 0 0 0 0 
0 0 0 0 0 0 55.8368 95.5902 120.166 95.9236 56.0062 0 0 0 0 0 0 
0 0 0 0 0 0 0 0 63.8602 0 0 0 0 0 0 0 0 
0 0 0 0 0 0 0 15.953 0 16.0348 0 0 0 0 0 0 0 
0 0 0 0 0 0 0 0 0 0 0 0 0 0 0 0 0 
0 0 0 0 0 0 0 0 1.9955 0 0 0 0 0 0 0 0 
