1 0 0 0 0 0 0 0 0 0 0 0 0 0 0 0 1 
0 0 0 0 0 0 0 0 0 0 0 0 0 0 0 0 0 
0 16 0 0 0 0 0 0 0 0 0 0 0 0 0 16 0 
0 0 32.0191 0 0 0 0 0 0 0 0 0 0 0 31.9913 0 0 
0 0 87.9809 95.9875 24.0185 0 0 0 7.99317 0 0 0 24.0621 95.9963 88.0087 0 0 
0 0 0 256.094 256.141 192.071 95.9782 63.9798 0 64.0779 96.0632 192.479 256.456 255.756 0 0 0 
0 0 0 207.918 736.556 688.14 704.517 624.636 768.564 624.808 704.925 688.152 734.773 208.248 0 0 0 
0 0 0 0 575.303 1663.87 1825.04 1921.53 1602.1 1920.29 1824.32 1663.98 576.316 0 0 0 0 
0 0 0 0 227.982 1248.49 2928.89 3682 4355.25 3678.8 2926.63 1247.08 228.393 0 0 0 0 
0 0 0 0 0 447.347 1567.17 3135.51 3261.7 3136.33 1567.5 448.298 0 0 0 0 0 
0 0 0 0 0 128.083 766.259 1388.73 2113.39 1392.11 768.342 128.002 0 0 0 0 0 
0 0 0 0 0 0 64.0461 511.684 575.08 511.565 64.1726 0 0 0 0 0 0 
0 0 0 0 0 0 56.0962 95.8893 119.769 95.9998 56.043 0 0 0 0 0 0 
0 0 0 0 0 0 0 0 64.1379 0 0 0 0 0 0 0 0 
0 0 0 0 0 0 0 16.0441 0 16.0133 0 0 0 0 0 0 0 
0 0 0 0 0 0 0 0 0 0 0 0 0 0 0 0 0 
0 0 0 0 0 0 0 0 2.00913 0 0 0 0 0 0 0 0 
