1 0 0 0 0 0 0 0 0 0 0 0 0 0 0 0 1 
0 0 0 0 0 0 0 0 0 0 0 0 0 0 0 0 0 
0 16 0 0 0 0 0 0 0 0 0 0 0 0 0 16 0 
0 0 32.0105 0 0 0 0 0 0 0 0 0 0 0 31.9697 0 0 
0 0 87.9895 96.1967 24.0918 0 0 0 8.0357 0 0 0 24.1168 96.121 88.0303 0 0 
0 0 0 255.977 255.675 192.116 96.2173 64.1602 0 63.9667 96.0739 191.968 256.035 255.801 0 0 0 
0 0 0 207.826 736.228 688.007 704.145 624.597 767.509 623.374 705.202 688.764 735.653 208.078 0 0 0 
0 0 0 0 576.393 1664.79 1823.25 1921.21 1601.08 1917.87 1822.67 1665.42 575.72 0 0 0 0 
0 0 0 0 227.612 1247.06 2928.31 3674.37 4351.45 3680.56 2928.33 1245.81 228.475 0 0 0 0 
0 0 0 0 0 448.08 1568.45 3136.11 3264.25 3136.35 1567.15 448.149 0 0 0 0 0 
0 0 0 0 0 127.946 767.426 1393.6 2113.86 1393.33 768.47 127.88 0 0 0 0 0 
0 0 0 0 0 0 64.1538 513.817 577.844 512.571 64.0389 0 0 0 0 0 0 
0 0 0 0 0 0 56.0493 96.1331 120.018 95.9923 56.061 0 0 0 0 0 0 
0 0 0 0 0 0 0 0 63.9594 0 0 0 0 0 0 0 0 
0 0 0 0 0 0 0 16.004 0 15.9851 0 0 0 0 0 0 0 
0 0 0 0 0 0 0 0 0 0 0 0 0 0 0 0 0 
0 0 0 0 0 0 0 0 2.00117 0 0 0 0 0 0 0 0 
