1 0 0 0 0 0 0 0 0 0 0 0 0 0 0 0 1 
0 0 0 0 0 0 0 0 0 0 0 0 0 0 0 0 0 
0 16 0 0 0 0 0 0 0 0 0 0 0 0 0 16 0 
0 0 31.9185 0 0 0 0 0 0 0 0 0 0 0 32.0112 0 0 
0 0 88.0815 95.8932 24.0149 0 0 0 8.01528 0 0 0 23.9445 96.0727 87.9888 0 0 
0 0 0 255.883 255.942 192.101 96.0739 64.0127 0 64.1586 95.9859 191.561 255.959 255.567 0 0 0 
0 0 0 208.224 735.483 687.841 704.151 623.937 767.47 623.458 702.563 687.414 736.312 208.36 0 0 0 
0 0 0 0 576.179 1664.03 1823.47 1919.65 1601.63 1917.9 1822.61 1665.38 575.595 0 0 0 0 
0 0 0 0 228.381 1248.14 2928.34 3678.21 4355.13 3681.61 2930.67 1247.78 228.19 0 0 0 0 
0 0 0 0 0 447.863 1567.59 3135.54 3262.37 3135.6 1567.45 447.623 0 0 0 0 0 
0 0 0 0 0 128.021 768.436 1394.1 2113.68 1392.67 768.812 128.236 0 0 0 0 0 
0 0 0 0 0 0 63.9705 512.429 575.642 512.51 63.8566 0 0 0 0 0 0 
0 0 0 0 0 0 55.9658 96.1274 120.008 96.0223 56.0533 0 0 0 0 0 0 
0 0 0 0 0 0 0 0 64.0457 0 0 0 0 0 0 0 0 
0 0 0 0 0 0 0 15.9939 0 16.0722 0 0 0 0 0 0 0 
0 0 0 0 0 0 0 0 0 0 0 0 0 0 0 0 0 
0 0 0 0 0 0 0 0 2.01161 0 0 0 0 0 0 0 0 
