1 0 0 0 0 0 0 0 0 0 0 0 0 0 0 0 1 
0 0 0 0 0 0 0 0 0 0 0 0 0 0 0 0 0 
0 16 0 0 0 0 0 0 0 0 0 0 0 0 0 16 0 
0 0 31.6081 0 0 0 0 0 0 0 0 0 0 0 32.1471 0 0 
0 0 88.3919 94.8445 23.5376 0 0 0 7.87788 0 0 0 24.3493 96.5051 87.8529 0 0 
0 0 0 258.113 256.669 191.479 93.5158 63.1396 0 63.4028 94.0574 189.185 252.332 256.103 0 0 0 
0 0 0 207.042 739.249 693.828 714.093 627.485 762.149 620.247 703.532 687.012 739.238 207.392 0 0 0 
0 0 0 0 575.728 1659.44 1817.39 1920.32 1593.14 1916.45 1832.24 1675.59 579.536 0 0 0 0 
0 0 0 0 224.816 1246.72 2928.34 3694.98 4375.77 3688.31 2936.91 1252.44 224.545 0 0 0 0 
0 0 0 0 0 449.798 1565.8 3141.06 3274 3136.3 1572.95 440.419 0 0 0 0 0 
0 0 0 0 0 126.744 769.132 1376.5 2103.72 1390.83 752.238 123.351 0 0 0 0 0 
0 0 0 0 0 0 64.4915 506.689 568.58 514.077 61.6853 0 0 0 0 0 0 
0 0 0 0 0 0 55.2358 94.2242 119.986 94.6488 54.3815 0 0 0 0 0 0 
0 0 0 0 0 0 0 0 62.8662 0 0 0 0 0 0 0 0 
0 0 0 0 0 0 0 15.5998 0 15.7312 0 0 0 0 0 0 0 
0 0 0 0 0 0 0 0 0 0 0 0 0 0 0 0 0 
0 0 0 0 0 0 0 0 1.91366 0 0 0 0 0 0 0 0 
