1 0 0 0 0 0 0 0 0 0 0 0 0 0 0 0 1 
0 0 0 0 0 0 0 0 0 0 0 0 0 0 0 0 0 
0 16 0 0 0 0 0 0 0 0 0 0 0 0 0 16 0 
0 0 32.0184 0 0 0 0 0 0 0 0 0 0 0 31.9796 0 0 
0 0 87.9816 95.7187 24.0088 0 0 0 7.9785 0 0 0 24.0991 95.8727 88.0204 0 0 
0 0 0 256.429 256.442 192.124 96.2409 63.9484 0 63.6272 95.5994 191.984 255.688 255.796 0 0 0 
0 0 0 207.852 735.383 687.993 704.341 625.402 769.186 624.745 704.537 687.741 735.063 208.331 0 0 0 
0 0 0 0 575.9 1662.55 1822.02 1918.39 1603.95 1923.41 1827.93 1663.35 577.35 0 0 0 0 
0 0 0 0 228.265 1249.01 2927.17 3680.33 4356.13 3682.22 2926.42 1248.6 227.801 0 0 0 0 
0 0 0 0 0 448.712 1566.49 3134.01 3262.01 3130.85 1566.74 448.778 0 0 0 0 0 
0 0 0 0 0 127.619 771.477 1392.15 2107.94 1393.46 767.31 127.544 0 0 0 0 0 
0 0 0 0 0 0 64.2584 513.573 576.903 509.745 63.9351 0 0 0 0 0 0 
0 0 0 0 0 0 56.0058 96.2048 119.9 95.9465 55.5306 0 0 0 0 0 0 
0 0 0 0 0 0 0 0 64.0062 0 0 0 0 0 0 0 0 
0 0 0 0 0 0 0 15.985 0 16.0004 0 0 0 0 0 0 0 
0 0 0 0 0 0 0 0 0 0 0 0 0 0 0 0 0 
0 0 0 0 0 0 0 0 1.99521 0 0 0 0 0 0 0 0 
