1 0 0 0 0 0 0 0 0 0 0 0 0 0 0 0 1 
0 0 0 0 0 0 0 0 0 0 0 0 0 0 0 0 0 
0 16 0 0 0 0 0 0 0 0 0 0 0 0 0 16 0 
0 0 32.1903 0 0 0 0 0 0 0 0 0 0 0 32.0448 0 0 
0 0 87.8097 96.454 24.0927 0 0 0 8.04063 0 0 0 23.9618 96.3959 87.9552 0 0 
0 0 0 255.695 255.786 192.29 95.6437 64.112 0 64.0618 96.0399 192.114 256.72 256.226 0 0 0 
0 0 0 207.851 735.397 687.292 704.156 622.464 769.71 624.73 704.39 689.004 735.77 207.378 0 0 0 
0 0 0 0 576.587 1664.36 1826.12 1922.05 1602.53 1921.93 1826.46 1664.42 575.861 0 0 0 0 
0 0 0 0 228.137 1248.37 2924.76 3678.18 4353.86 3683.97 2928.1 1246.02 227.687 0 0 0 0 
0 0 0 0 0 447.49 1569.78 3134.4 3263.74 3127.23 1565.34 447.927 0 0 0 0 0 
0 0 0 0 0 128.202 767.722 1395.74 2109.72 1392.63 767.019 128.513 0 0 0 0 0 
0 0 0 0 0 0 63.8946 511.492 576.305 513.331 64.5596 0 0 0 0 0 0 
0 0 0 0 0 0 55.9184 95.5902 120.133 96.1371 56.0878 0 0 0 0 0 0 
0 0 0 0 0 0 0 0 63.9452 0 0 0 0 0 0 0 0 
0 0 0 0 0 0 0 15.9702 0 15.9838 0 0 0 0 0 0 0 
0 0 0 0 0 0 0 0 0 0 0 0 0 0 0 0 0 
0 0 0 0 0 0 0 0 2.0156 0 0 0 0 0 0 0 0 
