1 0 0 0 0 0 0 0 0 0 0 0 0 0 0 0 1 
0 0 0 0 0 0 0 0 0 0 0 0 0 0 0 0 0 
0 16 0 0 0 0 0 0 0 0 0 0 0 0 0 16 0 
0 0 31.9545 0 0 0 0 0 0 0 0 0 0 0 32.0784 0 0 
0 0 88.0455 95.6473 23.8538 0 0 0 8.01606 0 0 0 23.9853 96.1345 87.9216 0 0 
0 0 0 256.587 256.421 192.96 96.1193 64.2099 0 64.0188 95.6759 191.558 256.488 256.501 0 0 0 
0 0 0 207.766 734.75 688.043 705.063 623.171 768.506 623.014 703.752 689.557 736.645 207.365 0 0 0 
0 0 0 0 576.83 1664.31 1824.95 1922.94 1598.82 1920.38 1822.77 1663.99 575.713 0 0 0 0 
0 0 0 0 228.146 1247.61 2926.21 3675.5 4357.82 3679.16 2931.82 1247.35 227.168 0 0 0 0 
0 0 0 0 0 447.391 1566.77 3135.37 3263.46 3138.16 1567.01 447.96 0 0 0 0 0 
0 0 0 0 0 127.686 768.681 1394.85 2110.78 1392.26 767.425 127.582 0 0 0 0 0 
0 0 0 0 0 0 64.1488 512.154 576.32 511.083 63.7328 0 0 0 0 0 0 
0 0 0 0 0 0 56.0615 95.7406 120.237 95.8962 55.8039 0 0 0 0 0 0 
0 0 0 0 0 0 0 0 64.0447 0 0 0 0 0 0 0 0 
0 0 0 0 0 0 0 16.0568 0 16.0275 0 0 0 0 0 0 0 
0 0 0 0 0 0 0 0 0 0 0 0 0 0 0 0 0 
0 0 0 0 0 0 0 0 2.00484 0 0 0 0 0 0 0 0 
