1 0 0 0 0 0 0 0 0 0 0 0 0 0 0 0 1 
0 0 0 0 0 0 0 0 0 0 0 0 0 0 0 0 0 
0 16 0 0 0 0 0 0 0 0 0 0 0 0 0 16 0 
0 0 31.9824 0 0 0 0 0 0 0 0 0 0 0 31.9163 0 0 
0 0 88.0176 96.0476 23.8413 0 0 0 7.998 0 0 0 23.974 95.7587 88.0837 0 0 
0 0 0 255.558 255.994 191.008 95.8832 63.8754 0 63.9463 96.1578 192.65 256.346 256.778 0 0 0 
0 0 0 208.395 735.485 688.068 705.218 624.215 767.079 623.326 704.015 689.965 734.985 207.463 0 0 0 
0 0 0 0 575.775 1661.84 1822.79 1922.11 1602.9 1921.5 1822.95 1663.97 577.222 0 0 0 0 
0 0 0 0 228.905 1250.42 2932.26 3684.95 4356.96 3678.08 2929.3 1245.52 227.473 0 0 0 0 
0 0 0 0 0 448.689 1564.12 3128.93 3261.08 3137.13 1567.95 447.839 0 0 0 0 0 
0 0 0 0 0 127.977 767.073 1390.98 2109.51 1390.51 767.173 128.05 0 0 0 0 0 
0 0 0 0 0 0 64.2863 512.074 577.96 512.775 64.3361 0 0 0 0 0 0 
0 0 0 0 0 0 56.366 96.7711 119.897 96.6078 56.1228 0 0 0 0 0 0 
0 0 0 0 0 0 0 0 64.597 0 0 0 0 0 0 0 0 
0 0 0 0 0 0 0 16.0931 0 16.1164 0 0 0 0 0 0 0 
0 0 0 0 0 0 0 0 0 0 0 0 0 0 0 0 0 
0 0 0 0 0 0 0 0 2.01552 0 0 0 0 0 0 0 0 
