1 0 0 0 0 0 0 0 0 0 0 0 0 0 0 0 1 
0 0 0 0 0 0 0 0 0 0 0 0 0 0 0 0 0 
0 16 0 0 0 0 0 0 0 0 0 0 0 0 0 16 0 
0 0 32.1643 0 0 0 0 0 0 0 0 0 0 0 32.0263 0 0 
0 0 87.8357 96.3318 24.0624 0 0 0 8.02951 0 0 0 23.9962 96.1039 87.9737 0 0 
0 0 0 255.897 256.723 192.508 96.0667 64.1919 0 64.1222 96.0103 191.827 256.17 255.734 0 0 0 
0 0 0 207.771 736.367 686.385 704.332 623.73 768.059 622.98 703.415 687.862 735.763 208.162 0 0 0 
0 0 0 0 574.55 1665.1 1823.88 1917.21 1598.06 1921.64 1824.76 1665.55 576.474 0 0 0 0 
0 0 0 0 228.297 1247.75 2927.5 3681.23 4362.93 3685.25 2929.63 1247.15 227.596 0 0 0 0 
0 0 0 0 0 448.052 1569.67 3139.38 3261.24 3132.52 1566.21 447.618 0 0 0 0 0 
0 0 0 0 0 128.208 766.186 1390.29 2110.32 1391.05 767.795 127.998 0 0 0 0 0 
0 0 0 0 0 0 64.2088 511.713 575.235 510.668 64.1419 0 0 0 0 0 0 
0 0 0 0 0 0 56.1591 96.1463 120.177 95.767 56.0347 0 0 0 0 0 0 
0 0 0 0 0 0 0 0 63.9483 0 0 0 0 0 0 0 0 
0 0 0 0 0 0 0 16.11 0 16.0024 0 0 0 0 0 0 0 
0 0 0 0 0 0 0 0 0 0 0 0 0 0 0 0 0 
0 0 0 0 0 0 0 0 2.00635 0 0 0 0 0 0 0 0 
