1 0 0 0 0 0 0 0 0 0 0 0 0 0 0 0 1 
0 0 0 0 0 0 0 0 0 0 0 0 0 0 0 0 0 
0 16 0 0 0 0 0 0 0 0 0 0 0 0 0 16 0 
0 0 31.9405 0 0 0 0 0 0 0 0 0 0 0 32.0089 0 0 
0 0 88.0595 96.0457 24.0963 0 0 0 7.98096 0 0 0 23.8009 95.851 87.9911 0 0 
0 0 0 256.005 256.516 193.032 96.2982 63.749 0 64.0198 95.9658 191.619 255.802 256.462 0 0 0 
0 0 0 207.949 735.86 688.309 706.894 625.761 766.425 623.025 702.484 686.746 736.013 207.687 0 0 0 
0 0 0 0 575.766 1662.81 1819.45 1922.28 1599.81 1917.11 1823.58 1664.91 576.161 0 0 0 0 
0 0 0 0 227.762 1248.64 2928.91 3677.76 4356.66 3680.07 2930.24 1248.97 228.223 0 0 0 0 
0 0 0 0 0 447.213 1569.31 3132.02 3261.18 3134.86 1569.41 447.685 0 0 0 0 0 
0 0 0 0 0 127.993 766.968 1395.05 2115.6 1395.44 766.708 128.075 0 0 0 0 0 
0 0 0 0 0 0 64.075 510.807 576.162 513.116 63.6377 0 0 0 0 0 0 
0 0 0 0 0 0 56.0986 96.5585 120.074 96.3208 55.9772 0 0 0 0 0 0 
0 0 0 0 0 0 0 0 64.0927 0 0 0 0 0 0 0 0 
0 0 0 0 0 0 0 16.0103 0 16.0338 0 0 0 0 0 0 0 
0 0 0 0 0 0 0 0 0 0 0 0 0 0 0 0 0 
0 0 0 0 0 0 0 0 2.0098 0 0 0 0 0 0 0 0 
