1 0 0 0 0 0 0 0 0 0 0 0 0 0 0 0 1 
0 0 0 0 0 0 0 0 0 0 0 0 0 0 0 0 0 
0 16 0 0 0 0 0 0 0 0 0 0 0 0 0 16 0 
0 0 31.9559 0 0 0 0 0 0 0 0 0 0 0 32.0953 0 0 
0 0 88.0441 95.6347 23.811 0 0 0 8.06419 0 0 0 24.0178 95.7603 87.9047 0 0 
0 0 0 256.398 255.615 191.776 96.1962 64.386 0 63.8615 95.7131 192.359 255.865 255.773 0 0 0 
0 0 0 207.967 735.352 688.921 704.454 623.52 768.666 622.736 704.274 688.334 735.675 208.467 0 0 0 
0 0 0 0 577.115 1662.74 1825.16 1918.41 1596.47 1915.18 1817.13 1662.62 576.374 0 0 0 0 
0 0 0 0 228.107 1247.25 2925.11 3682.21 4354.12 3679.45 2930.99 1250.26 228.068 0 0 0 0 
0 0 0 0 0 449.066 1568.66 3138.24 3271.3 3140.64 1570.69 446.248 0 0 0 0 0 
0 0 0 0 0 128.242 768.202 1389.55 2109.29 1392.35 769.456 128.172 0 0 0 0 0 
0 0 0 0 0 0 64.0915 511.887 576.19 513.532 63.7656 0 0 0 0 0 0 
0 0 0 0 0 0 56.1297 95.7694 119.948 96.1882 55.9795 0 0 0 0 0 0 
0 0 0 0 0 0 0 0 63.9409 0 0 0 0 0 0 0 0 
0 0 0 0 0 0 0 16.0265 0 16.0711 0 0 0 0 0 0 0 
0 0 0 0 0 0 0 0 0 0 0 0 0 0 0 0 0 
0 0 0 0 0 0 0 0 2.00652 0 0 0 0 0 0 0 0 
