1 0 0 0 0 0 0 0 0 0 0 0 0 0 0 0 1 
0 0 0 0 0 0 0 0 0 0 0 0 0 0 0 0 0 
0 16 0 0 0 0 0 0 0 0 0 0 0 0 0 16 0 
0 0 32.0365 0 0 0 0 0 0 0 0 0 0 0 31.9181 0 0 
0 0 87.9635 96.0935 23.9751 0 0 0 8.01848 0 0 0 24.0881 95.6995 88.0819 0 0 
0 0 0 255.997 255.824 192.35 96.178 64.2233 0 63.9882 95.756 190.961 255.654 256.354 0 0 0 
0 0 0 207.909 737.627 688.486 705.3 625.217 767.826 622.992 703.34 687.135 735.265 207.947 0 0 0 
0 0 0 0 575.391 1665.04 1826.82 1922.71 1600.3 1918.33 1822.41 1665.62 577.084 0 0 0 0 
0 0 0 0 227.183 1248.12 2926.63 3678.43 4359.68 3681.75 2925.05 1247.53 227.908 0 0 0 0 
0 0 0 0 0 446.323 1566.82 3137.92 3260.77 3138.65 1572.82 449.442 0 0 0 0 0 
0 0 0 0 0 127.679 765.705 1389.77 2112.97 1391.5 768.753 127.314 0 0 0 0 0 
0 0 0 0 0 0 64.4226 509.699 574.424 511.02 64.1078 0 0 0 0 0 0 
0 0 0 0 0 0 56.1301 95.9589 120.153 95.7898 55.7675 0 0 0 0 0 0 
0 0 0 0 0 0 0 0 63.8375 0 0 0 0 0 0 0 0 
0 0 0 0 0 0 0 16.0694 0 15.9846 0 0 0 0 0 0 0 
0 0 0 0 0 0 0 0 0 0 0 0 0 0 0 0 0 
0 0 0 0 0 0 0 0 2.01344 0 0 0 0 0 0 0 0 
