1 0 0 0 0 0 0 0 0 0 0 0 0 0 0 0 1 
0 0 0 0 0 0 0 0 0 0 0 0 0 0 0 0 0 
0 16 0 0 0 0 0 0 0 0 0 0 0 0 0 16 0 
0 0 31.9025 0 0 0 0 0 0 0 0 0 0 0 32.0536 0 0 
0 0 88.0975 95.8621 24.0422 0 0 0 8.09164 0 0 0 24.0089 96.1774 87.9464 0 0 
0 0 0 255.338 255.432 191.82 96.0324 64.0821 0 64.4685 96.8508 193.123 256.901 256.3 0 0 0 
0 0 0 208.799 736.283 687.291 704.745 624.405 769.212 625.917 703.414 688.309 737.058 207.522 0 0 0 
0 0 0 0 575.624 1664.96 1825.19 1925.05 1606.93 1916.14 1823.22 1665 575.354 0 0 0 0 
0 0 0 0 228.619 1247.92 2926.62 3682.29 4348.84 3680.59 2927.53 1246.42 226.678 0 0 0 0 
0 0 0 0 0 447.926 1566.62 3130.88 3262.71 3135.6 1569.41 448 0 0 0 0 0 
0 0 0 0 0 128.08 768.967 1390.76 2114.66 1394.56 768.065 127.145 0 0 0 0 0 
0 0 0 0 0 0 63.8044 510.787 574.734 511.423 64.0035 0 0 0 0 0 0 
0 0 0 0 0 0 56.0221 95.8376 119.162 95.4445 55.5039 0 0 0 0 0 0 
0 0 0 0 0 0 0 0 63.6809 0 0 0 0 0 0 0 0 
0 0 0 0 0 0 0 15.9135 0 15.8514 0 0 0 0 0 0 0 
0 0 0 0 0 0 0 0 0 0 0 0 0 0 0 0 0 
0 0 0 0 0 0 0 0 1.98379 0 0 0 0 0 0 0 0 
