1 0 0 0 0 0 0 0 0 0 0 0 0 0 0 0 1 
0 0 0 0 0 0 0 0 0 0 0 0 0 0 0 0 0 
0 16 0 0 0 0 0 0 0 0 0 0 0 0 0 16 0 
0 0 32.0818 0 0 0 0 0 0 0 0 0 0 0 31.9588 0 0 
0 0 87.9182 96.5339 24.0197 0 0 0 7.99412 0 0 0 23.9958 96.0765 88.0412 0 0 
0 0 0 255.539 256.352 192.176 95.8092 63.981 0 63.7531 95.4999 190.877 255.83 255.729 0 0 0 
0 0 0 207.927 735.783 688.045 704.252 622.238 764.931 621.412 701.094 688.447 735.805 208.194 0 0 0 
0 0 0 0 576.321 1663.83 1822.66 1918.06 1598.98 1918.18 1828.49 1665.3 576.279 0 0 0 0 
0 0 0 0 227.523 1248.59 2931.96 3687.9 4361.01 3684.07 2926.17 1246.92 228.09 0 0 0 0 
0 0 0 0 0 447.445 1569.07 3139.93 3269.36 3138.61 1568.96 448.772 0 0 0 0 0 
0 0 0 0 0 127.918 764.505 1386.89 2108.24 1390.41 767.612 127.687 0 0 0 0 0 
0 0 0 0 0 0 63.9016 509.234 573.956 511.438 64.1864 0 0 0 0 0 0 
0 0 0 0 0 0 55.8413 95.7857 119.49 96.0418 55.9842 0 0 0 0 0 0 
0 0 0 0 0 0 0 0 64.0258 0 0 0 0 0 0 0 0 
0 0 0 0 0 0 0 15.9797 0 16.0786 0 0 0 0 0 0 0 
0 0 0 0 0 0 0 0 0 0 0 0 0 0 0 0 0 
0 0 0 0 0 0 0 0 2.016 0 0 0 0 0 0 0 0 
