1 0 0 0 0 0 0 0 0 0 0 0 0 0 0 0 1 
0 0 0 0 0 0 0 0 0 0 0 0 0 0 0 0 0 
0 16 0 0 0 0 0 0 0 0 0 0 0 0 0 16 0 
0 0 31.9639 0 0 0 0 0 0 0 0 0 0 0 32.0049 0 0 
0 0 88.0361 95.9725 24.036 0 0 0 7.9902 0 0 0 24.0342 95.8498 87.9951 0 0 
0 0 0 255.715 256.141 192.535 96.1439 64.3315 0 64.2765 96.414 192.101 255.277 255.821 0 0 0 
0 0 0 208.313 736.224 687.332 704.879 624.096 770.345 623.777 704.289 686.184 736.985 208.329 0 0 0 
0 0 0 0 575.843 1663.77 1821.83 1922.26 1601.94 1924.49 1821.88 1666.5 575.458 0 0 0 0 
0 0 0 0 227.755 1245.91 2925.06 3679.71 4351.94 3677.22 2928.54 1248.1 228.246 0 0 0 0 
0 0 0 0 0 450.345 1570.72 3136.41 3267.22 3135.45 1568.73 446.627 0 0 0 0 0 
0 0 0 0 0 128.108 769.371 1390.25 2111.4 1392.45 767.901 128.489 0 0 0 0 0 
0 0 0 0 0 0 64.1724 511.299 572.846 510.337 63.8923 0 0 0 0 0 0 
0 0 0 0 0 0 55.8312 95.557 120.237 95.9043 56.3529 0 0 0 0 0 0 
0 0 0 0 0 0 0 0 64.096 0 0 0 0 0 0 0 0 
0 0 0 0 0 0 0 16.0935 0 16.0831 0 0 0 0 0 0 0 
0 0 0 0 0 0 0 0 0 0 0 0 0 0 0 0 0 
0 0 0 0 0 0 0 0 1.996 0 0 0 0 0 0 0 0 
