1 0 0 0 0 0 0 0 0 0 0 0 0 0 0 0 1 
0 0 0 0 0 0 0 0 0 0 0 0 0 0 0 0 0 
0 16 0 0 0 0 0 0 0 0 0 0 0 0 0 16 0 
0 0 31.9381 0 0 0 0 0 0 0 0 0 0 0 32.015 0 0 
0 0 88.0619 95.6949 23.9028 0 0 0 7.95147 0 0 0 23.7916 96.0264 87.985 0 0 
0 0 0 256.685 256.233 191.41 96.3938 64.4724 0 63.2111 95.1225 191.128 256.14 256.147 0 0 0 
0 0 0 207.621 735.251 689.547 704.566 623.545 765.881 620.871 702.493 687.414 735.586 207.827 0 0 0 
0 0 0 0 577.334 1666.48 1825.02 1922.62 1602.3 1919.03 1818.94 1663.42 576.465 0 0 0 0 
0 0 0 0 227.28 1245.89 2928.28 3679.98 4357.59 3682.4 2932.67 1250.44 228.018 0 0 0 0 
0 0 0 0 0 446.786 1565.81 3135.11 3265.08 3134.76 1568.99 448.145 0 0 0 0 0 
0 0 0 0 0 127.885 767.412 1388.74 2108.78 1395.17 769.856 127.46 0 0 0 0 0 
0 0 0 0 0 0 64.3564 512.94 575.734 512.17 64.0622 0 0 0 0 0 0 
0 0 0 0 0 0 56.1546 96.4232 120.482 96.4078 55.8672 0 0 0 0 0 0 
0 0 0 0 0 0 0 0 64.1913 0 0 0 0 0 0 0 0 
0 0 0 0 0 0 0 16.1707 0 15.9868 0 0 0 0 0 0 0 
0 0 0 0 0 0 0 0 0 0 0 0 0 0 0 0 0 
0 0 0 0 0 0 0 0 2.00555 0 0 0 0 0 0 0 0 
