1 0 0 0 0 0 0 0 0 0 0 0 0 0 0 0 1 
0 0 0 0 0 0 0 0 0 0 0 0 0 0 0 0 0 
0 16 0 0 0 0 0 0 0 0 0 0 0 0 0 16 0 
0 0 32.1876 0 0 0 0 0 0 0 0 0 0 0 31.9533 0 0 
0 0 87.8124 95.9643 23.9826 0 0 0 7.95791 0 0 0 23.947 95.9301 88.0467 0 0 
0 0 0 255.848 255.856 192.531 96.1218 63.8752 0 63.9855 95.7687 191.324 255.522 255.913 0 0 0 
0 0 0 208.187 735.753 688.069 704.099 620.02 766.47 622.631 703.905 687.953 736.062 208.157 0 0 0 
0 0 0 0 576.162 1662.84 1827.48 1917.54 1592.46 1918.46 1823.22 1663.61 576.824 0 0 0 0 
0 0 0 0 228.247 1249.7 2925.66 3686.21 4365.76 3681.57 2927.05 1248.67 227.645 0 0 0 0 
0 0 0 0 0 446.92 1568.32 3139.78 3267.86 3136.61 1568.95 448.814 0 0 0 0 0 
0 0 0 0 0 127.937 766.536 1388.99 2107.31 1390.13 769.132 127.63 0 0 0 0 0 
0 0 0 0 0 0 63.6152 511.895 575.481 514.524 64.0123 0 0 0 0 0 0 
0 0 0 0 0 0 56.16 95.6452 120.557 96.1719 55.9559 0 0 0 0 0 0 
0 0 0 0 0 0 0 0 64.1342 0 0 0 0 0 0 0 0 
0 0 0 0 0 0 0 16.0369 0 15.9105 0 0 0 0 0 0 0 
0 0 0 0 0 0 0 0 0 0 0 0 0 0 0 0 0 
0 0 0 0 0 0 0 0 2.00885 0 0 0 0 0 0 0 0 
