1 0 0 0 0 0 0 0 0 0 0 0 0 0 0 0 1 
0 0 0 0 0 0 0 0 0 0 0 0 0 0 0 0 0 
0 16 0 0 0 0 0 0 0 0 0 0 0 0 0 16 0 
0 0 32.0104 0 0 0 0 0 0 0 0 0 0 0 31.9496 0 0 
0 0 87.9896 95.7136 24.1024 0 0 0 7.99532 0 0 0 23.9356 96.0757 88.0504 0 0 
0 0 0 256.126 256.149 192.209 95.9853 64.0706 0 64.1775 95.5404 191.901 256.002 256.233 0 0 0 
0 0 0 208.16 734.489 687.16 703.054 622.853 768.14 622.658 703.848 688.496 737.171 207.691 0 0 0 
0 0 0 0 577.074 1663.42 1823.61 1923.8 1604.69 1927.68 1828.16 1665.13 575.561 0 0 0 0 
0 0 0 0 228.186 1247.22 2930.28 3679.04 4361.06 3680.55 2926.35 1246.85 227.33 0 0 0 0 
0 0 0 0 0 449.302 1566.65 3133.48 3259.28 3128.89 1567.33 448.121 0 0 0 0 0 
0 0 0 0 0 128.686 768.299 1392.3 2108.34 1392.73 766.659 127.502 0 0 0 0 0 
0 0 0 0 0 0 63.9307 512.164 574.457 511.386 64.0802 0 0 0 0 0 0 
0 0 0 0 0 0 56.1928 96.2656 119.933 96.0038 56.03 0 0 0 0 0 0 
0 0 0 0 0 0 0 0 64.0996 0 0 0 0 0 0 0 0 
0 0 0 0 0 0 0 16.0354 0 15.9247 0 0 0 0 0 0 0 
0 0 0 0 0 0 0 0 0 0 0 0 0 0 0 0 0 
0 0 0 0 0 0 0 0 2.00821 0 0 0 0 0 0 0 0 
