1 0 0 0 0 0 0 0 0 0 0 0 0 0 0 0 1 
0 0 0 0 0 0 0 0 0 0 0 0 0 0 0 0 0 
0 16 0 0 0 0 0 0 0 0 0 0 0 0 0 16 0 
0 0 32.0424 0 0 0 0 0 0 0 0 0 0 0 31.9471 0 0 
0 0 87.9576 96.1215 23.9827 0 0 0 7.94881 0 0 0 24.0788 95.847 88.0529 0 0 
0 0 0 256.049 255.563 191.628 95.3236 63.2517 0 63.673 95.8489 191.969 255.837 256.432 0 0 0 
0 0 0 207.83 736.317 686.603 703.483 621.772 766.216 622.5 699.889 686.847 736.735 207.721 0 0 0 
0 0 0 0 575.666 1666.41 1822.26 1917.94 1599.49 1912.46 1819.72 1663.56 575.586 0 0 0 0 
0 0 0 0 228.472 1246.8 2932.2 3684.61 4355.85 3680.72 2932.04 1249.7 227.762 0 0 0 0 
0 0 0 0 0 447.974 1567.97 3133.73 3257.77 3136.92 1571.37 448.247 0 0 0 0 0 
0 0 0 0 0 128.58 766.704 1394 2120.64 1398.63 768.788 127.68 0 0 0 0 0 
0 0 0 0 0 0 64.1395 512.908 576.177 512.692 64.2656 0 0 0 0 0 0 
0 0 0 0 0 0 55.9258 95.8837 119.878 96.399 56.0795 0 0 0 0 0 0 
0 0 0 0 0 0 0 0 64.0477 0 0 0 0 0 0 0 0 
0 0 0 0 0 0 0 15.9039 0 16.0016 0 0 0 0 0 0 0 
0 0 0 0 0 0 0 0 0 0 0 0 0 0 0 0 0 
0 0 0 0 0 0 0 0 1.98933 0 0 0 0 0 0 0 0 
