1 0 0 0 0 0 0 0 0 0 0 0 0 0 0 0 1 
0 0 0 0 0 0 0 0 0 0 0 0 0 0 0 0 0 
0 16 0 0 0 0 0 0 0 0 0 0 0 0 0 16 0 
0 0 31.9385 0 0 0 0 0 0 0 0 0 0 0 31.9724 0 0 
0 0 88.0615 96.0935 23.9944 0 0 0 7.98057 0 0 0 23.7932 95.928 88.0276 0 0 
0 0 0 255.681 256.467 192.308 96.3551 64.3572 0 63.4491 95.8669 191.183 255.272 255.9 0 0 0 
0 0 0 208.226 734.514 688.834 707.26 623.767 769.487 622.308 701.881 685.359 736.223 208.172 0 0 0 
0 0 0 0 576.353 1663.16 1824.46 1924.7 1596.47 1919.81 1822.71 1666.47 576.823 0 0 0 0 
0 0 0 0 228.672 1246.81 2921.52 3676.26 4353.39 3678.49 2929.82 1248.31 227.889 0 0 0 0 
0 0 0 0 0 448.463 1568.68 3133.31 3267.34 3138.88 1570.27 448.35 0 0 0 0 0 
0 0 0 0 0 128.424 769.016 1393.25 2111.38 1392.47 767.128 128.336 0 0 0 0 0 
0 0 0 0 0 0 64.3788 511.728 577.01 512.355 64.0659 0 0 0 0 0 0 
0 0 0 0 0 0 56.3273 96.5184 120.425 96.0716 56.2614 0 0 0 0 0 0 
0 0 0 0 0 0 0 0 64.4878 0 0 0 0 0 0 0 0 
0 0 0 0 0 0 0 16.1038 0 16.1605 0 0 0 0 0 0 0 
0 0 0 0 0 0 0 0 0 0 0 0 0 0 0 0 0 
0 0 0 0 0 0 0 0 2.03007 0 0 0 0 0 0 0 0 
