1 0 0 0 0 0 0 0 0 0 0 0 0 0 0 0 1 
0 0 0 0 0 0 0 0 0 0 0 0 0 0 0 0 0 
0 16 0 0 0 0 0 0 0 0 0 0 0 0 0 16 0 
0 0 32.0404 0 0 0 0 0 0 0 0 0 0 0 31.9183 0 0 
0 0 87.9596 96.058 24.1369 0 0 0 7.99893 0 0 0 23.7575 96.0932 88.0817 0 0 
0 0 0 256.223 255.749 192.383 96.4064 64.486 0 64.4616 96.5229 192.066 256.057 256.203 0 0 0 
0 0 0 207.719 736.72 686.665 702.562 624.891 769.697 626.458 705.367 687.086 735.675 207.704 0 0 0 
0 0 0 0 575.804 1666.39 1826.26 1922.32 1597.92 1917.39 1823.28 1665.38 576.925 0 0 0 0 
0 0 0 0 227.589 1247.62 2925.11 3679.7 4355.97 3677.25 2923.41 1247.18 227.586 0 0 0 0 
0 0 0 0 0 446.867 1570.42 3130.18 3261.25 3130.04 1569.86 448.658 0 0 0 0 0 
0 0 0 0 0 128.072 767.145 1391.8 2113.64 1397.15 769.593 127.631 0 0 0 0 0 
0 0 0 0 0 0 64.1208 514.133 577.441 514.873 63.7716 0 0 0 0 0 0 
0 0 0 0 0 0 55.9713 96.4568 119.939 96.3508 56.1876 0 0 0 0 0 0 
0 0 0 0 0 0 0 0 64.1434 0 0 0 0 0 0 0 0 
0 0 0 0 0 0 0 16.0268 0 16.0385 0 0 0 0 0 0 0 
0 0 0 0 0 0 0 0 0 0 0 0 0 0 0 0 0 
0 0 0 0 0 0 0 0 1.99901 0 0 0 0 0 0 0 0 
