1 0 0 0 0 0 0 0 0 0 0 0 0 0 0 0 1 
0 0 0 0 0 0 0 0 0 0 0 0 0 0 0 0 0 
0 16 0 0 0 0 0 0 0 0 0 0 0 0 0 16 0 
0 0 32.0316 0 0 0 0 0 0 0 0 0 0 0 31.9986 0 0 
0 0 87.9684 95.8101 23.9546 0 0 0 7.92753 0 0 0 23.9711 95.7278 88.0014 0 0 
0 0 0 255.294 255.921 191.8 96.3355 63.791 0 63.8532 95.8381 191.335 255.418 256.422 0 0 0 
0 0 0 208.896 735.141 687.784 705.548 626.64 770.65 626.125 702.448 687.919 736.23 207.851 0 0 0 
0 0 0 0 575.995 1661.12 1822.47 1922.75 1605.85 1925.19 1826.98 1667.96 576.883 0 0 0 0 
0 0 0 0 228.988 1250.71 2926.09 3676.61 4345.58 3675.56 2925.77 1244.46 227.498 0 0 0 0 
0 0 0 0 0 447.728 1569.36 3131.31 3264.27 3130.9 1569.86 448.254 0 0 0 0 0 
0 0 0 0 0 128.856 767.417 1393.28 2113.45 1393.86 767.221 128.069 0 0 0 0 0 
0 0 0 0 0 0 64.3537 512.89 575.772 512.33 64.0617 0 0 0 0 0 0 
0 0 0 0 0 0 56.4222 96.7181 120.261 96.2188 55.8177 0 0 0 0 0 0 
0 0 0 0 0 0 0 0 64.2273 0 0 0 0 0 0 0 0 
0 0 0 0 0 0 0 15.9958 0 15.9631 0 0 0 0 0 0 0 
0 0 0 0 0 0 0 0 0 0 0 0 0 0 0 0 0 
0 0 0 0 0 0 0 0 2.00903 0 0 0 0 0 0 0 0 
