1 0 0 0 0 0 0 0 0 0 0 0 0 0 0 0 1 
0 0 0 0 0 0 0 0 0 0 0 0 0 0 0 0 0 
0 16 0 0 0 0 0 0 0 0 0 0 0 0 0 16 0 
0 0 32.1711 0 0 0 0 0 0 0 0 0 0 0 32.12 0 0 
0 0 87.8289 96.0544 24.2872 0 0 0 8.03013 0 0 0 24.2829 96.4781 87.88 0 0 
0 0 0 255.802 256.207 192.556 96.2697 64.0257 0 63.8214 95.807 192.755 256.347 255.982 0 0 0 
0 0 0 208.144 736.357 688.415 701.749 622.57 769.814 625.27 707.616 689.87 737.281 207.54 0 0 0 
0 0 0 0 574.903 1662.54 1820.43 1913.49 1597.14 1923.31 1822.7 1664.92 574.606 0 0 0 0 
0 0 0 0 228.246 1247.72 2932.13 3683.94 4352.22 3670.61 2928.08 1247.1 227.483 0 0 0 0 
0 0 0 0 0 448.603 1568.33 3136.05 3266.68 3141.1 1568.07 446.046 0 0 0 0 0 
0 0 0 0 0 128.162 768.326 1395.69 2112.31 1391.13 765.803 127.311 0 0 0 0 0 
0 0 0 0 0 0 64.4781 511.628 576.73 512.305 63.9345 0 0 0 0 0 0 
0 0 0 0 0 0 56.2834 96.5614 120.624 96.346 56.0001 0 0 0 0 0 0 
0 0 0 0 0 0 0 0 64.4263 0 0 0 0 0 0 0 0 
0 0 0 0 0 0 0 16.047 0 16.1095 0 0 0 0 0 0 0 
0 0 0 0 0 0 0 0 0 0 0 0 0 0 0 0 0 
0 0 0 0 0 0 0 0 2.01923 0 0 0 0 0 0 0 0 
