1 0 0 0 0 0 0 0 0 0 0 0 0 0 0 0 1 
0 0 0 0 0 0 0 0 0 0 0 0 0 0 0 0 0 
0 16 0 0 0 0 0 0 0 0 0 0 0 0 0 16 0 
0 0 31.541 0 0 0 0 0 0 0 0 0 0 0 38.4986 0 0 
0 0 88.459 91.0649 30.6226 0 0 0 5.08708 0 0 0 26.5998 119.408 81.5014 0 0 
0 0 0 276.151 202.829 178.279 135.516 69.4084 0 40.1556 49.613 135.252 187.547 237.472 0 0 0 
0 0 0 192.784 753.601 683.413 688.207 668.899 709.247 618.401 613.929 676.218 827.495 203.12 0 0 0 
0 0 0 0 551.347 1665.24 1730.15 2298.49 1649.05 2059.59 1668.83 1673.65 525.988 0 0 0 0 
0 0 0 0 281.6 1237.5 3182.23 3241.39 4697.7 3729.44 3371.13 1387.51 252.372 0 0 0 0 
0 0 0 0 0 441.244 1526.85 3092.96 3033.06 3343.05 1449.91 334.752 0 0 0 0 0 
0 0 0 0 0 162.325 626.619 1555.24 2184.63 1173.52 752.201 160.616 0 0 0 0 0 
0 0 0 0 0 0 60.1348 412.096 436.954 380.986 50.3943 0 0 0 0 0 0 
0 0 0 0 0 0 58.2847 85.0409 99.033 79.859 51.994 0 0 0 0 0 0 
0 0 0 0 0 0 0 0 53.8433 0 0 0 0 0 0 0 0 
0 0 0 0 0 0 0 16.4859 0 15.0051 0 0 0 0 0 0 0 
0 0 0 0 0 0 0 0 0 0 0 0 0 0 0 0 0 
0 0 0 0 0 0 0 0 1.39073 0 0 0 0 0 0 0 0 
