1 0 0 0 0 0 0 0 0 0 0 0 0 0 0 0 1 
0 0 0 0 0 0 0 0 0 0 0 0 0 0 0 0 0 
0 16 0 0 0 0 0 0 0 0 0 0 0 0 0 16 0 
0 0 38.0912 0 0 0 0 0 0 0 0 0 0 0 29.7585 0 0 
0 0 81.9088 87.7216 16.3978 0 0 0 7.43053 0 0 0 30.7311 88.6182 90.2415 0 0 
0 0 0 315.898 215.998 129.101 92.1908 88.0196 0 53.2646 75.8792 158.632 265.476 295.144 0 0 0 
0 0 0 156.381 777.839 720.066 573.63 522.597 832.428 537.954 526.706 589.39 607.681 176.238 0 0 0 
0 0 0 0 625.012 1648.25 1851.7 1852.77 1708.03 2062.19 1647.92 1902.57 699.436 0 0 0 0 
0 0 0 0 184.753 1345.26 3301.01 4175.27 5099.24 3295.37 3226.47 1172.14 216.675 0 0 0 0 
0 0 0 0 0 450.606 1214.38 2960.71 2951.21 3347.26 1344.99 459.017 0 0 0 0 0 
0 0 0 0 0 74.7178 888.456 1420.56 1681.55 1606.03 1063.98 86.2468 0 0 0 0 0 
0 0 0 0 0 0 46.3564 327.033 425.163 412.463 52.9722 0 0 0 0 0 0 
0 0 0 0 0 0 40.2752 82.6868 102.575 104.287 69.0888 0 0 0 0 0 0 
0 0 0 0 0 0 0 0 60.3009 0 0 0 0 0 0 0 0 
0 0 0 0 0 0 0 10.3495 0 21.1872 0 0 0 0 0 0 0 
0 0 0 0 0 0 0 0 0 0 0 0 0 0 0 0 0 
0 0 0 0 0 0 0 0 2.06338 0 0 0 0 0 0 0 0 
