1 0 0 0 0 0 0 0 0 0 0 0 0 0 0 0 1 
0 0 0 0 0 0 0 0 0 0 0 0 0 0 0 0 0 
0 16 0 0 0 0 0 0 0 0 0 0 0 0 0 16 0 
0 0 31.1791 0 0 0 0 0 0 0 0 0 0 0 30.1095 0 0 
0 0 88.8209 112.419 26.3898 0 0 0 11.7478 0 0 0 18.4405 83.6821 89.8905 0 0 
0 0 0 253.339 250.379 203.124 147.679 90.5245 0 44.6576 55.9662 156.547 293.001 210.377 0 0 0 
0 0 0 194.242 759.266 518.694 715.631 712.03 738.254 544.04 660.831 628.906 681.248 265.941 0 0 0 
0 0 0 0 573.124 1867.89 1587.7 1531.11 1316.08 1702.15 1714.07 1791.59 591.878 0 0 0 0 
0 0 0 0 210.841 1244.28 2658.89 3971.39 4248.36 3717.84 3252.73 1231.34 235.433 0 0 0 0 
0 0 0 0 0 450.649 1945.29 2997.76 3413.65 3438.44 1635.57 460.117 0 0 0 0 0 
0 0 0 0 0 83.3617 863.216 1330.25 2346.17 1574.23 601.694 99.5073 0 0 0 0 0 
0 0 0 0 0 0 41.6547 668.891 612.034 329.977 54.2443 0 0 0 0 0 0 
0 0 0 0 0 0 47.9443 123.732 136.563 78.3765 32.9008 0 0 0 0 0 0 
0 0 0 0 0 0 0 0 45.743 0 0 0 0 0 0 0 0 
0 0 0 0 0 0 0 14.3231 0 10.2808 0 0 0 0 0 0 0 
0 0 0 0 0 0 0 0 0 0 0 0 0 0 0 0 0 
0 0 0 0 0 0 0 0 1.40307 0 0 0 0 0 0 0 0 
