1 0 0 0 0 0 0 0 0 0 0 0 0 0 0 0 1 
0 0 0 0 0 0 0 0 0 0 0 0 0 0 0 0 0 
0 16 0 0 0 0 0 0 0 0 0 0 0 0 0 16 0 
0 0 25.4483 0 0 0 0 0 0 0 0 0 0 0 28.3819 0 0 
0 0 94.5517 84.5866 28.3237 0 0 0 4.67636 0 0 0 24.6453 112.341 91.6181 0 0 
0 0 0 290.659 260.46 183.352 124.895 83.3789 0 70.7786 91.4118 187.603 252.829 265.313 0 0 0 
0 0 0 184.754 867.464 660.276 595.843 391.611 499.894 394.771 551.284 708.007 791.031 182.347 0 0 0 
0 0 0 0 479.059 1608.86 1569.84 1455.01 1276.52 2134.11 1751.98 1672.09 535.239 0 0 0 0 
0 0 0 0 184.694 1214.43 2979.03 4080.68 4525.67 3745.49 3074.81 1223.33 216.256 0 0 0 0 
0 0 0 0 0 582.692 1569.84 3601.19 3751.91 3254.13 1645.83 450.037 0 0 0 0 0 
0 0 0 0 0 118.381 1062.2 1304.26 2137.77 1335.49 789.678 126.939 0 0 0 0 0 
0 0 0 0 0 0 61.8277 436.874 515.762 413.717 56.3172 0 0 0 0 0 0 
0 0 0 0 0 0 44.5328 71.3177 99.985 81.4657 46.6886 0 0 0 0 0 0 
0 0 0 0 0 0 0 0 56.0865 0 0 0 0 0 0 0 0 
0 0 0 0 0 0 0 15.6664 0 10.0385 0 0 0 0 0 0 0 
0 0 0 0 0 0 0 0 0 0 0 0 0 0 0 0 0 
0 0 0 0 0 0 0 0 1.72034 0 0 0 0 0 0 0 0 
