1 0 0 0 0 0 0 0 0 0 0 0 0 0 0 0 1 
0 0 0 0 0 0 0 0 0 0 0 0 0 0 0 0 0 
0 16 0 0 0 0 0 0 0 0 0 0 0 0 0 16 0 
0 0 43.5563 0 0 0 0 0 0 0 0 0 0 0 34.1491 0 0 
0 0 76.4437 88.1211 32.4283 0 0 0 15.724 0 0 0 32.5171 109.012 85.8509 0 0 
0 0 0 228.569 195.567 195.129 68.5617 89.7218 0 84.4927 125.929 259.641 236.545 230.778 0 0 0 
0 0 0 243.31 798.037 601.038 725.68 622.793 1229.75 982.195 847.228 751.297 633.028 220.21 0 0 0 
0 0 0 0 476.53 1659.52 1882.27 2242.76 1875.14 2047.07 1909.26 1666.83 673.855 0 0 0 0 
0 0 0 0 317.437 1333.46 2915.32 3583.93 4095.68 3428.2 2490.14 1110.35 244.054 0 0 0 0 
0 0 0 0 0 419.592 1585.03 3017.97 3239.95 2932.29 1711.45 462.861 0 0 0 0 0 
0 0 0 0 0 159.259 725.68 1360.31 1629.15 1429.08 834.093 117.03 0 0 0 0 0 
0 0 0 0 0 0 56.8397 414.87 618.356 449.682 47.0563 0 0 0 0 0 0 
0 0 0 0 0 0 48.6175 95.5084 110.865 73.4085 42.8453 0 0 0 0 0 0 
0 0 0 0 0 0 0 0 54.0313 0 0 0 0 0 0 0 0 
0 0 0 0 0 0 0 12.1425 0 13.5792 0 0 0 0 0 0 0 
0 0 0 0 0 0 0 0 0 0 0 0 0 0 0 0 0 
0 0 0 0 0 0 0 0 1.35265 0 0 0 0 0 0 0 0 
