1 0 0 0 0 0 0 0 0 0 0 0 0 0 0 0 1 
0 0 0 0 0 0 0 0 0 0 0 0 0 0 0 0 0 
0 16 0 0 0 0 0 0 0 0 0 0 0 0 0 16 0 
0 0 35.3058 0 0 0 0 0 0 0 0 0 0 0 32.6429 0 0 
0 0 84.6942 101.434 27.0344 0 0 0 12.6726 0 0 0 17.0828 64.6075 87.3571 0 0 
0 0 0 247.159 268.805 151.023 87.4371 68.5338 0 68.3165 138.252 182.155 189.488 251.566 0 0 0 
0 0 0 211.407 742.194 616.268 829.58 564.93 759.906 700.838 747.384 720.438 715.119 243.826 0 0 0 
0 0 0 0 486.743 1868.81 1811.97 2002.85 1634.06 2059.88 1908.51 1388.68 631.09 0 0 0 0 
0 0 0 0 295.224 1169.47 2762.92 3570.47 3919.9 4096.56 2865.02 1367.15 267.22 0 0 0 0 
0 0 0 0 0 404.158 1702.19 3200.55 4172.71 2728.89 1463.31 569.913 0 0 0 0 0 
0 0 0 0 0 158.271 709.578 1488.39 1739.44 1192.17 795.586 139.663 0 0 0 0 0 
0 0 0 0 0 0 46.0761 453.934 498.359 520.819 42.1645 0 0 0 0 0 0 
0 0 0 0 0 0 58.2457 77.659 92.1871 58.4342 47.7787 0 0 0 0 0 0 
0 0 0 0 0 0 0 0 39.6492 0 0 0 0 0 0 0 0 
0 0 0 0 0 0 0 12.6775 0 14.0979 0 0 0 0 0 0 0 
0 0 0 0 0 0 0 0 0 0 0 0 0 0 0 0 0 
0 0 0 0 0 0 0 0 1.12476 0 0 0 0 0 0 0 0 
