1 0 0 0 0 0 0 0 0 0 0 0 0 0 0 0 1 
0 0 0 0 0 0 0 0 0 0 0 0 0 0 0 0 0 
0 16 0 0 0 0 0 0 0 0 0 0 0 0 0 16 0 
0 0 39.7344 0 0 0 0 0 0 0 0 0 0 0 40.5693 0 0 
0 0 80.2656 103.839 37.5787 0 0 0 17.8062 0 0 0 39.8916 108.857 79.4307 0 0 
0 0 0 282.264 237.505 216.987 105.433 48.0862 0 88.6591 89.6472 232.848 299.403 257.085 0 0 0 
0 0 0 173.898 743.086 757.361 743.375 643.386 871.461 828.133 891.367 787.714 729.54 194.058 0 0 0 
0 0 0 0 578.716 1628.58 1839.87 1981.77 1679.79 2181.84 1857.77 1404.25 542.148 0 0 0 0 
0 0 0 0 223.115 1329.21 3033.44 3702.43 4425.65 3486.57 2661.13 1404.25 209.017 0 0 0 0 
0 0 0 0 0 352.205 1675.22 3478.11 3340.65 2935.99 1589.03 441.868 0 0 0 0 0 
0 0 0 0 0 83.6561 527.132 1077.47 1873.94 1323.35 824.38 97.0654 0 0 0 0 0 
0 0 0 0 0 0 38.1853 435.337 488.845 486.834 57.8806 0 0 0 0 0 0 
0 0 0 0 0 0 45.3462 59.8442 127.523 94.3771 36.7911 0 0 0 0 0 0 
0 0 0 0 0 0 0 0 42.7148 0 0 0 0 0 0 0 0 
0 0 0 0 0 0 0 13.5633 0 14.2488 0 0 0 0 0 0 0 
0 0 0 0 0 0 0 0 0 0 0 0 0 0 0 0 0 
0 0 0 0 0 0 0 0 1.63056 0 0 0 0 0 0 0 0 
