1 0 0 0 0 0 0 0 0 0 0 0 0 0 0 0 1 
0 0 0 0 0 0 0 0 0 0 0 0 0 0 0 0 0 
0 16 0 0 0 0 0 0 0 0 0 0 0 0 0 16 0 
0 0 32.273 0 0 0 0 0 0 0 0 0 0 0 26.4009 0 0 
0 0 87.727 71.9187 18.6154 0 0 0 9.04968 0 0 0 15.2796 68.6204 93.5991 0 0 
0 0 0 263.068 193.977 152.803 99.4085 63.2298 0 59.9441 106.284 240.534 302.142 280.014 0 0 0 
0 0 0 225.014 732.06 501.021 599.51 599.908 923.092 559.916 737.754 706.969 821.307 211.366 0 0 0 
0 0 0 0 597.49 1776.27 1707.84 1906.5 1570.23 2146.38 1854.71 1643.75 522.054 0 0 0 0 
0 0 0 0 277.859 1299.55 3190.67 3346.02 4009.73 3538.78 2917.87 1260.31 159.218 0 0 0 0 
0 0 0 0 0 442.15 1393.9 3561.82 3324.18 3272.84 1467.2 402.819 0 0 0 0 0 
0 0 0 0 0 196.203 886.018 1351.91 2180.05 1242.23 785.335 113.62 0 0 0 0 0 
0 0 0 0 0 0 61.2438 513.128 718.905 494.124 85.4012 0 0 0 0 0 0 
0 0 0 0 0 0 69.3983 87.7859 89.9815 111.99 53.4427 0 0 0 0 0 0 
0 0 0 0 0 0 0 0 43.1736 0 0 0 0 0 0 0 0 
0 0 0 0 0 0 0 9.69661 0 13.7999 0 0 0 0 0 0 0 
0 0 0 0 0 0 0 0 0 0 0 0 0 0 0 0 0 
0 0 0 0 0 0 0 0 1.59736 0 0 0 0 0 0 0 0 
