1 0 0 0 0 0 0 0 0 0 0 0 0 0 0 0 1 
0 0 0 0 0 0 0 0 0 0 0 0 0 0 0 0 0 
0 16 0 0 0 0 0 0 0 0 0 0 0 0 0 16 0 
0 0 24.8273 0 0 0 0 0 0 0 0 0 0 0 44.427 0 0 
0 0 95.1727 73.4648 26.8417 0 0 0 7.30113 0 0 0 38.0674 98.4526 75.573 0 0 
0 0 0 277.253 195.26 139.56 83.502 53.5701 0 50.6025 71.2392 188.852 219.063 280.465 0 0 0 
0 0 0 209.282 902.872 1097.73 817.393 603.572 511.849 561.298 644.947 648.939 788.875 181.082 0 0 0 
0 0 0 0 514.441 1622.34 2120.16 1746.49 1413.26 1549.79 1571.51 1508.83 568.205 0 0 0 0 
0 0 0 0 180.586 1115.01 2722.33 3583.57 4421.7 3385.06 3076.87 1417.41 205.79 0 0 0 0 
0 0 0 0 0 286.359 1457.16 3065.19 3841.64 3776.31 1646.93 513.353 0 0 0 0 0 
0 0 0 0 0 107.005 721.347 1774 1843.24 1525.77 895.42 90.6122 0 0 0 0 0 
0 0 0 0 0 0 53.9129 508.258 699.615 487.664 52.1197 0 0 0 0 0 0 
0 0 0 0 0 0 32.1929 97.0028 80.9863 93.0723 48.9619 0 0 0 0 0 0 
0 0 0 0 0 0 0 0 49.1207 0 0 0 0 0 0 0 0 
0 0 0 0 0 0 0 8.3446 0 10.4424 0 0 0 0 0 0 0 
0 0 0 0 0 0 0 0 0 0 0 0 0 0 0 0 0 
0 0 0 0 0 0 0 0 1.28873 0 0 0 0 0 0 0 0 
