1 0 0 0 0 0 0 0 0 0 0 0 0 0 0 0 1 
0 0 0 0 0 0 0 0 0 0 0 0 0 0 0 0 0 
0 16 0 0 0 0 0 0 0 0 0 0 0 0 0 16 0 
0 0 31.9057 0 0 0 0 0 0 0 0 0 0 0 38.0912 0 0 
0 0 88.0943 75.4825 12.8664 0 0 0 4.91709 0 0 0 15.9349 90.4942 81.9088 0 0 
0 0 0 276.104 201.265 160.437 68.6582 45.0381 0 41.0436 97.8946 181.579 282.453 238.421 0 0 0 
0 0 0 208.414 783.677 719.028 611.944 593.261 614.52 774.435 782.127 839.615 699.078 231.085 0 0 0 
0 0 0 0 547.095 1671.79 2038.08 1799.04 1342.24 1691.52 1630.09 1473.57 553.016 0 0 0 0 
0 0 0 0 275.097 1185.48 3059.53 3868.55 4540.72 3525.43 2816.55 1320.9 269.518 0 0 0 0 
0 0 0 0 0 526.052 1422.81 3308.94 4070.28 3160.18 1708.32 384.404 0 0 0 0 0 
0 0 0 0 0 105.217 715.435 1295.8 1696.74 1540.15 858.998 167.933 0 0 0 0 0 
0 0 0 0 0 0 61.5448 440.874 463.864 612.629 36.5805 0 0 0 0 0 0 
0 0 0 0 0 0 29.9945 80.2892 87.1575 76.6795 77.441 0 0 0 0 0 0 
0 0 0 0 0 0 0 0 48.8909 0 0 0 0 0 0 0 0 
0 0 0 0 0 0 0 8.20205 0 17.9306 0 0 0 0 0 0 0 
0 0 0 0 0 0 0 0 0 0 0 0 0 0 0 0 0 
0 0 0 0 0 0 0 0 0.665456 0 0 0 0 0 0 0 0 
