1 0 0 0 0 0 0 0 0 0 0 0 0 0 0 0 1 
0 0 0 0 0 0 0 0 0 0 0 0 0 0 0 0 0 
0 16 0 0 0 0 0 0 0 0 0 0 0 0 0 16 0 
0 0 33.2968 0 0 0 0 0 0 0 0 0 0 0 35.7944 0 0 
0 0 86.7032 102.942 28.6534 0 0 0 6.19521 0 0 0 30.3266 110.088 84.2056 0 0 
0 0 0 236.56 268.165 210.347 92.5344 52.2329 0 59.0827 92.5282 197.477 272.95 246.637 0 0 0 
0 0 0 220.498 730.372 699.196 673.141 628.914 683.277 636.441 708.16 725.17 703.843 203.275 0 0 0 
0 0 0 0 543.828 1536.16 1801.42 1884.94 1601.13 2066.53 1895.13 1556.32 589.233 0 0 0 0 
0 0 0 0 248.982 1345.11 2889.93 3792.83 4455.53 3641.07 2998.99 1326 223.647 0 0 0 0 
0 0 0 0 0 445.305 1669.3 3101.67 3376.37 3151.08 1464.45 437.268 0 0 0 0 0 
0 0 0 0 0 131.889 765.754 1411.75 2031.94 1280.63 737.81 125.77 0 0 0 0 0 
0 0 0 0 0 0 58.0197 465.547 529.028 499.548 55.6845 0 0 0 0 0 0 
0 0 0 0 0 0 57.9065 85.2806 120.841 89.7392 55.2511 0 0 0 0 0 0 
0 0 0 0 0 0 0 0 63.8034 0 0 0 0 0 0 0 0 
0 0 0 0 0 0 0 16.8256 0 15.8709 0 0 0 0 0 0 0 
0 0 0 0 0 0 0 0 0 0 0 0 0 0 0 0 0 
0 0 0 0 0 0 0 0 1.89312 0 0 0 0 0 0 0 0 
