1 0 0 0 0 0 0 0 0 0 0 0 0 0 0 0 1 
0 0 0 0 0 0 0 0 0 0 0 0 0 0 0 0 0 
0 16 0 0 0 0 0 0 0 0 0 0 0 0 0 16 0 
0 0 30.3303 0 0 0 0 0 0 0 0 0 0 0 35.9418 0 0 
0 0 89.6697 88.1035 23.0066 0 0 0 8.16276 0 0 0 26.3252 83.8927 84.0582 0 0 
0 0 0 266.649 243.986 172.221 82.3301 66.9299 0 77.226 101.514 202.382 261.753 248.508 0 0 0 
0 0 0 205.247 775.385 647.421 693.392 620.303 771.557 627.936 792.257 725.964 699.122 227.599 0 0 0 
0 0 0 0 558.489 1780.62 1884.84 1971.32 1573.88 2011.23 1882.06 1610.62 586.424 0 0 0 0 
0 0 0 0 219.135 1221.41 3017.85 3604.63 4501.13 3728.23 2781.5 1232.5 246.375 0 0 0 0 
0 0 0 0 0 415.564 1502.72 3199.76 3105.68 2984.04 1551.16 456.075 0 0 0 0 0 
0 0 0 0 0 130.763 707.068 1354.87 2113.76 1371.54 783.027 140.46 0 0 0 0 0 
0 0 0 0 0 0 64.7479 514.249 604.421 527.744 61.9333 0 0 0 0 0 0 
0 0 0 0 0 0 55.0583 90.4165 124.486 97.4323 54.5493 0 0 0 0 0 0 
0 0 0 0 0 0 0 0 64.5824 0 0 0 0 0 0 0 0 
0 0 0 0 0 0 0 17.528 0 14.6241 0 0 0 0 0 0 0 
0 0 0 0 0 0 0 0 0 0 0 0 0 0 0 0 0 
0 0 0 0 0 0 0 0 2.33867 0 0 0 0 0 0 0 0 
