1 0 0 0 0 0 0 0 0 0 0 0 0 0 0 0 1 
0 0 0 0 0 0 0 0 0 0 0 0 0 0 0 0 0 
0 16 0 0 0 0 0 0 0 0 0 0 0 0 0 16 0 
0 0 30.8646 0 0 0 0 0 0 0 0 0 0 0 32.1809 0 0 
0 0 89.1354 94.1311 26.929 0 0 0 8.77126 0 0 0 24.0766 100.229 87.8191 0 0 
0 0 0 265.03 259.012 195.591 96.2067 60.7658 0 70.4559 97.2527 202.015 259.861 267.703 0 0 0 
0 0 0 200.838 761.278 704.35 733.443 655.851 771.274 565.109 655.577 629.585 733.08 192.068 0 0 0 
0 0 0 0 558.052 1712.91 1794.14 2012.29 1554.98 1778.46 1782.04 1748.56 577.653 0 0 0 0 
0 0 0 0 214.728 1226.55 3075.87 3759.45 4335.56 3801.94 3049.17 1242.34 225.33 0 0 0 0 
0 0 0 0 0 420.586 1455.78 3080.38 3356.81 3207.82 1551.29 436.101 0 0 0 0 0 
0 0 0 0 0 108.015 749.371 1281.59 2108.86 1417.91 758.999 109.406 0 0 0 0 0 
0 0 0 0 0 0 51.4957 488.34 546.915 495.793 65.8044 0 0 0 0 0 0 
0 0 0 0 0 0 51.6973 87.2132 123.713 88.7174 47.8623 0 0 0 0 0 0 
0 0 0 0 0 0 0 0 61.2424 0 0 0 0 0 0 0 0 
0 0 0 0 0 0 0 14.1264 0 13.7925 0 0 0 0 0 0 0 
0 0 0 0 0 0 0 0 0 0 0 0 0 0 0 0 0 
0 0 0 0 0 0 0 0 1.88216 0 0 0 0 0 0 0 0 
