1 0 0 0 0 0 0 0 0 0 0 0 0 0 0 0 1 
0 0 0 0 0 0 0 0 0 0 0 0 0 0 0 0 0 
0 16 0 0 0 0 0 0 0 0 0 0 0 0 0 16 0 
0 0 32.0099 0 0 0 0 0 0 0 0 0 0 0 32.104 0 0 
0 0 87.9901 96.3832 24.4656 0 0 0 7.9408 0 0 0 24.2357 96.2289 87.896 0 0 
0 0 0 254.961 257.554 193.261 95.8651 62.6813 0 64.1426 96.5918 192.825 257.009 256.281 0 0 0 
0 0 0 208.656 731.258 690.171 705.158 629.219 771.069 630.222 710.172 692.935 739.399 207.49 0 0 0 
0 0 0 0 577.054 1657.74 1825.07 1922.89 1603.69 1930.71 1833.19 1667.78 570.232 0 0 0 0 
0 0 0 0 229.669 1253.54 2924.02 3659.27 4358.71 3667.93 2916.18 1239.57 229.125 0 0 0 0 
0 0 0 0 0 445.772 1564.87 3142.74 3247.22 3135.13 1563.07 443.011 0 0 0 0 0 
0 0 0 0 0 127.521 773.832 1397.35 2127.88 1388.57 766.617 131.876 0 0 0 0 0 
0 0 0 0 0 0 63.2955 514.342 567.625 509.619 65.0719 0 0 0 0 0 0 
0 0 0 0 0 0 55.8913 95.5686 120.335 97.5188 57.0962 0 0 0 0 0 0 
0 0 0 0 0 0 0 0 63.534 0 0 0 0 0 0 0 0 
0 0 0 0 0 0 0 15.9432 0 16.156 0 0 0 0 0 0 0 
0 0 0 0 0 0 0 0 0 0 0 0 0 0 0 0 0 
0 0 0 0 0 0 0 0 1.99359 0 0 0 0 0 0 0 0 
