1 0 0 0 0 0 0 0 0 0 0 0 0 0 0 0 1 
0 0 0 0 0 0 0 0 0 0 0 0 0 0 0 0 0 
0 16 0 0 0 0 0 0 0 0 0 0 0 0 0 16 0 
0 0 32.1663 0 0 0 0 0 0 0 0 0 0 0 31.8656 0 0 
0 0 87.8337 95.1955 23.6869 0 0 0 7.86921 0 0 0 23.4817 96.2455 88.1344 0 0 
0 0 0 257.88 256.137 191.12 95.479 63.1344 0 64.9208 95.6905 191.045 255.878 254.738 0 0 0 
0 0 0 206.925 735.637 696.278 707.829 630.869 771.818 626.019 704.059 680.369 733.735 209.017 0 0 0 
0 0 0 0 575.733 1661.28 1836.08 1932.57 1609.48 1936.45 1818.62 1674.12 580.048 0 0 0 0 
0 0 0 0 228.806 1243.94 2917.5 3674.2 4362.87 3669.43 2928.95 1244.01 226.857 0 0 0 0 
0 0 0 0 0 446.457 1566.81 3123.53 3249.86 3129 1563.35 450.678 0 0 0 0 0 
0 0 0 0 0 128.926 763.214 1386.8 2105.35 1385.24 775.185 127.775 0 0 0 0 0 
0 0 0 0 0 0 64.0519 516.185 574.698 515.553 64.2623 0 0 0 0 0 0 
0 0 0 0 0 0 57.0391 96.5101 121.568 96.8459 57.8725 0 0 0 0 0 0 
0 0 0 0 0 0 0 0 64.4712 0 0 0 0 0 0 0 0 
0 0 0 0 0 0 0 16.1984 0 16.548 0 0 0 0 0 0 0 
0 0 0 0 0 0 0 0 0 0 0 0 0 0 0 0 0 
0 0 0 0 0 0 0 0 2.02072 0 0 0 0 0 0 0 0 
