1 0 0 0 0 0 0 0 0 0 0 0 0 0 0 0 1 
0 0 0 0 0 0 0 0 0 0 0 0 0 0 0 0 0 
0 16 0 0 0 0 0 0 0 0 0 0 0 0 0 16 0 
0 0 32.0929 0 0 0 0 0 0 0 0 0 0 0 31.8272 0 0 
0 0 87.9071 95.171 23.7826 0 0 0 8.12943 0 0 0 24.2726 95.7767 88.1728 0 0 
0 0 0 256.953 253.922 190.729 96.3214 65.2107 0 64.6583 97.0328 191.096 255.275 255.667 0 0 0 
0 0 0 207.876 736.582 685.52 701.344 619.405 764.343 625.971 704.645 691.379 738.407 208.556 0 0 0 
0 0 0 0 576.771 1668.98 1822.7 1926.2 1593.61 1924.9 1827.25 1666.7 575.592 0 0 0 0 
0 0 0 0 228.942 1244.02 2928.64 3686.65 4370.62 3672.1 2933.07 1247.65 226.453 0 0 0 0 
0 0 0 0 0 450.105 1566.01 3124.76 3258.38 3137.02 1563.51 443.924 0 0 0 0 0 
0 0 0 0 0 128.65 772.848 1391.26 2111.95 1392.14 762.799 127.256 0 0 0 0 0 
0 0 0 0 0 0 64.4992 514.367 577.075 511.402 63.4881 0 0 0 0 0 0 
0 0 0 0 0 0 55.6404 96.2394 119.692 95.7396 56.2131 0 0 0 0 0 0 
0 0 0 0 0 0 0 0 64.1838 0 0 0 0 0 0 0 0 
0 0 0 0 0 0 0 15.9056 0 16.0716 0 0 0 0 0 0 0 
0 0 0 0 0 0 0 0 0 0 0 0 0 0 0 0 0 
0 0 0 0 0 0 0 0 2.01074 0 0 0 0 0 0 0 0 
