1 0 0 0 0 0 0 0 0 0 0 0 0 0 0 0 1 
0 0 0 0 0 0 0 0 0 0 0 0 0 0 0 0 0 
0 16 0 0 0 0 0 0 0 0 0 0 0 0 0 16 0 
0 0 32.3343 0 0 0 0 0 0 0 0 0 0 0 31.8721 0 0 
0 0 87.6657 97.7645 24.1043 0 0 0 7.90962 0 0 0 24.2126 96.3365 88.1279 0 0 
0 0 0 255.682 255.72 194.389 96.9125 63.5396 0 64.9081 96.9165 191.997 254.877 256.663 0 0 0 
0 0 0 206.554 740.459 686.379 710.266 628.344 772.433 627.427 702.071 681.136 738.714 207 0 0 0 
0 0 0 0 573.116 1660.83 1817.92 1926.3 1602.58 1920 1813.23 1670.84 575.017 0 0 0 0 
0 0 0 0 226.601 1254.39 2938.58 3660.27 4341.16 3659.7 2938.51 1243.39 227.18 0 0 0 0 
0 0 0 0 0 443.58 1559.41 3147.23 3259.21 3139.56 1568.69 450.824 0 0 0 0 0 
0 0 0 0 0 128.431 764.676 1388.89 2114.26 1398.58 767.877 129.814 0 0 0 0 0 
0 0 0 0 0 0 63.5105 513.555 585.165 517.919 64.0946 0 0 0 0 0 0 
0 0 0 0 0 0 56.7212 96.2338 121.507 95.9076 56.6062 0 0 0 0 0 0 
0 0 0 0 0 0 0 0 63.8253 0 0 0 0 0 0 0 0 
0 0 0 0 0 0 0 15.6423 0 15.9972 0 0 0 0 0 0 0 
0 0 0 0 0 0 0 0 0 0 0 0 0 0 0 0 0 
0 0 0 0 0 0 0 0 1.94587 0 0 0 0 0 0 0 0 
