1 0 0 0 0 0 0 0 0 0 0 0 0 0 0 0 1 
0 0 0 0 0 0 0 0 0 0 0 0 0 0 0 0 0 
0 16 0 0 0 0 0 0 0 0 0 0 0 0 0 16 0 
0 0 31.5342 0 0 0 0 0 0 0 0 0 0 0 31.7517 0 0 
0 0 88.4658 94.5963 24.1239 0 0 0 7.89523 0 0 0 24.4369 95.8506 88.2483 0 0 
0 0 0 257.322 254.926 191.279 95.0705 63.5856 0 63.2526 95.3467 192.3 257.033 255.53 0 0 0 
0 0 0 208.082 735.458 683.153 696.423 618.455 762.147 624.35 697.732 683.625 733.5 208.619 0 0 0 
0 0 0 0 576.66 1652.71 1806.39 1911.12 1600.61 1916.83 1823.47 1664.74 575.082 0 0 0 0 
0 0 0 0 228.833 1259.56 2944.32 3681.63 4364.03 3684.81 2937.45 1251.44 229.948 0 0 0 0 
0 0 0 0 0 450.547 1574.66 3152.61 3264.07 3136.3 1567.36 447.563 0 0 0 0 0 
0 0 0 0 0 130.752 770.389 1389.19 2113.08 1385.14 767.266 128.335 0 0 0 0 0 
0 0 0 0 0 0 63.5155 512.003 573.285 517.211 63.7641 0 0 0 0 0 0 
0 0 0 0 0 0 57.2339 95.5173 119.254 96.2562 55.6111 0 0 0 0 0 0 
0 0 0 0 0 0 0 0 63.6428 0 0 0 0 0 0 0 0 
0 0 0 0 0 0 0 15.8898 0 15.846 0 0 0 0 0 0 0 
0 0 0 0 0 0 0 0 0 0 0 0 0 0 0 0 0 
0 0 0 0 0 0 0 0 1.98105 0 0 0 0 0 0 0 0 
