1 0 0 0 0 0 0 0 0 0 0 0 0 0 0 0 1 
0 0 0 0 0 0 0 0 0 0 0 0 0 0 0 0 0 
0 16 0 0 0 0 0 0 0 0 0 0 0 0 0 16 0 
0 0 31.9022 0 0 0 0 0 0 0 0 0 0 0 31.7025 0 0 
0 0 88.0978 96.443 24.0154 0 0 0 8.20736 0 0 0 24.3956 95.6204 88.2975 0 0 
0 0 0 255.994 257.963 188.731 95.3868 65.1076 0 65.111 96.8814 192.347 256.016 256.665 0 0 0 
0 0 0 207.563 740.487 683.087 706.619 629.869 774.873 624.173 699.415 683.703 736.874 207.715 0 0 0 
0 0 0 0 571.605 1672.75 1831.47 1933.98 1598.63 1923.39 1834.45 1676.17 576.451 0 0 0 0 
0 0 0 0 225.93 1246.62 2922.06 3667.88 4377.78 3704.21 2932.87 1244.35 226.264 0 0 0 0 
0 0 0 0 0 448.798 1566.25 3129.24 3245.57 3118.31 1566.09 444.897 0 0 0 0 0 
0 0 0 0 0 128.015 765.317 1395.3 2108.67 1384.48 760.525 126.538 0 0 0 0 0 
0 0 0 0 0 0 64.6767 506.988 571.173 509.263 63.0024 0 0 0 0 0 0 
0 0 0 0 0 0 56.2223 95.55 119.832 95.3751 54.7592 0 0 0 0 0 0 
0 0 0 0 0 0 0 0 63.2562 0 0 0 0 0 0 0 0 
0 0 0 0 0 0 0 16.0886 0 15.6895 0 0 0 0 0 0 0 
0 0 0 0 0 0 0 0 0 0 0 0 0 0 0 0 0 
0 0 0 0 0 0 0 0 2.00199 0 0 0 0 0 0 0 0 
