1 0 0 0 0 0 0 0 0 0 0 0 0 0 0 0 1 
0 0 0 0 0 0 0 0 0 0 0 0 0 0 0 0 0 
0 16 0 0 0 0 0 0 0 0 0 0 0 0 0 16 0 
0 0 32.0434 0 0 0 0 0 0 0 0 0 0 0 31.3701 0 0 
0 0 87.9566 96.7587 24.3775 0 0 0 7.99781 0 0 0 24.5041 96.3976 88.6299 0 0 
0 0 0 254.923 255.797 192.106 94.758 62.4191 0 64.6879 96.2595 193.473 256.945 255.827 0 0 0 
0 0 0 208.318 735.335 683.236 703.957 627.807 775.161 627.134 702.17 687.925 734.417 207.775 0 0 0 
0 0 0 0 577.708 1665.94 1810.12 1924.47 1600.9 1935.46 1816.72 1663.11 575.395 0 0 0 0 
0 0 0 0 226.783 1257.77 2940.28 3683.38 4340.63 3663.31 2940.57 1243.33 228.739 0 0 0 0 
0 0 0 0 0 440.622 1579 3127.3 3278.99 3141.56 1564.11 451.276 0 0 0 0 0 
0 0 0 0 0 128.328 759.253 1394.58 2106.7 1384.7 767.852 128.891 0 0 0 0 0 
0 0 0 0 0 0 63.7138 506.4 572.247 509.976 64.1812 0 0 0 0 0 0 
0 0 0 0 0 0 56.9177 97.453 120.959 97.2668 56.1317 0 0 0 0 0 0 
0 0 0 0 0 0 0 0 64.3901 0 0 0 0 0 0 0 0 
0 0 0 0 0 0 0 16.19 0 15.9003 0 0 0 0 0 0 0 
0 0 0 0 0 0 0 0 0 0 0 0 0 0 0 0 0 
0 0 0 0 0 0 0 0 2.01627 0 0 0 0 0 0 0 0 
