1 0 0 0 0 0 0 0 0 0 0 0 0 0 0 0 1 
0 0 0 0 0 0 0 0 0 0 0 0 0 0 0 0 0 
0 16 0 0 0 0 0 0 0 0 0 0 0 0 0 16 0 
0 0 32.0022 0 0 0 0 0 0 0 0 0 0 0 31.8069 0 0 
0 0 87.9978 96.7375 24.2426 0 0 0 7.89448 0 0 0 23.621 94.879 88.1931 0 0 
0 0 0 254.328 256.063 192.246 95.4038 63.5677 0 64.8457 96.2846 191.454 256.08 256.026 0 0 0 
0 0 0 208.934 731.963 688.182 703.791 620.453 766.251 630.769 710.131 690.237 735.153 209.095 0 0 0 
0 0 0 0 580.144 1663.46 1831.57 1917.44 1593.77 1916.52 1829.03 1663.04 576.712 0 0 0 0 
0 0 0 0 227.588 1248.09 2929.47 3690.75 4366.12 3686.2 2919.73 1247.8 228.434 0 0 0 0 
0 0 0 0 0 448.505 1559.72 3141.44 3278.13 3134.75 1563.29 447.791 0 0 0 0 0 
0 0 0 0 0 127.519 768.357 1389.05 2102.67 1388.81 770.192 127.679 0 0 0 0 0 
0 0 0 0 0 0 63.3653 505.702 571.302 506.934 63.5257 0 0 0 0 0 0 
0 0 0 0 0 0 56.3198 95.5924 118.267 95.2679 55.8164 0 0 0 0 0 0 
0 0 0 0 0 0 0 0 63.6218 0 0 0 0 0 0 0 0 
0 0 0 0 0 0 0 15.9975 0 15.9005 0 0 0 0 0 0 0 
0 0 0 0 0 0 0 0 0 0 0 0 0 0 0 0 0 
0 0 0 0 0 0 0 0 1.9732 0 0 0 0 0 0 0 0 
