1 0 0 0 0 0 0 0 0 0 0 0 0 0 0 0 1 
0 0 0 0 0 0 0 0 0 0 0 0 0 0 0 0 0 
0 16 0 0 0 0 0 0 0 0 0 0 0 0 0 16 0 
0 0 32.6734 0 0 0 0 0 0 0 0 0 0 0 31.8483 0 0 
0 0 87.3266 96.0098 23.6591 0 0 0 7.96394 0 0 0 23.6132 95.9253 88.1517 0 0 
0 0 0 258.4 255.109 191.937 96.5294 64.2345 0 64.1273 95.1997 192.404 256.774 257.168 0 0 0 
0 0 0 205.59 742.144 682.991 696.513 619.434 760.723 621.257 707.658 688.724 735.559 206.906 0 0 0 
0 0 0 0 571.786 1670.03 1821.45 1915.92 1589.13 1902.7 1804.27 1660.64 576.99 0 0 0 0 
0 0 0 0 227.301 1250.98 2937.26 3685.38 4364.15 3696.93 2935.87 1248.96 227.064 0 0 0 0 
0 0 0 0 0 445.097 1572.52 3144.36 3281.46 3136.86 1578.65 449.369 0 0 0 0 0 
0 0 0 0 0 126.968 764.198 1388.11 2104.35 1393.9 765.475 127.905 0 0 0 0 0 
0 0 0 0 0 0 63.6405 509.713 575.023 511.776 64.1618 0 0 0 0 0 0 
0 0 0 0 0 0 55.8898 96.7388 120.606 96.2409 56.7182 0 0 0 0 0 0 
0 0 0 0 0 0 0 0 64.5822 0 0 0 0 0 0 0 0 
0 0 0 0 0 0 0 16.1067 0 16.2165 0 0 0 0 0 0 0 
0 0 0 0 0 0 0 0 0 0 0 0 0 0 0 0 0 
0 0 0 0 0 0 0 0 2.01011 0 0 0 0 0 0 0 0 
