1 0 0 0 0 0 0 0 0 0 0 0 0 0 0 0 1 
0 0 0 0 0 0 0 0 0 0 0 0 0 0 0 0 0 
0 16 0 0 0 0 0 0 0 0 0 0 0 0 0 16 0 
0 0 32.0349 0 0 0 0 0 0 0 0 0 0 0 32.2784 0 0 
0 0 87.9651 95.7138 24.1564 0 0 0 8.03022 0 0 0 23.8683 95.8257 87.7216 0 0 
0 0 0 256.754 255.743 189.724 96.0789 63.8473 0 64.4236 96.1491 193.204 257.233 256.459 0 0 0 
0 0 0 207.533 737.181 686.742 702.498 623.797 765.496 619.863 700.701 686.131 740.799 207.715 0 0 0 
0 0 0 0 574.85 1663.09 1812.55 1910.87 1600.5 1915.47 1815.94 1674.06 571.021 0 0 0 0 
0 0 0 0 228.069 1255.58 2936.94 3672.95 4357.54 3691.85 2948.22 1244.63 227.079 0 0 0 0 
0 0 0 0 0 445.4 1571.95 3158.17 3259.93 3143.27 1563.22 442.259 0 0 0 0 0 
0 0 0 0 0 127.459 768.388 1389.68 2117.89 1381.96 764.938 127.717 0 0 0 0 0 
0 0 0 0 0 0 63.8455 509.04 573.838 511.609 62.8777 0 0 0 0 0 0 
0 0 0 0 0 0 55.7422 95.5187 121.124 95.5964 55.9624 0 0 0 0 0 0 
0 0 0 0 0 0 0 0 63.6304 0 0 0 0 0 0 0 0 
0 0 0 0 0 0 0 16.1251 0 15.9528 0 0 0 0 0 0 0 
0 0 0 0 0 0 0 0 0 0 0 0 0 0 0 0 0 
0 0 0 0 0 0 0 0 2.01782 0 0 0 0 0 0 0 0 
