1 0 0 0 0 0 0 0 0 0 0 0 0 0 0 0 1 
0 0 0 0 0 0 0 0 0 0 0 0 0 0 0 0 0 
0 16 0 0 0 0 0 0 0 0 0 0 0 0 0 16 0 
0 0 31.963 0 0 0 0 0 0 0 0 0 0 0 32.0282 0 0 
0 0 88.037 96.1774 23.6061 0 0 0 8.0704 0 0 0 23.5751 96.4646 87.9718 0 0 
0 0 0 255.744 254.611 191.637 95.4601 63.6494 0 64.9862 96.4655 192.317 255.346 256.071 0 0 0 
0 0 0 208.079 733.981 685.399 699.166 620.118 763.254 617.445 702.952 689.818 738.582 207.465 0 0 0 
0 0 0 0 578.472 1663.75 1814.36 1904.01 1584.95 1922.38 1820.82 1663.18 574.389 0 0 0 0 
0 0 0 0 229.331 1247.94 2933.71 3690.54 4363.79 3690.04 2936.25 1246.18 228.108 0 0 0 0 
0 0 0 0 0 449.798 1573.26 3145.13 3278.32 3129 1564.43 448.225 0 0 0 0 0 
0 0 0 0 0 129.475 771.768 1392.57 2110.45 1388.8 767.213 128.283 0 0 0 0 0 
0 0 0 0 0 0 63.9739 512.082 575.381 514.898 63.7812 0 0 0 0 0 0 
0 0 0 0 0 0 56.3052 95.8737 120.174 96.6952 56.081 0 0 0 0 0 0 
0 0 0 0 0 0 0 0 63.6502 0 0 0 0 0 0 0 0 
0 0 0 0 0 0 0 16.0208 0 15.7526 0 0 0 0 0 0 0 
0 0 0 0 0 0 0 0 0 0 0 0 0 0 0 0 0 
0 0 0 0 0 0 0 0 1.96149 0 0 0 0 0 0 0 0 
