1 0 0 0 0 0 0 0 0 0 0 0 0 0 0 0 1 
0 0 0 0 0 0 0 0 0 0 0 0 0 0 0 0 0 
0 16 0 0 0 0 0 0 0 0 0 0 0 0 0 16 0 
0 0 31.6716 0 0 0 0 0 0 0 0 0 0 0 32.0707 0 0 
0 0 88.3284 95.6649 24.2277 0 0 0 7.84235 0 0 0 24.1145 94.9303 87.9293 0 0 
0 0 0 256.768 255.851 192.305 96.6297 65.005 0 63.5425 95.0464 192.323 257.683 256.319 0 0 0 
0 0 0 207.567 735.762 684.614 701.572 624.9 761.147 621.712 696.663 691.456 732.872 208.751 0 0 0 
0 0 0 0 575.91 1662.4 1824.45 1921.22 1609.04 1925.46 1829.66 1655.04 578.057 0 0 0 0 
0 0 0 0 228.25 1252.19 2929.73 3688.99 4356.79 3656.98 2919.65 1252.73 227.273 0 0 0 0 
0 0 0 0 0 449.025 1566.14 3118.76 3242.27 3140.82 1573.82 450.033 0 0 0 0 0 
0 0 0 0 0 127.474 769.48 1390.93 2122.7 1402.5 774.767 126.418 0 0 0 0 0 
0 0 0 0 0 0 64.3449 517.009 581.364 516.836 62.6998 0 0 0 0 0 0 
0 0 0 0 0 0 55.646 97.0404 122.38 96.0594 55.6957 0 0 0 0 0 0 
0 0 0 0 0 0 0 0 64.4759 0 0 0 0 0 0 0 0 
0 0 0 0 0 0 0 16.1534 0 16.08 0 0 0 0 0 0 0 
0 0 0 0 0 0 0 0 0 0 0 0 0 0 0 0 0 
0 0 0 0 0 0 0 0 1.99117 0 0 0 0 0 0 0 0 
