1 0 0 0 0 0 0 0 0 0 0 0 0 0 0 0 1 
0 0 0 0 0 0 0 0 0 0 0 0 0 0 0 0 0 
0 16 0 0 0 0 0 0 0 0 0 0 0 0 0 16 0 
0 0 32.18 0 0 0 0 0 0 0 0 0 0 0 31.7865 0 0 
0 0 87.82 94.9795 23.6725 0 0 0 7.74776 0 0 0 23.8828 96.3528 88.2135 0 0 
0 0 0 257.185 255.53 192.578 95.5886 63.5016 0 62.9916 95.0909 191.652 256.935 255.714 0 0 0 
0 0 0 207.836 737.632 686.917 707.55 621.191 763.881 620.469 703.934 687.925 736.705 207.933 0 0 0 
0 0 0 0 576.174 1664.25 1813.83 1924.2 1594.57 1929.41 1831.95 1675.1 576.308 0 0 0 0 
0 0 0 0 226.991 1248.83 2937.38 3682.89 4385.14 3684.8 2931.78 1241.68 226.169 0 0 0 0 
0 0 0 0 0 447.464 1567.23 3135.49 3251.81 3138.98 1567.51 444.805 0 0 0 0 0 
0 0 0 0 0 127.955 767.273 1393.4 2105.22 1383.54 759.001 126.831 0 0 0 0 0 
0 0 0 0 0 0 63.6001 506.923 576.962 508.977 63.166 0 0 0 0 0 0 
0 0 0 0 0 0 55.5467 96.4853 118.981 95.1674 55.5749 0 0 0 0 0 0 
0 0 0 0 0 0 0 0 63.717 0 0 0 0 0 0 0 0 
0 0 0 0 0 0 0 15.9116 0 15.6663 0 0 0 0 0 0 0 
0 0 0 0 0 0 0 0 0 0 0 0 0 0 0 0 0 
0 0 0 0 0 0 0 0 1.97058 0 0 0 0 0 0 0 0 
