1 0 0 0 0 0 0 0 0 0 0 0 0 0 0 0 1 
0 0 0 0 0 0 0 0 0 0 0 0 0 0 0 0 0 
0 16 0 0 0 0 0 0 0 0 0 0 0 0 0 16 0 
0 0 31.8762 0 0 0 0 0 0 0 0 0 0 0 31.9966 0 0 
0 0 88.1238 96.467 23.813 0 0 0 7.95336 0 0 0 23.5037 96.2321 88.0034 0 0 
0 0 0 253.587 256.636 191.345 95.6865 64.7151 0 63.7685 96.6157 192.026 256.9 254.562 0 0 0 
0 0 0 209.946 733.248 682.372 697.632 622.326 763.345 615.528 700.134 690.598 742.078 209.206 0 0 0 
0 0 0 0 576.893 1667.17 1816.68 1903.84 1597.63 1918.09 1835.75 1666.99 568.642 0 0 0 0 
0 0 0 0 229.409 1252.76 2932.78 3682.44 4363.05 3687.52 2919.08 1247.37 228.876 0 0 0 0 
0 0 0 0 0 447.392 1580.08 3130.62 3265 3143.25 1570.74 443.542 0 0 0 0 0 
0 0 0 0 0 126.96 766.189 1412.21 2111.4 1390.08 767.411 127.47 0 0 0 0 0 
0 0 0 0 0 0 64.4645 512.381 577.537 510.1 63.0755 0 0 0 0 0 0 
0 0 0 0 0 0 54.4884 95.8806 118.669 95.7375 55.1934 0 0 0 0 0 0 
0 0 0 0 0 0 0 0 63.4641 0 0 0 0 0 0 0 0 
0 0 0 0 0 0 0 15.5834 0 15.9233 0 0 0 0 0 0 0 
0 0 0 0 0 0 0 0 0 0 0 0 0 0 0 0 0 
0 0 0 0 0 0 0 0 1.94811 0 0 0 0 0 0 0 0 
