1 0 0 0 0 0 0 0 0 0 0 0 0 0 0 0 1 
0 0 0 0 0 0 0 0 0 0 0 0 0 0 0 0 0 
0 16 0 0 0 0 0 0 0 0 0 0 0 0 0 16 0 
0 0 31.732 0 0 0 0 0 0 0 0 0 0 0 31.9695 0 0 
0 0 88.268 96.4375 24.3834 0 0 0 8.02304 0 0 0 24.4743 97.1339 88.0305 0 0 
0 0 0 254.964 256.197 192.513 95.9902 64.2364 0 63.9719 96.1129 193.997 259.166 255.994 0 0 0 
0 0 0 208.599 736.525 690.2 704.148 622.209 764.746 622.383 705.703 691.387 736.542 206.872 0 0 0 
0 0 0 0 573.835 1662.63 1825.56 1918.23 1608.07 1921.88 1830.47 1667.74 573.789 0 0 0 0 
0 0 0 0 229.059 1245.95 2929.76 3680.56 4364.74 3695.55 2923.4 1239.6 226.029 0 0 0 0 
0 0 0 0 0 448.002 1562.12 3136.09 3262.44 3131.27 1562.33 446.824 0 0 0 0 0 
0 0 0 0 0 128.703 771.059 1392.42 2097.8 1380.57 770.186 128.455 0 0 0 0 0 
0 0 0 0 0 0 63.5881 514.42 578.495 513.788 63.9531 0 0 0 0 0 0 
0 0 0 0 0 0 55.7789 95.8993 120.039 94.5785 55.8478 0 0 0 0 0 0 
0 0 0 0 0 0 0 0 63.6462 0 0 0 0 0 0 0 0 
0 0 0 0 0 0 0 15.9343 0 16.0065 0 0 0 0 0 0 0 
0 0 0 0 0 0 0 0 0 0 0 0 0 0 0 0 0 
0 0 0 0 0 0 0 0 1.99411 0 0 0 0 0 0 0 0 
