1 0 0 0 0 0 0 0 0 0 0 0 0 0 0 0 1 
0 0 0 0 0 0 0 0 0 0 0 0 0 0 0 0 0 
0 16 0 0 0 0 0 0 0 0 0 0 0 0 0 16 0 
0 0 32.2674 0 0 0 0 0 0 0 0 0 0 0 32.1581 0 0 
0 0 87.7326 96.842 24.5714 0 0 0 8.13451 0 0 0 24.3096 96.845 87.8419 0 0 
0 0 0 255.056 259.124 194.264 97.751 65.3723 0 64.9403 96.8766 192.426 261.414 254.995 0 0 0 
0 0 0 208.102 737.344 695.5 706.618 628.091 784.408 633.594 704.973 690.281 731.201 208.16 0 0 0 
0 0 0 0 568.795 1667.85 1829.37 1938.06 1603.4 1936.05 1823.19 1659.31 575.15 0 0 0 0 
0 0 0 0 230.166 1240.25 2945.7 3674.37 4375.11 3646.89 2925.4 1245.37 227.925 0 0 0 0 
0 0 0 0 0 443.437 1558.63 3120.84 3227.09 3136.73 1567.74 449.789 0 0 0 0 0 
0 0 0 0 0 126.7 752.331 1387.73 2109.25 1392.51 768.922 130.822 0 0 0 0 0 
0 0 0 0 0 0 62.4652 514.652 577.725 516.065 64.3752 0 0 0 0 0 0 
0 0 0 0 0 0 55.1267 95.2286 119.047 97.1308 56.5189 0 0 0 0 0 0 
0 0 0 0 0 0 0 0 63.873 0 0 0 0 0 0 0 0 
0 0 0 0 0 0 0 15.6623 0 16.0884 0 0 0 0 0 0 0 
0 0 0 0 0 0 0 0 0 0 0 0 0 0 0 0 0 
0 0 0 0 0 0 0 0 1.96403 0 0 0 0 0 0 0 0 
