1 0 0 0 0 0 0 0 0 0 0 0 0 0 0 0 1 
0 0 0 0 0 0 0 0 0 0 0 0 0 0 0 0 0 
0 16 0 0 0 0 0 0 0 0 0 0 0 0 0 16 0 
0 0 32.0834 0 0 0 0 0 0 0 0 0 0 0 32.5369 0 0 
0 0 87.9166 96.3381 23.4854 0 0 0 8.18676 0 0 0 24.8013 97.4671 87.4631 0 0 
0 0 0 257.524 258.511 194.414 94.1088 61.8551 0 63.464 97.4109 193.919 259.213 258.245 0 0 0 
0 0 0 206.138 729.24 683.522 705.814 634.157 787.136 630.856 718.607 697.44 739.158 204.288 0 0 0 
0 0 0 0 578.282 1678.54 1833.24 1893.37 1584.71 1911.04 1795.18 1654.47 573.745 0 0 0 0 
0 0 0 0 230.481 1229.06 2904.72 3694.53 4366.88 3682.42 2959.68 1254.37 223.083 0 0 0 0 
0 0 0 0 0 452.999 1581.26 3126.94 3278.07 3161.28 1551.32 441.687 0 0 0 0 0 
0 0 0 0 0 129.461 770.484 1407.8 2100.18 1386.88 765.472 126.114 0 0 0 0 0 
0 0 0 0 0 0 62.2013 510.184 561.669 495.573 65.3062 0 0 0 0 0 0 
0 0 0 0 0 0 56.1677 95.0779 119.226 92.9299 55.0214 0 0 0 0 0 0 
0 0 0 0 0 0 0 0 61.8948 0 0 0 0 0 0 0 0 
0 0 0 0 0 0 0 16.0909 0 15.5619 0 0 0 0 0 0 0 
0 0 0 0 0 0 0 0 0 0 0 0 0 0 0 0 0 
0 0 0 0 0 0 0 0 2.05532 0 0 0 0 0 0 0 0 
