1 0 0 0 0 0 0 0 0 0 0 0 0 0 0 0 0 
0 0 0 0 0 0 0 0 0 0 0 0 0 0 0 0 0 
0 16 0 0 0 0 0 0 0 0 0 0 0 0 0 0 0 
0 0 32 0 0 0 0 0 0 0 0 0 0 0 0 0 0 
0 0 88 98.0267 24.5067 0 0 0 7.96661 0 0 0 0 0 0 0 0 
0 0 0 251.947 259.54 191.27 97.7764 63.7328 0 0 0 0 0 0 0 0 0 
0 0 0 210.027 731.375 689.59 699.936 623.013 763.006 0 0 0 0 0 0 0 0 
0 0 0 0 572.604 1669.07 1827.88 1895.7 1592.5 0 0 0 0 0 0 0 0 
0 0 0 0 231.974 1238.93 2929.94 3730.81 4361.36 0 0 0 0 0 0 0 0 
0 0 0 0 0 448.21 1559.16 3109.05 3296.5 0 0 0 0 0 0 0 0 
0 0 0 0 0 130.926 774.439 1397.44 2081.37 0 0 0 0 0 0 0 0 
0 0 0 0 0 0 62.4411 508.229 584.002 0 0 0 0 0 0 0 0 
0 0 0 0 0 0 56.4293 95.8947 119.386 0 0 0 0 0 0 0 0 
0 0 0 0 0 0 0 0 61.8934 0 0 0 0 0 0 0 0 
0 0 0 0 0 0 0 16.1226 0 0 0 0 0 0 0 0 0 
0 0 0 0 0 0 0 0 0 0 0 0 0 0 0 0 0 
0 0 0 0 0 0 0 0 2.01533 0 0 0 0 0 0 0 0 
