1 0 0 0 0 0 0 0 0 0 0 0 0 0 0 0 1 
0 0 0 0 0 0 0 0 0 0 0 0 0 0 0 0 0 
0 16 0 0 0 0 0 0 0 0 0 0 0 0 0 16 0 
0 0 32.1087 0 0 0 0 0 0 0 0 0 0 0 32.1948 0 0 
0 0 87.8913 95.346 23.9207 0 0 0 8.00597 0 0 0 24.2602 96.5214 87.8052 0 0 
0 0 0 257.262 254.329 192.571 97.4684 64.4779 0 63.7784 95.3543 191.609 255.904 256.318 0 0 0 
0 0 0 207.392 736.862 691.61 705.145 623.408 765.853 616.878 702.098 689.233 741.792 207.161 0 0 0 
0 0 0 0 576.825 1661.69 1820.59 1918.73 1597.35 1919.68 1822.81 1663.1 570.4 0 0 0 0 
0 0 0 0 228.063 1247.81 2928.64 3686.94 4375.14 3695.53 2935.29 1250.81 227.644 0 0 0 0 
0 0 0 0 0 446.428 1561.94 3132.77 3258.42 3131.62 1570.73 445.787 0 0 0 0 0 
0 0 0 0 0 127.885 773.21 1391.21 2106.29 1393.96 762.831 127.464 0 0 0 0 0 
0 0 0 0 0 0 64.4785 510.616 573.108 508.653 63.2017 0 0 0 0 0 0 
0 0 0 0 0 0 56.5351 95.9662 120.123 93.9891 55.6858 0 0 0 0 0 0 
0 0 0 0 0 0 0 0 63.7761 0 0 0 0 0 0 0 0 
0 0 0 0 0 0 0 15.8762 0 15.9118 0 0 0 0 0 0 0 
0 0 0 0 0 0 0 0 0 0 0 0 0 0 0 0 0 
0 0 0 0 0 0 0 0 1.93747 0 0 0 0 0 0 0 0 
