1 0 0 0 0 0 0 0 0 0 0 0 0 0 0 0 1 
0 0 0 0 0 0 0 0 0 0 0 0 0 0 0 0 0 
0 16 0 0 0 0 0 0 0 0 0 0 0 0 0 16 0 
0 0 32.0152 0 0 0 0 0 0 0 0 0 0 0 31.8308 0 0 
0 0 87.9848 96.6941 24.453 0 0 0 8.0699 0 0 0 23.7145 96.7036 88.1692 0 0 
0 0 0 254.374 258.496 190.279 93.9297 62.9653 0 64.0709 96.6636 189.183 255.914 255.706 0 0 0 
0 0 0 208.932 737.646 686.924 702.855 624.365 772.193 625.023 699.901 688.343 738.539 207.591 0 0 0 
0 0 0 0 571.511 1667.74 1826.12 1931.66 1607.98 1930.69 1821.71 1659.77 575.627 0 0 0 0 
0 0 0 0 227.894 1245.71 2918.62 3664.25 4352.72 3664.6 2927.76 1253.97 226.205 0 0 0 0 
0 0 0 0 0 449.315 1576.06 3129.92 3240.62 3134 1573.84 449.136 0 0 0 0 0 
0 0 0 0 0 128.037 771.212 1401.77 2122.68 1392.8 768.607 127.597 0 0 0 0 0 
0 0 0 0 0 0 63.7004 513.065 579.227 516.428 63.5902 0 0 0 0 0 0 
0 0 0 0 0 0 55.5055 96.0763 120.453 96.5574 55.9299 0 0 0 0 0 0 
0 0 0 0 0 0 0 0 64.0775 0 0 0 0 0 0 0 0 
0 0 0 0 0 0 0 15.9318 0 15.8347 0 0 0 0 0 0 0 
0 0 0 0 0 0 0 0 0 0 0 0 0 0 0 0 0 
0 0 0 0 0 0 0 0 1.98572 0 0 0 0 0 0 0 0 
