1 0 0 0 0 0 0 0 0 0 0 0 0 0 0 0 1 
0 0 0 0 0 0 0 0 0 0 0 0 0 0 0 0 0 
0 16 0 0 0 0 0 0 0 0 0 0 0 0 0 16 0 
0 0 32.3423 0 0 0 0 0 0 0 0 0 0 0 32.0641 0 0 
0 0 87.6577 96.5647 24.3926 0 0 0 8.17533 0 0 0 24.3013 96.5754 87.9359 0 0 
0 0 0 255.59 255.957 192.33 96.0184 63.8468 0 64.1145 95.4405 193.654 256.018 255.185 0 0 0 
0 0 0 207.846 735.554 688.056 706.291 623.69 771.65 626.601 704.463 683.693 733.525 208.239 0 0 0 
0 0 0 0 575.672 1675.12 1819.2 1913.5 1615.3 1915.96 1822.4 1661.04 578.605 0 0 0 0 
0 0 0 0 228.425 1237.08 2932.52 3683.16 4352.23 3672.56 2926.41 1253.38 227.55 0 0 0 0 
0 0 0 0 0 447.435 1567.86 3149.34 3251.51 3147.57 1567.79 447.375 0 0 0 0 0 
0 0 0 0 0 127.978 766.709 1386.71 2106.56 1389.97 771.827 128.862 0 0 0 0 0 
0 0 0 0 0 0 63.9558 508.891 579.392 511.436 64.022 0 0 0 0 0 0 
0 0 0 0 0 0 55.4448 95.0529 119.259 95.7745 55.655 0 0 0 0 0 0 
0 0 0 0 0 0 0 0 63.9258 0 0 0 0 0 0 0 0 
0 0 0 0 0 0 0 15.8125 0 16.0047 0 0 0 0 0 0 0 
0 0 0 0 0 0 0 0 0 0 0 0 0 0 0 0 0 
0 0 0 0 0 0 0 0 1.99901 0 0 0 0 0 0 0 0 
