1 0 0 0 0 0 0 0 0 0 0 0 0 0 0 0 1 
0 0 0 0 0 0 0 0 0 0 0 0 0 0 0 0 0 
0 16 0 0 0 0 0 0 0 0 0 0 0 0 0 16 0 
0 0 32.0164 0 0 0 0 0 0 0 0 0 0 0 31.9652 0 0 
0 0 87.9836 95.6785 24.0345 0 0 0 7.99137 0 0 0 23.9207 95.9216 88.0348 0 0 
0 0 0 256.904 253.235 190.626 95.7819 64.3849 0 63.5369 95.3166 190.014 255.76 255.856 0 0 0 
0 0 0 207.417 736.669 677.713 700.683 625.858 764.146 622.577 701.921 683.75 735.717 208.223 0 0 0 
0 0 0 0 577.444 1667.54 1821.98 1915.04 1599.34 1915.88 1819.84 1667.19 577.196 0 0 0 0 
0 0 0 0 228.618 1254 2927.57 3668.84 4348 3677.49 2940.88 1252.32 227.407 0 0 0 0 
0 0 0 0 0 448.667 1573.76 3145.91 3271.5 3145.74 1561.64 447.917 0 0 0 0 0 
0 0 0 0 0 129.454 768.043 1395.05 2120.01 1389.12 768.135 126.806 0 0 0 0 0 
0 0 0 0 0 0 63.6079 512.91 573.019 513.013 64.5225 0 0 0 0 0 0 
0 0 0 0 0 0 56.5787 95.8338 119.682 96.6127 55.7453 0 0 0 0 0 0 
0 0 0 0 0 0 0 0 64.3096 0 0 0 0 0 0 0 0 
0 0 0 0 0 0 0 16.1734 0 16.026 0 0 0 0 0 0 0 
0 0 0 0 0 0 0 0 0 0 0 0 0 0 0 0 0 
0 0 0 0 0 0 0 0 2.00729 0 0 0 0 0 0 0 0 
