1 0 0 0 0 0 0 0 0 0 0 0 0 0 0 0 1 
0 0 0 0 0 0 0 0 0 0 0 0 0 0 0 0 0 
0 16 0 0 0 0 0 0 0 0 0 0 0 0 0 16 0 
0 0 32.0402 0 0 0 0 0 0 0 0 0 0 0 31.8831 0 0 
0 0 87.9598 95.9828 23.6662 0 0 0 7.94545 0 0 0 24.547 95.4337 88.1169 0 0 
0 0 0 255.937 254.211 190.224 94.3317 62.8286 0 64.3313 96.6569 192.232 257.583 255.258 0 0 0 
0 0 0 208.081 737.841 690.516 701.516 625.389 766.817 624.693 711.6 688.619 732.773 209.308 0 0 0 
0 0 0 0 575.411 1663.64 1822.86 1917.02 1601.34 1929.47 1823.27 1657.82 576.404 0 0 0 0 
0 0 0 0 228.871 1247.77 2940.37 3686.53 4368.17 3680.51 2906.29 1252.1 228.694 0 0 0 0 
0 0 0 0 0 445.843 1562.08 3141.39 3268.01 3119.1 1581.25 449.424 0 0 0 0 0 
0 0 0 0 0 130.007 766.531 1382.51 2092.68 1399.93 769.504 127.797 0 0 0 0 0 
0 0 0 0 0 0 63.9203 512.387 579.697 510.022 64.0854 0 0 0 0 0 0 
0 0 0 0 0 0 56.3951 95.7761 119.473 95.9808 55.3392 0 0 0 0 0 0 
0 0 0 0 0 0 0 0 63.8928 0 0 0 0 0 0 0 0 
0 0 0 0 0 0 0 16.1717 0 15.9696 0 0 0 0 0 0 0 
0 0 0 0 0 0 0 0 0 0 0 0 0 0 0 0 0 
0 0 0 0 0 0 0 0 1.97481 0 0 0 0 0 0 0 0 
