1 0 0 0 0 0 0 0 0 0 0 0 0 0 0 0 1 
0 0 0 0 0 0 0 0 0 0 0 0 0 0 0 0 0 
0 16 0 0 0 0 0 0 0 0 0 0 0 0 0 16 0 
0 0 32.1402 0 0 0 0 0 0 0 0 0 0 0 32.0872 0 0 
0 0 87.8598 96.9535 24.0986 0 0 0 8.00365 0 0 0 23.887 96.3462 87.9128 0 0 
0 0 0 254.51 256.343 191.435 95.767 64.3575 0 62.8055 94.509 190.615 256.627 256.104 0 0 0 
0 0 0 208.537 733.941 686.456 706.397 622.892 763.322 619.521 702.897 688.943 736.347 207.55 0 0 0 
0 0 0 0 578.609 1660.96 1823.59 1915.86 1597.58 1909.18 1818.62 1665.57 575.154 0 0 0 0 
0 0 0 0 227.009 1256.22 2935.49 3688.09 4357.15 3689.42 2942.87 1248.17 227.984 0 0 0 0 
0 0 0 0 0 445.39 1560.84 3136.62 3265.94 3147.27 1566.88 446.851 0 0 0 0 0 
0 0 0 0 0 127.534 766.439 1388.09 2119.42 1390.79 762.899 127.843 0 0 0 0 0 
0 0 0 0 0 0 63.5377 512.216 571.848 509.482 63.0601 0 0 0 0 0 0 
0 0 0 0 0 0 55.9374 95.8521 120.591 95.4543 56.2587 0 0 0 0 0 0 
0 0 0 0 0 0 0 0 64.1678 0 0 0 0 0 0 0 0 
0 0 0 0 0 0 0 16.0323 0 16.0834 0 0 0 0 0 0 0 
0 0 0 0 0 0 0 0 0 0 0 0 0 0 0 0 0 
0 0 0 0 0 0 0 0 1.98065 0 0 0 0 0 0 0 0 
