1 0 0 0 0 0 0 0 0 0 0 0 0 0 0 0 1 
0 0 0 0 0 0 0 0 0 0 0 0 0 0 0 0 0 
0 16 0 0 0 0 0 0 0 0 0 0 0 0 0 16 0 
0 0 31.7504 0 0 0 0 0 0 0 0 0 0 0 31.7624 0 0 
0 0 88.2496 94.7712 23.6733 0 0 0 7.74256 0 0 0 23.8211 95.9152 88.2376 0 0 
0 0 0 255.237 256.551 194.689 94.6705 63.3292 0 62.7894 95.0175 190.815 255.586 255.439 0 0 0 
0 0 0 209.992 734.05 697.486 708.808 630.461 765.81 624.199 705.153 687.037 733.935 208.646 0 0 0 
0 0 0 0 577.099 1657.03 1825.19 1934.82 1605.29 1914.26 1822.19 1665.39 578.907 0 0 0 0 
0 0 0 0 228.627 1245.98 2918.18 3653.28 4361.83 3668.34 2911.3 1244.23 227.751 0 0 0 0 
0 0 0 0 0 444.469 1570.42 3138.1 3243.67 3147.76 1575.97 452.905 0 0 0 0 0 
0 0 0 0 0 128.345 769.46 1390.3 2116.16 1395.1 777.961 127.623 0 0 0 0 0 
0 0 0 0 0 0 64.1944 515.832 581.631 516.823 64.1383 0 0 0 0 0 0 
0 0 0 0 0 0 57.0771 97.7443 120.917 94.7502 56.2623 0 0 0 0 0 0 
0 0 0 0 0 0 0 0 64.9303 0 0 0 0 0 0 0 0 
0 0 0 0 0 0 0 16.1343 0 15.9864 0 0 0 0 0 0 0 
0 0 0 0 0 0 0 0 0 0 0 0 0 0 0 0 0 
0 0 0 0 0 0 0 0 2.02184 0 0 0 0 0 0 0 0 
