1 0 0 0 0 0 0 0 0 0 0 0 0 0 0 0 1 
0 0 0 0 0 0 0 0 0 0 0 0 0 0 0 0 0 
0 16 0 0 0 0 0 0 0 0 0 0 0 0 0 16 0 
0 0 32.2425 0 0 0 0 0 0 0 0 0 0 0 32.0327 0 0 
0 0 87.7575 95.4385 23.8713 0 0 0 8.1113 0 0 0 23.7251 95.6533 87.9673 0 0 
0 0 0 257.225 254.438 192.723 96.0445 64.5426 0 64.5966 96.3619 192.571 255.554 255.393 0 0 0 
0 0 0 207.337 732.972 687.695 700.386 623.1 771.87 624.752 705.292 687.843 730.82 208.953 0 0 0 
0 0 0 0 579.564 1660.02 1819.46 1927.35 1608.64 1930.26 1827.21 1655.39 580.404 0 0 0 0 
0 0 0 0 229.154 1251.46 2930.08 3666.28 4363.91 3678.01 2926.97 1255.07 229.497 0 0 0 0 
0 0 0 0 0 448.262 1568.97 3140.36 3256.13 3131.03 1564.06 448.09 0 0 0 0 0 
0 0 0 0 0 127.844 772.218 1391.55 2101.62 1390.75 768.279 129.036 0 0 0 0 0 
0 0 0 0 0 0 64.5472 515.38 573.496 508.758 63.6485 0 0 0 0 0 0 
0 0 0 0 0 0 56.2856 95.4872 120.314 95.7397 56.1738 0 0 0 0 0 0 
0 0 0 0 0 0 0 0 63.8923 0 0 0 0 0 0 0 0 
0 0 0 0 0 0 0 15.9518 0 16.0905 0 0 0 0 0 0 0 
0 0 0 0 0 0 0 0 0 0 0 0 0 0 0 0 0 
0 0 0 0 0 0 0 0 2.00363 0 0 0 0 0 0 0 0 
