1 0 0 0 0 0 0 0 0 0 0 0 0 0 0 0 1 
0 0 0 0 0 0 0 0 0 0 0 0 0 0 0 0 0 
0 16 0 0 0 0 0 0 0 0 0 0 0 0 0 16 0 
0 0 31.6034 0 0 0 0 0 0 0 0 0 0 0 32.1231 0 0 
0 0 88.3966 94.8394 23.9928 0 0 0 8.03726 0 0 0 24.2648 96.1618 87.8769 0 0 
0 0 0 255.659 255.363 192.514 95.6328 63.683 0 63.7098 96.375 190.874 254.528 255.925 0 0 0 
0 0 0 209.502 735.848 686.847 708.906 630.53 775.537 619.937 700.868 688.336 738.026 207.913 0 0 0 
0 0 0 0 575.931 1662.31 1820.46 1909.37 1584.78 1933.51 1830.68 1667.42 575.671 0 0 0 0 
0 0 0 0 228.865 1254.04 2923.44 3689.68 4351.71 3677.14 2920.5 1246.41 227.51 0 0 0 0 
0 0 0 0 0 444.351 1570.88 3126.26 3271.74 3122.5 1562.45 448.164 0 0 0 0 0 
0 0 0 0 0 127.94 768.099 1400.93 2114.56 1394.13 775.735 126.794 0 0 0 0 0 
0 0 0 0 0 0 64.2609 508.136 578.569 515.436 64.7381 0 0 0 0 0 0 
0 0 0 0 0 0 56.3245 95.1259 119.159 97.6543 56.6509 0 0 0 0 0 0 
0 0 0 0 0 0 0 0 63.8901 0 0 0 0 0 0 0 0 
0 0 0 0 0 0 0 16.284 0 15.9813 0 0 0 0 0 0 0 
0 0 0 0 0 0 0 0 0 0 0 0 0 0 0 0 0 
0 0 0 0 0 0 0 0 2.02368 0 0 0 0 0 0 0 0 
