1 0 0 0 0 0 0 0 0 0 0 0 0 0 0 0 1 
0 0 0 0 0 0 0 0 0 0 0 0 0 0 0 0 0 
0 16 0 0 0 0 0 0 0 0 0 0 0 0 0 16 0 
0 0 31.9572 0 0 0 0 0 0 0 0 0 0 0 32.0226 0 0 
0 0 88.0428 96.2466 23.8075 0 0 0 8.08242 0 0 0 24.0183 96.5555 87.9774 0 0 
0 0 0 255.347 257.28 192.178 95.6447 64.223 0 65.7391 98.7858 193.815 255.45 256.842 0 0 0 
0 0 0 208.407 733.135 690.433 705.925 631.313 773.561 631.602 709.816 685.699 736.788 206.602 0 0 0 
0 0 0 0 576.054 1658.45 1832.41 1917.49 1603.08 1919.54 1813.21 1662.53 576.444 0 0 0 0 
0 0 0 0 229.724 1249.99 2919.38 3683.35 4348.37 3659.39 2932.41 1252.66 227.3 0 0 0 0 
0 0 0 0 0 447.613 1560.82 3126.06 3258.09 3141.39 1565.91 445.669 0 0 0 0 0 
0 0 0 0 0 129.332 772.411 1392.41 2112.82 1399.51 768.308 127.63 0 0 0 0 0 
0 0 0 0 0 0 64.6448 512.372 578.534 510 63.9281 0 0 0 0 0 0 
0 0 0 0 0 0 56.7631 96.4933 120.823 96.8347 55.6372 0 0 0 0 0 0 
0 0 0 0 0 0 0 0 64.6112 0 0 0 0 0 0 0 0 
0 0 0 0 0 0 0 16.293 0 15.9923 0 0 0 0 0 0 0 
0 0 0 0 0 0 0 0 0 0 0 0 0 0 0 0 0 
0 0 0 0 0 0 0 0 2.02875 0 0 0 0 0 0 0 0 
