1 0 0 0 0 0 0 0 0 0 0 0 0 0 0 0 1 
0 0 0 0 0 0 0 0 0 0 0 0 0 0 0 0 0 
0 16 0 0 0 0 0 0 0 0 0 0 0 0 0 16 0 
0 0 32.2014 0 0 0 0 0 0 0 0 0 0 0 31.9802 0 0 
0 0 87.7986 95.3595 23.942 0 0 0 8.0585 0 0 0 23.9509 96.7547 88.0198 0 0 
0 0 0 256.589 256.171 192.528 96.9305 64.7876 0 64.0264 96.3352 191.674 256.469 255.982 0 0 0 
0 0 0 208.051 733.484 681.056 708.381 631.139 773.972 626.357 705.293 684.838 734.571 207.263 0 0 0 
0 0 0 0 577.601 1660.62 1823.37 1927.01 1602.63 1922.41 1825.32 1665.68 577.827 0 0 0 0 
0 0 0 0 228.802 1257.07 2910.87 3660.84 4342.93 3671.63 2931.24 1247.72 227.181 0 0 0 0 
0 0 0 0 0 448.324 1574.76 3130.03 3258.81 3143.59 1559.66 449.279 0 0 0 0 0 
0 0 0 0 0 128.398 773.595 1398.81 2117.96 1387.9 769.781 128.814 0 0 0 0 0 
0 0 0 0 0 0 63.9507 515.955 578.796 512.393 63.8914 0 0 0 0 0 0 
0 0 0 0 0 0 56.1469 95.0635 121.175 95.839 56.484 0 0 0 0 0 0 
0 0 0 0 0 0 0 0 63.6446 0 0 0 0 0 0 0 0 
0 0 0 0 0 0 0 16.3615 0 15.8471 0 0 0 0 0 0 0 
0 0 0 0 0 0 0 0 0 0 0 0 0 0 0 0 0 
0 0 0 0 0 0 0 0 2.02586 0 0 0 0 0 0 0 0 
