1 0 0 0 0 0 0 0 0 0 0 0 0 0 0 0 1 
0 0 0 0 0 0 0 0 0 0 0 0 0 0 0 0 0 
0 16 0 0 0 0 0 0 0 0 0 0 0 0 0 16 0 
0 0 31.6918 0 0 0 0 0 0 0 0 0 0 0 32.4188 0 0 
0 0 88.3082 95.5613 23.6384 0 0 0 8.1997 0 0 0 24.0637 96.2935 87.5812 0 0 
0 0 0 258.154 258.129 190.278 96.0909 63.707 0 63.6512 96.2218 190.737 255.454 256.042 0 0 0 
0 0 0 206.284 740.612 695.252 703.932 623.886 773.183 625.717 707.382 690.368 736.321 207.665 0 0 0 
0 0 0 0 568.737 1668.28 1828.27 1911.55 1596.72 1921.49 1814.13 1653.36 575.92 0 0 0 0 
0 0 0 0 228.884 1243.19 2934.01 3676.94 4365.17 3677.6 2937.14 1255.37 228.241 0 0 0 0 
0 0 0 0 0 444.827 1567.01 3163.23 3247.06 3127.32 1567.31 449.697 0 0 0 0 0 
0 0 0 0 0 126.174 758.657 1384.98 2121.15 1401.77 766.676 128.472 0 0 0 0 0 
0 0 0 0 0 0 64.2379 503.484 572.071 511.313 64.3212 0 0 0 0 0 0 
0 0 0 0 0 0 55.7946 96.3573 120.524 95.5424 54.8144 0 0 0 0 0 0 
0 0 0 0 0 0 0 0 64.0343 0 0 0 0 0 0 0 0 
0 0 0 0 0 0 0 15.8647 0 15.585 0 0 0 0 0 0 0 
0 0 0 0 0 0 0 0 0 0 0 0 0 0 0 0 0 
0 0 0 0 0 0 0 0 1.8932 0 0 0 0 0 0 0 0 
