1 0 0 0 0 0 0 0 0 0 0 0 0 0 0 0 1 
0 0 0 0 0 0 0 0 0 0 0 0 0 0 0 0 0 
0 16 0 0 0 0 0 0 0 0 0 0 0 0 0 16 0 
0 0 31.892 0 0 0 0 0 0 0 0 0 0 0 32.3631 0 0 
0 0 88.108 95.5478 24.0124 0 0 0 8.08699 0 0 0 23.3206 95.2964 87.6369 0 0 
0 0 0 254.763 256.097 192.219 96.6374 63.8617 0 64.2566 95.5288 187.677 253.156 256.713 0 0 0 
0 0 0 209.689 736.487 685.244 698.496 620.923 768.632 619.818 701.535 687.773 739.251 207.99 0 0 0 
0 0 0 0 572.476 1662.76 1832.85 1926.84 1609.27 1933.76 1820.79 1670.2 576.594 0 0 0 0 
0 0 0 0 230.929 1251.86 2924.06 3680.19 4330.22 3680.49 2937.61 1252.95 227.678 0 0 0 0 
0 0 0 0 0 446.608 1569.46 3125.53 3272.34 3128.31 1575 444.025 0 0 0 0 0 
0 0 0 0 0 129.304 767.118 1399.92 2123.58 1394.75 758.953 125.379 0 0 0 0 0 
0 0 0 0 0 0 63.7373 513.118 574.424 508.156 63.3871 0 0 0 0 0 0 
0 0 0 0 0 0 55.6439 93.7961 118.531 94.636 55.19 0 0 0 0 0 0 
0 0 0 0 0 0 0 0 62.9458 0 0 0 0 0 0 0 0 
0 0 0 0 0 0 0 15.8184 0 15.8249 0 0 0 0 0 0 0 
0 0 0 0 0 0 0 0 0 0 0 0 0 0 0 0 0 
0 0 0 0 0 0 0 0 1.97169 0 0 0 0 0 0 0 0 
