1 0 0 0 0 0 0 0 0 0 0 0 0 0 0 0 1 
0 0 0 0 0 0 0 0 0 0 0 0 0 0 0 0 0 
0 16 0 0 0 0 0 0 0 0 0 0 0 0 0 16 0 
0 0 32.3763 0 0 0 0 0 0 0 0 0 0 0 31.7068 0 0 
0 0 87.6237 96.0455 23.9459 0 0 0 7.90822 0 0 0 23.9116 95.7641 88.2932 0 0 
0 0 0 255.96 252.773 190.352 96.7016 64.2055 0 63.4169 95.5017 192.765 253.242 255.981 0 0 0 
0 0 0 207.994 733.229 685.998 696.727 618.498 763.785 615.97 699.685 687.312 743.315 208.255 0 0 0 
0 0 0 0 582.784 1659.11 1817.18 1925.85 1601.11 1921.42 1832.63 1668.97 572.023 0 0 0 0 
0 0 0 0 227.268 1250.57 2935.89 3678.87 4360.45 3686.85 2925.48 1245.87 227.508 0 0 0 0 
0 0 0 0 0 454.528 1568.07 3130.49 3262.45 3144.32 1570.8 444.479 0 0 0 0 0 
0 0 0 0 0 127.437 772.806 1394.78 2114.3 1385.18 763.326 128.604 0 0 0 0 0 
0 0 0 0 0 0 64.4607 515.178 573.75 509.895 63.8164 0 0 0 0 0 0 
0 0 0 0 0 0 56.1552 95.9891 120.207 96.9192 56.7611 0 0 0 0 0 0 
0 0 0 0 0 0 0 0 64.0594 0 0 0 0 0 0 0 0 
0 0 0 0 0 0 0 16.1348 0 16.027 0 0 0 0 0 0 0 
0 0 0 0 0 0 0 0 0 0 0 0 0 0 0 0 0 
0 0 0 0 0 0 0 0 1.97685 0 0 0 0 0 0 0 0 
