1 0 0 0 0 0 0 0 0 0 0 0 0 0 0 0 1 
0 0 0 0 0 0 0 0 0 0 0 0 0 0 0 0 0 
0 16 0 0 0 0 0 0 0 0 0 0 0 0 0 16 0 
0 0 32.0327 0 0 0 0 0 0 0 0 0 0 0 31.3753 0 0 
0 0 87.9673 96.5895 24.2811 0 0 0 8.27622 0 0 0 23.5092 94.5422 88.6247 0 0 
0 0 0 254.948 256.988 194.193 98.0732 65.6374 0 65.2395 96.9461 193.163 256.178 256.886 0 0 0 
0 0 0 208.463 729.062 688.604 708.644 630.68 774.151 628.225 706.755 689.734 738.725 208.572 0 0 0 
0 0 0 0 580.968 1670.31 1822.18 1921.58 1598.59 1925.97 1831.3 1663.59 574.776 0 0 0 0 
0 0 0 0 228.701 1238.19 2937.42 3686.55 4377.57 3690.84 2925.44 1247.55 226.812 0 0 0 0 
0 0 0 0 0 449.845 1566.1 3135.58 3259.95 3128.77 1564.56 446.068 0 0 0 0 0 
0 0 0 0 0 126.862 756.628 1378.87 2090.57 1379.8 764.353 127.892 0 0 0 0 0 
0 0 0 0 0 0 63.5259 509.317 576.341 511.289 63.3734 0 0 0 0 0 0 
0 0 0 0 0 0 55.4331 96.0569 119.201 94.0725 55.2824 0 0 0 0 0 0 
0 0 0 0 0 0 0 0 63.4276 0 0 0 0 0 0 0 0 
0 0 0 0 0 0 0 15.731 0 15.7877 0 0 0 0 0 0 0 
0 0 0 0 0 0 0 0 0 0 0 0 0 0 0 0 0 
0 0 0 0 0 0 0 0 1.924 0 0 0 0 0 0 0 0 
