1 0 0 0 0 0 0 0 0 0 0 0 0 0 0 0 1 
0 0 0 0 0 0 0 0 0 0 0 0 0 0 0 0 0 
0 16 0 0 0 0 0 0 0 0 0 0 0 0 0 16 0 
0 0 31.6444 0 0 0 0 0 0 0 0 0 0 0 32.0208 0 0 
0 0 88.3556 95.4994 24.0413 0 0 0 8.12056 0 0 0 23.7014 95.4761 87.9792 0 0 
0 0 0 257.571 256.074 194.5 96.932 64.165 0 62.7093 95.7245 191.063 256.848 257.431 0 0 0 
0 0 0 206.929 736.963 686.545 704.701 624.128 771.269 631.914 706.741 689.468 735.701 207.092 0 0 0 
0 0 0 0 575.775 1663.62 1811.55 1928.8 1602.97 1924.79 1820.85 1667.75 577.662 0 0 0 0 
0 0 0 0 227.147 1246.09 2942.58 3677.73 4353.52 3661.41 2919.2 1244.95 226.088 0 0 0 0 
0 0 0 0 0 449.337 1565.66 3138.07 3259.57 3125.94 1573.9 447.712 0 0 0 0 0 
0 0 0 0 0 127.911 767.277 1385.82 2116.33 1411.23 770.903 127.055 0 0 0 0 0 
0 0 0 0 0 0 64.2541 509.26 574.326 510.562 64.7605 0 0 0 0 0 0 
0 0 0 0 0 0 55.0485 96.3155 118.076 95.6653 55.9236 0 0 0 0 0 0 
0 0 0 0 0 0 0 0 63.8779 0 0 0 0 0 0 0 0 
0 0 0 0 0 0 0 15.7193 0 15.7734 0 0 0 0 0 0 0 
0 0 0 0 0 0 0 0 0 0 0 0 0 0 0 0 0 
0 0 0 0 0 0 0 0 1.9483 0 0 0 0 0 0 0 0 
