1 0 0 0 0 0 0 0 0 0 0 0 0 0 0 0 1 
0 0 0 0 0 0 0 0 0 0 0 0 0 0 0 0 0 
0 16 0 0 0 0 0 0 0 0 0 0 0 0 0 16 0 
0 0 31.711 0 0 0 0 0 0 0 0 0 0 0 32.1028 0 0 
0 0 88.289 95.9392 24.4041 0 0 0 7.95979 0 0 0 23.4009 95.3764 87.8972 0 0 
0 0 0 254.248 257.273 191.955 96.9257 63.8316 0 63.7481 95.6469 189.488 254.617 256.326 0 0 0 
0 0 0 209.813 731.934 683.195 709.531 628.421 771.567 627.187 708.117 685.981 735.07 208.297 0 0 0 
0 0 0 0 577.29 1668.59 1824.07 1919.77 1595.85 1930.52 1829.23 1666.06 580.398 0 0 0 0 
0 0 0 0 229.098 1246.17 2924.46 3683.1 4362.87 3675.18 2921.23 1250.28 226.514 0 0 0 0 
0 0 0 0 0 451.485 1562.87 3119.77 3250.14 3128.92 1562.65 448.726 0 0 0 0 0 
0 0 0 0 0 126.605 769.349 1399.62 2115.64 1387.46 771.436 127.456 0 0 0 0 0 
0 0 0 0 0 0 64.7503 512.101 579.162 515.004 63.7987 0 0 0 0 0 0 
0 0 0 0 0 0 56.0445 97.3129 120.33 95.8116 55.8844 0 0 0 0 0 0 
0 0 0 0 0 0 0 0 64.4798 0 0 0 0 0 0 0 0 
0 0 0 0 0 0 0 16.0673 0 16.1641 0 0 0 0 0 0 0 
0 0 0 0 0 0 0 0 0 0 0 0 0 0 0 0 0 
0 0 0 0 0 0 0 0 2.00452 0 0 0 0 0 0 0 0 
