1 0 0 0 0 0 0 0 0 0 0 0 0 0 0 0 1 
0 0 0 0 0 0 0 0 0 0 0 0 0 0 0 0 0 
0 16 0 0 0 0 0 0 0 0 0 0 0 0 0 16 0 
0 0 32.2708 0 0 0 0 0 0 0 0 0 0 0 32.03 0 0 
0 0 87.7292 96.1147 23.9108 0 0 0 8.06059 0 0 0 24.3755 96.6152 87.97 0 0 
0 0 0 255.306 256.011 191.764 95.3615 64.6543 0 63.8256 96.4766 191.755 256.895 256.694 0 0 0 
0 0 0 208.579 731.426 688.857 704.166 620.718 764.998 622.964 695.465 689.434 736.347 206.691 0 0 0 
0 0 0 0 578.938 1668.2 1827.19 1918.96 1599.12 1921.39 1836.79 1667.98 575.339 0 0 0 0 
0 0 0 0 229.714 1239.5 2933.51 3684.22 4353.29 3681.89 2939.54 1248.61 227.043 0 0 0 0 
0 0 0 0 0 450.939 1557.9 3137.54 3270.11 3137.53 1555.06 443.817 0 0 0 0 0 
0 0 0 0 0 128.744 768.887 1389.76 2113.38 1391.41 764.717 126.406 0 0 0 0 0 
0 0 0 0 0 0 64.1999 512.269 574.381 509.32 63.5497 0 0 0 0 0 0 
0 0 0 0 0 0 56.7795 95.7647 121.14 95.4931 56.4037 0 0 0 0 0 0 
0 0 0 0 0 0 0 0 63.5057 0 0 0 0 0 0 0 0 
0 0 0 0 0 0 0 16.1261 0 16.1771 0 0 0 0 0 0 0 
0 0 0 0 0 0 0 0 0 0 0 0 0 0 0 0 0 
0 0 0 0 0 0 0 0 2.01371 0 0 0 0 0 0 0 0 
