1 0 0 0 0 0 0 0 0 0 0 0 0 0 0 0 1 
0 0 0 0 0 0 0 0 0 0 0 0 0 0 0 0 0 
0 16 0 0 0 0 0 0 0 0 0 0 0 0 0 16 0 
0 0 45.3049 0 0 0 0 0 0 0 0 0 0 0 32.273 0 0 
0 0 74.6951 76.1495 9.11324 0 0 0 1.11083 0 0 0 74.8237 71.0609 87.727 0 0 
0 0 0 301.177 207.416 159.613 21.4167 44.7045 0 42.6066 101.302 252.964 335.336 318.473 0 0 0 
0 0 0 182.673 1053.35 631.281 379.62 330.324 308.003 245.184 961.124 882.929 626.491 170.466 0 0 0 
0 0 0 0 439.101 2829.2 1927.87 1152.94 1772.44 2326.24 1795.62 1455.7 552.876 0 0 0 0 
0 0 0 0 111.022 491.642 4081.3 4024.17 3752.25 4345.99 2612.61 882.929 230.473 0 0 0 0 
0 0 0 0 0 180.865 1169.31 2440.78 4251.85 2986.95 1398.43 606.828 0 0 0 0 0 
0 0 0 0 0 75.3957 335.014 2153.98 2008.43 1098.84 748.524 286.645 0 0 0 0 0 
0 0 0 0 0 0 65.9681 1152.94 507.811 245.184 243.01 0 0 0 0 0 0 
0 0 0 0 0 0 27.4996 121.519 186.813 115.817 147.393 0 0 0 0 0 0 
0 0 0 0 0 0 0 0 77.8754 0 0 0 0 0 0 0 0 
0 0 0 0 0 0 0 18.6356 0 33.1821 0 0 0 0 0 0 0 
0 0 0 0 0 0 0 0 0 0 0 0 0 0 0 0 0 
0 0 0 0 0 0 0 0 3.42161 0 0 0 0 0 0 0 0 
