1 0 0 0 0 0 0 0 0 0 0 0 0 0 0 0 0 
0 0 0 0 0 0 0 0 0 0 0 0 0 0 0 0 0 
0 16 0 0 0 0 0 0 0 0 0 0 0 0 0 0 0 
0 0 32 0 0 0 0 0 0 0 0 0 0 0 0 0 0 
0 0 88 95.9153 23.9788 0 0 0 8.00937 0 0 0 0 0 0 0 0 
0 0 0 256.169 256.51 191.725 96.309 64.075 0 0 0 0 0 0 0 0 0 
0 0 0 207.915 734.689 687.909 702.27 624.441 768.825 0 0 0 0 0 0 0 0 
0 0 0 0 577.175 1664.33 1824.85 1917.98 1596.6 0 0 0 0 0 0 0 0 
0 0 0 0 227.646 1248.48 2929.74 3681.93 4357.61 0 0 0 0 0 0 0 0 
0 0 0 0 0 447.772 1567.4 3134.97 3265.42 0 0 0 0 0 0 0 0 
0 0 0 0 0 127.777 767.123 1393.02 2111.8 0 0 0 0 0 0 0 0 
0 0 0 0 0 0 64.5831 512.073 576.876 0 0 0 0 0 0 0 0 
0 0 0 0 0 0 55.7289 95.58 119.609 0 0 0 0 0 0 0 0 
0 0 0 0 0 0 0 0 63.2559 0 0 0 0 0 0 0 0 
0 0 0 0 0 0 0 15.9225 0 0 0 0 0 0 0 0 0 
0 0 0 0 0 0 0 0 0 0 0 0 0 0 0 0 0 
0 0 0 0 0 0 0 0 1.99032 0 0 0 0 0 0 0 0 
