1 0 0 0 0 0 0 0 0 0 0 0 0 0 0 0 0 
0 0 0 0 0 0 0 0 0 0 0 0 0 0 0 0 0 
0 16 0 0 0 0 0 0 0 0 0 0 0 0 0 0 0 
0 0 32 0 0 0 0 0 0 0 0 0 0 0 0 0 0 
0 0 88 95.8791 23.6163 0 0 0 7.97995 0 0 0 0 0 0 0 0 
0 0 0 255.193 252.202 189.78 95.4126 63.2731 0 0 0 0 0 0 0 0 0 
0 0 0 208.928 737.189 687.739 701.291 624.833 767.868 0 0 0 0 0 0 0 0 
0 0 0 0 575.507 1660.54 1818.64 1915.92 1607.76 0 0 0 0 0 0 0 0 
0 0 0 0 231.486 1251.67 2918.88 3667.99 4361.21 0 0 0 0 0 0 0 0 
0 0 0 0 0 446.878 1574.79 3139.62 3256.81 0 0 0 0 0 0 0 0 
0 0 0 0 0 131.394 776.912 1393.86 2102.05 0 0 0 0 0 0 0 0 
0 0 0 0 0 0 64.809 521.081 576.01 0 0 0 0 0 0 0 0 
0 0 0 0 0 0 57.2598 97.1511 122.751 0 0 0 0 0 0 0 0 
0 0 0 0 0 0 0 0 65.5217 0 0 0 0 0 0 0 0 
0 0 0 0 0 0 0 16.2749 0 0 0 0 0 0 0 0 0 
0 0 0 0 0 0 0 0 0 0 0 0 0 0 0 0 0 
0 0 0 0 0 0 0 0 2.04019 0 0 0 0 0 0 0 0 
