1 0 0 0 0 0 0 0 0 0 0 0 0 0 0 0 0 
0 0 0 0 0 0 0 0 0 0 0 0 0 0 0 0 0 
0 16 0 0 0 0 0 0 0 0 0 0 0 0 0 0 0 
0 0 32 0 0 0 0 0 0 0 0 0 0 0 0 0 0 
0 0 88 96.0649 24.0162 0 0 0 7.94631 0 0 0 0 0 0 0 0 
0 0 0 255.87 255.619 191.261 96.1015 63.5705 0 0 0 0 0 0 0 0 0 
0 0 0 208.065 736.087 686.886 702.782 624.024 767.182 0 0 0 0 0 0 0 0 
0 0 0 0 576.904 1667.02 1825.15 1916.97 1601.43 0 0 0 0 0 0 0 0 
0 0 0 0 227.374 1247.19 2927.54 3683.95 4355.98 0 0 0 0 0 0 0 0 
0 0 0 0 0 448.695 1568.75 3138.64 3260.15 0 0 0 0 0 0 0 0 
0 0 0 0 0 126.941 768.085 1389.01 2117.27 0 0 0 0 0 0 0 0 
0 0 0 0 0 0 64.2759 511.857 575.082 0 0 0 0 0 0 0 0 
0 0 0 0 0 0 55.3166 96.1667 119.146 0 0 0 0 0 0 0 0 
0 0 0 0 0 0 0 0 63.8494 0 0 0 0 0 0 0 0 
0 0 0 0 0 0 0 15.8048 0 0 0 0 0 0 0 0 0 
0 0 0 0 0 0 0 0 0 0 0 0 0 0 0 0 0 
0 0 0 0 0 0 0 0 1.97559 0 0 0 0 0 0 0 0 
