1 0 0 0 0 0 0 0 0 0 0 0 0 0 0 0 0 
0 0 0 0 0 0 0 0 0 0 0 0 0 0 0 0 0 
0 16 0 0 0 0 0 0 0 0 0 0 0 0 0 0 0 
0 0 32 0 0 0 0 0 0 0 0 0 0 0 0 0 0 
0 0 88 95.9375 23.9844 0 0 0 8.03999 0 0 0 0 0 0 0 0 
0 0 0 256.125 255.74 191.781 96.2578 64.3199 0 0 0 0 0 0 0 0 0 
0 0 0 207.938 736.293 688.234 703.741 623.156 766.531 0 0 0 0 0 0 0 0 
0 0 0 0 576.257 1663.91 1825.94 1920.87 1605.87 0 0 0 0 0 0 0 0 
0 0 0 0 227.726 1248.23 2925.82 3679.15 4349.32 0 0 0 0 0 0 0 0 
0 0 0 0 0 447.951 1566.28 3136.46 3264.62 0 0 0 0 0 0 0 0 
0 0 0 0 0 127.886 770.102 1392.07 2113.64 0 0 0 0 0 0 0 0 
0 0 0 0 0 0 63.7285 512.414 576.579 0 0 0 0 0 0 0 0 
0 0 0 0 0 0 56.1299 95.5178 119.546 0 0 0 0 0 0 0 0 
0 0 0 0 0 0 0 0 63.8464 0 0 0 0 0 0 0 0 
0 0 0 0 0 0 0 16.0371 0 0 0 0 0 0 0 0 0 
0 0 0 0 0 0 0 0 0 0 0 0 0 0 0 0 0 
0 0 0 0 0 0 0 0 2.00464 0 0 0 0 0 0 0 0 
