1 0 0 0 0 0 0 0 0 0 0 0 0 0 0 0 0 
0 0 0 0 0 0 0 0 0 0 0 0 0 0 0 0 0 
0 16 0 0 0 0 0 0 0 0 0 0 0 0 0 0 0 
0 0 32 0 0 0 0 0 0 0 0 0 0 0 0 0 0 
0 0 88 96.2309 24.0577 0 0 0 7.97795 0 0 0 0 0 0 0 0 
0 0 0 255.538 255.878 192.16 95.7904 63.8236 0 0 0 0 0 0 0 0 0 
0 0 0 208.231 735.908 688.838 702.677 623.54 767.15 0 0 0 0 0 0 0 0 
0 0 0 0 576.319 1661.67 1827.01 1921.58 1599.76 0 0 0 0 0 0 0 0 
0 0 0 0 227.837 1249.3 2927.32 3677.42 4356.46 0 0 0 0 0 0 0 0 
0 0 0 0 0 448.24 1566.44 3139.28 3268.96 0 0 0 0 0 0 0 0 
0 0 0 0 0 127.791 768.875 1390.75 2106.63 0 0 0 0 0 0 0 0 
0 0 0 0 0 0 63.9932 511.033 576.403 0 0 0 0 0 0 0 0 
0 0 0 0 0 0 55.8912 96.6087 120.718 0 0 0 0 0 0 0 0 
0 0 0 0 0 0 0 0 63.9382 0 0 0 0 0 0 0 0 
0 0 0 0 0 0 0 15.9689 0 0 0 0 0 0 0 0 0 
0 0 0 0 0 0 0 0 0 0 0 0 0 0 0 0 0 
0 0 0 0 0 0 0 0 1.99612 0 0 0 0 0 0 0 0 
