1 0 0 0 0 0 0 0 0 0 0 0 0 0 0 0 0 
0 0 0 0 0 0 0 0 0 0 0 0 0 0 0 0 0 
0 16 0 0 0 0 0 0 0 0 0 0 0 0 0 0 0 
0 0 32 0 0 0 0 0 0 0 0 0 0 0 0 0 0 
0 0 88 95.9205 23.9801 0 0 0 7.9416 0 0 0 0 0 0 0 0 
0 0 0 256.159 255.994 191.845 95.9875 63.5328 0 0 0 0 0 0 0 0 0 
0 0 0 207.921 736.051 687.661 703.424 624.861 767.986 0 0 0 0 0 0 0 0 
0 0 0 0 575.996 1664.77 1823.64 1919.44 1603.56 0 0 0 0 0 0 0 0 
0 0 0 0 227.979 1248.35 2928.81 3679.82 4352.16 0 0 0 0 0 0 0 0 
0 0 0 0 0 447.133 1569.36 3135.86 3262.01 0 0 0 0 0 0 0 0 
0 0 0 0 0 128.246 767.305 1393.25 2113.12 0 0 0 0 0 0 0 0 
0 0 0 0 0 0 63.4261 511.579 577.551 0 0 0 0 0 0 0 0 
0 0 0 0 0 0 56.0514 95.6436 119.959 0 0 0 0 0 0 0 0 
0 0 0 0 0 0 0 0 63.7071 0 0 0 0 0 0 0 0 
0 0 0 0 0 0 0 16.0147 0 0 0 0 0 0 0 0 0 
0 0 0 0 0 0 0 0 0 0 0 0 0 0 0 0 0 
0 0 0 0 0 0 0 0 2.00184 0 0 0 0 0 0 0 0 
