1 0 0 0 0 0 0 0 0 0 0 0 0 0 0 0 0 
0 0 0 0 0 0 0 0 0 0 0 0 0 0 0 0 0 
0 16 0 0 0 0 0 0 0 0 0 0 0 0 0 0 0 
0 0 32 0 0 0 0 0 0 0 0 0 0 0 0 0 0 
0 0 88 95.988 23.997 0 0 0 7.91361 0 0 0 0 0 0 0 0 
0 0 0 256.024 255.508 191.665 95.9976 63.3089 0 0 0 0 0 0 0 0 0 
0 0 0 207.988 736.358 687.147 703.234 625.7 770.494 0 0 0 0 0 0 0 0 
0 0 0 0 576.772 1666.08 1826.07 1921.12 1600.86 0 0 0 0 0 0 0 0 
0 0 0 0 227.365 1247.44 2927.08 3677.81 4351.35 0 0 0 0 0 0 0 0 
0 0 0 0 0 447.975 1566.65 3134.4 3261.06 0 0 0 0 0 0 0 0 
0 0 0 0 0 127.695 768.679 1393.47 2117.36 0 0 0 0 0 0 0 0 
0 0 0 0 0 0 64.6359 511.443 574.498 0 0 0 0 0 0 0 0 
0 0 0 0 0 0 55.654 96.8417 120.041 0 0 0 0 0 0 0 0 
0 0 0 0 0 0 0 0 64.4324 0 0 0 0 0 0 0 0 
0 0 0 0 0 0 0 15.9011 0 0 0 0 0 0 0 0 0 
0 0 0 0 0 0 0 0 0 0 0 0 0 0 0 0 0 
0 0 0 0 0 0 0 0 1.98764 0 0 0 0 0 0 0 0 
