1 0 0 0 0 0 0 0 0 0 0 0 0 0 0 0 0 
0 0 0 0 0 0 0 0 0 0 0 0 0 0 0 0 0 
0 16 0 0 0 0 0 0 0 0 0 0 0 0 0 0 0 
0 0 32 0 0 0 0 0 0 0 0 0 0 0 0 0 0 
0 0 88 94.7515 23.9505 0 0 0 7.79199 0 0 0 0 0 0 0 0 
0 0 0 255.694 255.877 192.316 95.025 62.1354 0 0 0 0 0 0 0 0 0 
0 0 0 209.555 738.6 696.727 709.357 627.912 767.272 0 0 0 0 0 0 0 0 
0 0 0 0 575.766 1664.74 1822.92 1917.75 1601.71 0 0 0 0 0 0 0 0 
0 0 0 0 225.807 1244.05 2935.9 3694.9 4353.43 0 0 0 0 0 0 0 0 
0 0 0 0 0 444.09 1559.65 3140.48 3275.9 0 0 0 0 0 0 0 0 
0 0 0 0 0 126.085 767.69 1381.58 2107.5 0 0 0 0 0 0 0 0 
0 0 0 0 0 0 62.3883 503.941 574.363 0 0 0 0 0 0 0 0 
0 0 0 0 0 0 55.0726 95.5306 117.889 0 0 0 0 0 0 0 0 
0 0 0 0 0 0 0 0 62.1726 0 0 0 0 0 0 0 0 
0 0 0 0 0 0 0 15.7619 0 0 0 0 0 0 0 0 0 
0 0 0 0 0 0 0 0 0 0 0 0 0 0 0 0 0 
0 0 0 0 0 0 0 0 1.97597 0 0 0 0 0 0 0 0 
