1 0 0 0 0 0 0 0 0 0 0 0 0 0 0 0 0 
0 0 0 0 0 0 0 0 0 0 0 0 0 0 0 0 0 
0 16 0 0 0 0 0 0 0 0 0 0 0 0 0 0 0 
0 0 32 0 0 0 0 0 0 0 0 0 0 0 0 0 0 
0 0 88 96.0379 24.0095 0 0 0 7.85263 0 0 0 0 0 0 0 0 
0 0 0 255.924 256.081 191.706 95.5649 62.8211 0 0 0 0 0 0 0 0 0 
0 0 0 208.038 735.744 687.926 704.06 626.772 770.328 0 0 0 0 0 0 0 0 
0 0 0 0 576.232 1664.87 1826.28 1919.51 1598.16 0 0 0 0 0 0 0 0 
0 0 0 0 227.934 1247.31 2925.89 3676.55 4354.22 0 0 0 0 0 0 0 0 
0 0 0 0 0 448.541 1566.96 3138.65 3267.68 0 0 0 0 0 0 0 0 
0 0 0 0 0 127.649 769.181 1391.74 2108.04 0 0 0 0 0 0 0 0 
0 0 0 0 0 0 64.5024 512.177 576.814 0 0 0 0 0 0 0 0 
0 0 0 0 0 0 55.5645 95.9013 120.437 0 0 0 0 0 0 0 0 
0 0 0 0 0 0 0 0 64.4799 0 0 0 0 0 0 0 0 
0 0 0 0 0 0 0 15.8756 0 0 0 0 0 0 0 0 0 
0 0 0 0 0 0 0 0 0 0 0 0 0 0 0 0 0 
0 0 0 0 0 0 0 0 1.98445 0 0 0 0 0 0 0 0 
