1 0 0 0 0 0 0 0 0 0 0 0 0 0 0 0 0 
0 0 0 0 0 0 0 0 0 0 0 0 0 0 0 0 0 
0 16 0 0 0 0 0 0 0 0 0 0 0 0 0 0 0 
0 0 32 0 0 0 0 0 0 0 0 0 0 0 0 0 0 
0 0 88 96.1505 24.0376 0 0 0 8.02841 0 0 0 0 0 0 0 0 
0 0 0 255.699 256.278 192.249 95.7445 64.2273 0 0 0 0 0 0 0 0 0 
0 0 0 208.151 735.39 688.193 706.124 623.685 768.457 0 0 0 0 0 0 0 0 
0 0 0 0 576.235 1662.65 1823.29 1919.81 1597.73 0 0 0 0 0 0 0 0 
0 0 0 0 228.059 1249.53 2925.49 3679.62 4359.33 0 0 0 0 0 0 0 0 
0 0 0 0 0 446.986 1568.39 3137.49 3261.27 0 0 0 0 0 0 0 0 
0 0 0 0 0 128.398 768.432 1391.62 2113.46 0 0 0 0 0 0 0 0 
0 0 0 0 0 0 64.5975 511.003 576.174 0 0 0 0 0 0 0 0 
0 0 0 0 0 0 55.9307 96.559 119.663 0 0 0 0 0 0 0 0 
0 0 0 0 0 0 0 0 63.8835 0 0 0 0 0 0 0 0 
0 0 0 0 0 0 0 15.9802 0 0 0 0 0 0 0 0 0 
0 0 0 0 0 0 0 0 0 0 0 0 0 0 0 0 0 
0 0 0 0 0 0 0 0 1.99752 0 0 0 0 0 0 0 0 
