1 0 0 0 0 0 0 0 0 0 0 0 0 0 0 0 0 
0 0 0 0 0 0 0 0 0 0 0 0 0 0 0 0 0 
0 16 0 0 0 0 0 0 0 0 0 0 0 0 0 0 0 
0 0 32 0 0 0 0 0 0 0 0 0 0 0 0 0 0 
0 0 88 96.2479 24.062 0 0 0 8.03735 0 0 0 0 0 0 0 0 
0 0 0 255.504 256.08 192.425 96.0583 64.2988 0 0 0 0 0 0 0 0 0 
0 0 0 208.248 735.823 688.204 705.428 624.792 770.076 0 0 0 0 0 0 0 0 
0 0 0 0 575.864 1663.24 1826.77 1922.25 1598.02 0 0 0 0 0 0 0 0 
0 0 0 0 228.17 1247.68 2918.9 3676.12 4357.37 0 0 0 0 0 0 0 0 
0 0 0 0 0 447.966 1572.37 3135.1 3261.31 0 0 0 0 0 0 0 0 
0 0 0 0 0 128.482 767.987 1391.28 2112.03 0 0 0 0 0 0 0 0 
0 0 0 0 0 0 64.4517 513.558 576.092 0 0 0 0 0 0 0 0 
0 0 0 0 0 0 56.0263 96.5864 120.68 0 0 0 0 0 0 0 0 
0 0 0 0 0 0 0 0 64.3896 0 0 0 0 0 0 0 0 
0 0 0 0 0 0 0 16.0075 0 0 0 0 0 0 0 0 0 
0 0 0 0 0 0 0 0 0 0 0 0 0 0 0 0 0 
0 0 0 0 0 0 0 0 2.00094 0 0 0 0 0 0 0 0 
