1 0 0 0 0 0 0 0 0 0 0 0 0 0 0 0 0 
0 0 0 0 0 0 0 0 0 0 0 0 0 0 0 0 0 
0 16 0 0 0 0 0 0 0 0 0 0 0 0 0 0 0 
0 0 32 0 0 0 0 0 0 0 0 0 0 0 0 0 0 
0 0 88 95.4928 23.7156 0 0 0 7.76779 0 0 0 0 0 0 0 0 
0 0 0 257.119 254.242 192.002 97.3933 62.2937 0 0 0 0 0 0 0 0 0 
0 0 0 207.388 741.826 689.451 706.784 638.384 774.704 0 0 0 0 0 0 0 0 
0 0 0 0 574.994 1671.98 1835.31 1923.22 1620.33 0 0 0 0 0 0 0 0 
0 0 0 0 225.223 1245.7 2932.43 3677.49 4343.46 0 0 0 0 0 0 0 0 
0 0 0 0 0 442.679 1555.05 3131.92 3258.07 0 0 0 0 0 0 0 0 
0 0 0 0 0 126.19 761.675 1385.56 2108.09 0 0 0 0 0 0 0 0 
0 0 0 0 0 0 64.209 509.506 571.471 0 0 0 0 0 0 0 0 
0 0 0 0 0 0 55.1493 95.985 120.243 0 0 0 0 0 0 0 0 
0 0 0 0 0 0 0 0 63.9036 0 0 0 0 0 0 0 0 
0 0 0 0 0 0 0 15.6468 0 0 0 0 0 0 0 0 0 
0 0 0 0 0 0 0 0 0 0 0 0 0 0 0 0 0 
0 0 0 0 0 0 0 0 1.96489 0 0 0 0 0 0 0 0 
