1 0 0 0 0 0 0 0 0 0 0 0 0 0 0 0 0 
0 0 0 0 0 0 0 0 0 0 0 0 0 0 0 0 0 
0 16 0 0 0 0 0 0 0 0 0 0 0 0 0 0 0 
0 0 32 0 0 0 0 0 0 0 0 0 0 0 0 0 0 
0 0 88 96.0056 24.0014 0 0 0 7.8985 0 0 0 0 0 0 0 0 
0 0 0 255.989 256.178 192.027 95.9224 63.188 0 0 0 0 0 0 0 0 0 
0 0 0 208.006 735.664 688.282 704.203 626.147 770.697 0 0 0 0 0 0 0 0 
0 0 0 0 576.132 1663.37 1822.81 1917.13 1597.83 0 0 0 0 0 0 0 0 
0 0 0 0 228.025 1248.14 2930.61 3684.73 4355.04 0 0 0 0 0 0 0 0 
0 0 0 0 0 448.357 1565.78 3132.47 3264.14 0 0 0 0 0 0 0 0 
0 0 0 0 0 127.829 768.558 1391.27 2111.93 0 0 0 0 0 0 0 0 
0 0 0 0 0 0 64.352 512.139 575.306 0 0 0 0 0 0 0 0 
0 0 0 0 0 0 55.757 96.9942 120.882 0 0 0 0 0 0 0 0 
0 0 0 0 0 0 0 0 64.2917 0 0 0 0 0 0 0 0 
0 0 0 0 0 0 0 15.9306 0 0 0 0 0 0 0 0 0 
0 0 0 0 0 0 0 0 0 0 0 0 0 0 0 0 0 
0 0 0 0 0 0 0 0 1.99132 0 0 0 0 0 0 0 0 
