1 0 0 0 0 0 0 0 0 0 0 0 0 0 0 0 0 
0 0 0 0 0 0 0 0 0 0 0 0 0 0 0 0 0 
0 16 0 0 0 0 0 0 0 0 0 0 0 0 0 0 0 
0 0 32 0 0 0 0 0 0 0 0 0 0 0 0 0 0 
0 0 88 95.8737 24.0413 0 0 0 8.13258 0 0 0 0 0 0 0 0 
0 0 0 256.945 258.272 192.732 96.7883 64.7118 0 0 0 0 0 0 0 0 0 
0 0 0 207.182 738.734 690.521 703.506 623.951 773.203 0 0 0 0 0 0 0 0 
0 0 0 0 573.722 1662.35 1822.32 1933.02 1606.04 0 0 0 0 0 0 0 0 
0 0 0 0 225.231 1249.2 2924.49 3667.12 4342.96 0 0 0 0 0 0 0 0 
0 0 0 0 0 445.834 1571.38 3130.86 3252.91 0 0 0 0 0 0 0 0 
0 0 0 0 0 127.36 767.477 1396.57 2118.91 0 0 0 0 0 0 0 0 
0 0 0 0 0 0 65.0722 510.992 578.527 0 0 0 0 0 0 0 0 
0 0 0 0 0 0 56.9665 96.3226 121.927 0 0 0 0 0 0 0 0 
0 0 0 0 0 0 0 0 65.3358 0 0 0 0 0 0 0 0 
0 0 0 0 0 0 0 16.4471 0 0 0 0 0 0 0 0 0 
0 0 0 0 0 0 0 0 0 0 0 0 0 0 0 0 0 
0 0 0 0 0 0 0 0 2.05674 0 0 0 0 0 0 0 0 
