1 0 0 0 0 0 0 0 0 0 0 0 0 0 0 0 0 
0 0 0 0 0 0 0 0 0 0 0 0 0 0 0 0 0 
0 16 0 0 0 0 0 0 0 0 0 0 0 0 0 0 0 
0 0 32 0 0 0 0 0 0 0 0 0 0 0 0 0 0 
0 0 88 96.0918 24.023 0 0 0 8.03458 0 0 0 0 0 0 0 0 
0 0 0 255.816 255.659 191.575 95.8245 64.2767 0 0 0 0 0 0 0 0 0 
0 0 0 208.092 736.556 687.91 703.705 623.167 768.74 0 0 0 0 0 0 0 0 
0 0 0 0 575.82 1665.24 1823.92 1917.21 1598.43 0 0 0 0 0 0 0 0 
0 0 0 0 227.942 1247.13 2930.15 3686.6 4354.55 0 0 0 0 0 0 0 0 
0 0 0 0 0 448.506 1565.87 3130.9 3270.5 0 0 0 0 0 0 0 0 
0 0 0 0 0 127.639 768.451 1395.52 2107.02 0 0 0 0 0 0 0 0 
0 0 0 0 0 0 64.2698 510.756 575.74 0 0 0 0 0 0 0 0 
0 0 0 0 0 0 55.8044 95.6262 120.627 0 0 0 0 0 0 0 0 
0 0 0 0 0 0 0 0 64.3658 0 0 0 0 0 0 0 0 
0 0 0 0 0 0 0 15.9441 0 0 0 0 0 0 0 0 0 
0 0 0 0 0 0 0 0 0 0 0 0 0 0 0 0 0 
0 0 0 0 0 0 0 0 1.99301 0 0 0 0 0 0 0 0 
