1 0 0 0 0 0 0 0 0 0 0 0 0 0 0 0 0 
0 0 0 0 0 0 0 0 0 0 0 0 0 0 0 0 0 
0 16 0 0 0 0 0 0 0 0 0 0 0 0 0 0 0 
0 0 32 0 0 0 0 0 0 0 0 0 0 0 0 0 0 
0 0 88 95.9874 23.9969 0 0 0 7.87818 0 0 0 0 0 0 0 0 
0 0 0 256.025 255.779 191.794 96.4675 63.0255 0 0 0 0 0 0 0 0 0 
0 0 0 207.987 736.234 688.67 703.159 626.518 769.371 0 0 0 0 0 0 0 0 
0 0 0 0 576.206 1663.57 1824.36 1918.19 1596.69 0 0 0 0 0 0 0 0 
0 0 0 0 227.784 1248.46 2928.45 3683.54 4360.86 0 0 0 0 0 0 0 0 
0 0 0 0 0 446.71 1567.39 3130.03 3259.23 0 0 0 0 0 0 0 0 
0 0 0 0 0 128.793 768.071 1394.1 2115.43 0 0 0 0 0 0 0 0 
0 0 0 0 0 0 63.8741 512.412 573.68 0 0 0 0 0 0 0 0 
0 0 0 0 0 0 56.2315 96.1073 120.47 0 0 0 0 0 0 0 0 
0 0 0 0 0 0 0 0 64.372 0 0 0 0 0 0 0 0 
0 0 0 0 0 0 0 16.0661 0 0 0 0 0 0 0 0 0 
0 0 0 0 0 0 0 0 0 0 0 0 0 0 0 0 0 
0 0 0 0 0 0 0 0 2.00827 0 0 0 0 0 0 0 0 
