1 0 0 0 0 0 0 0 0 0 0 0 0 0 0 0 0 
0 0 0 0 0 0 0 0 0 0 0 0 0 0 0 0 0 
0 16 0 0 0 0 0 0 0 0 0 0 0 0 0 0 0 
0 0 32 0 0 0 0 0 0 0 0 0 0 0 0 0 0 
0 0 88 96.0437 24.0109 0 0 0 8.02023 0 0 0 0 0 0 0 0 
0 0 0 255.913 256.419 191.799 95.937 64.1618 0 0 0 0 0 0 0 0 0 
0 0 0 208.044 734.925 687.689 704.78 624.543 768.445 0 0 0 0 0 0 0 0 
0 0 0 0 576.847 1665.28 1824.39 1920.39 1601.14 0 0 0 0 0 0 0 0 
0 0 0 0 227.797 1246.85 2925.17 3677.18 4355.54 0 0 0 0 0 0 0 0 
0 0 0 0 0 448.713 1569.49 3137.41 3257.48 0 0 0 0 0 0 0 0 
0 0 0 0 0 127.669 768.388 1392.68 2119.22 0 0 0 0 0 0 0 0 
0 0 0 0 0 0 63.8489 511.33 574.817 0 0 0 0 0 0 0 0 
0 0 0 0 0 0 55.9874 96.3077 118.984 0 0 0 0 0 0 0 0 
0 0 0 0 0 0 0 0 64.3611 0 0 0 0 0 0 0 0 
0 0 0 0 0 0 0 15.9964 0 0 0 0 0 0 0 0 0 
0 0 0 0 0 0 0 0 0 0 0 0 0 0 0 0 0 
0 0 0 0 0 0 0 0 1.99955 0 0 0 0 0 0 0 0 
