1 0 0 0 0 0 0 0 0 0 0 0 0 0 0 0 0 
0 0 0 0 0 0 0 0 0 0 0 0 0 0 0 0 0 
0 16 0 0 0 0 0 0 0 0 0 0 0 0 0 0 0 
0 0 32 0 0 0 0 0 0 0 0 0 0 0 0 0 0 
0 0 88 95.9399 23.985 0 0 0 7.94449 0 0 0 0 0 0 0 0 
0 0 0 256.12 256.054 192.36 95.7959 63.5559 0 0 0 0 0 0 0 0 0 
0 0 0 207.94 736.409 689.003 703.453 624.683 765.645 0 0 0 0 0 0 0 0 
0 0 0 0 575.078 1661.38 1823.88 1920.19 1599.8 0 0 0 0 0 0 0 0 
0 0 0 0 228.473 1248.46 2931.08 3680.89 4359.54 0 0 0 0 0 0 0 0 
0 0 0 0 0 449.117 1565.27 3131.72 3265.9 0 0 0 0 0 0 0 0 
0 0 0 0 0 127.678 768.355 1395.77 2109.16 0 0 0 0 0 0 0 0 
0 0 0 0 0 0 64.4459 511.634 576.864 0 0 0 0 0 0 0 0 
0 0 0 0 0 0 55.7166 95.6353 119.635 0 0 0 0 0 0 0 0 
0 0 0 0 0 0 0 0 63.5174 0 0 0 0 0 0 0 0 
0 0 0 0 0 0 0 15.919 0 0 0 0 0 0 0 0 0 
0 0 0 0 0 0 0 0 0 0 0 0 0 0 0 0 0 
0 0 0 0 0 0 0 0 1.98988 0 0 0 0 0 0 0 0 
