1 0 0 0 0 0 0 0 0 0 0 0 0 0 0 0 0 
0 0 0 0 0 0 0 0 0 0 0 0 0 0 0 0 0 
0 16 0 0 0 0 0 0 0 0 0 0 0 0 0 0 0 
0 0 32 0 0 0 0 0 0 0 0 0 0 0 0 0 0 
0 0 88 96.2614 24.0653 0 0 0 7.99805 0 0 0 0 0 0 0 0 
0 0 0 255.477 255.592 192.24 95.86 63.9844 0 0 0 0 0 0 0 0 0 
0 0 0 208.261 735.981 687.361 705.433 626.951 770.375 0 0 0 0 0 0 0 0 
0 0 0 0 577.002 1664.19 1821.08 1919.83 1598.06 0 0 0 0 0 0 0 0 
0 0 0 0 227.36 1248.84 2930.34 3674.35 4353.31 0 0 0 0 0 0 0 0 
0 0 0 0 0 447.097 1567.17 3138.35 3265.2 0 0 0 0 0 0 0 0 
0 0 0 0 0 128.27 768.145 1390.82 2112.92 0 0 0 0 0 0 0 0 
0 0 0 0 0 0 63.8405 513.257 576.666 0 0 0 0 0 0 0 0 
0 0 0 0 0 0 56.1347 96.4206 119.618 0 0 0 0 0 0 0 0 
0 0 0 0 0 0 0 0 63.8488 0 0 0 0 0 0 0 0 
0 0 0 0 0 0 0 16.0385 0 0 0 0 0 0 0 0 0 
0 0 0 0 0 0 0 0 0 0 0 0 0 0 0 0 0 
0 0 0 0 0 0 0 0 2.00481 0 0 0 0 0 0 0 0 
