1 0 0 0 0 0 0 0 0 0 0 0 0 0 0 0 0 
0 0 0 0 0 0 0 0 0 0 0 0 0 0 0 0 0 
0 16 0 0 0 0 0 0 0 0 0 0 0 0 0 0 0 
0 0 32 0 0 0 0 0 0 0 0 0 0 0 0 0 0 
0 0 88 96.0637 24.0159 0 0 0 8.0604 0 0 0 0 0 0 0 0 
0 0 0 255.873 256.185 192.312 95.9586 64.4832 0 0 0 0 0 0 0 0 0 
0 0 0 208.064 735.507 687.211 703.577 622.662 768.434 0 0 0 0 0 0 0 0 
0 0 0 0 576.368 1664.55 1824.31 1923.9 1600.49 0 0 0 0 0 0 0 0 
0 0 0 0 227.924 1248.46 2927.76 3675.51 4353.53 0 0 0 0 0 0 0 0 
0 0 0 0 0 447.029 1569.48 3135.12 3265.21 0 0 0 0 0 0 0 0 
0 0 0 0 0 128.44 767 1395.58 2113.15 0 0 0 0 0 0 0 0 
0 0 0 0 0 0 63.764 510.685 574.753 0 0 0 0 0 0 0 0 
0 0 0 0 0 0 56.1435 96.0223 120.017 0 0 0 0 0 0 0 0 
0 0 0 0 0 0 0 0 64.3441 0 0 0 0 0 0 0 0 
0 0 0 0 0 0 0 16.041 0 0 0 0 0 0 0 0 0 
0 0 0 0 0 0 0 0 0 0 0 0 0 0 0 0 0 
0 0 0 0 0 0 0 0 2.00512 0 0 0 0 0 0 0 0 
