1 0 0 0 0 0 0 0 0 0 0 0 0 0 0 0 0 
0 0 0 0 0 0 0 0 0 0 0 0 0 0 0 0 0 
0 16 0 0 0 0 0 0 0 0 0 0 0 0 0 0 0 
0 0 32 0 0 0 0 0 0 0 0 0 0 0 0 0 0 
0 0 88 95.9851 23.9963 0 0 0 8.06672 0 0 0 0 0 0 0 0 
0 0 0 256.03 255.862 191.934 95.8294 64.5338 0 0 0 0 0 0 0 0 0 
0 0 0 207.985 736.039 686.871 704.474 624.13 769.27 0 0 0 0 0 0 0 0 
0 0 0 0 576.351 1665.66 1821.23 1916.72 1597.15 0 0 0 0 0 0 0 0 
0 0 0 0 227.751 1247.75 2931.66 3682.37 4357.61 0 0 0 0 0 0 0 0 
0 0 0 0 0 448.346 1567.56 3137.12 3262.76 0 0 0 0 0 0 0 0 
0 0 0 0 0 127.431 767.567 1392.12 2113.69 0 0 0 0 0 0 0 0 
0 0 0 0 0 0 63.7563 510.753 576.017 0 0 0 0 0 0 0 0 
0 0 0 0 0 0 55.9246 96.2727 119.398 0 0 0 0 0 0 0 0 
0 0 0 0 0 0 0 0 64.0414 0 0 0 0 0 0 0 0 
0 0 0 0 0 0 0 15.9785 0 0 0 0 0 0 0 0 0 
0 0 0 0 0 0 0 0 0 0 0 0 0 0 0 0 0 
0 0 0 0 0 0 0 0 1.99731 0 0 0 0 0 0 0 0 
