1 0 0 0 0 0 0 0 0 0 0 0 0 0 0 0 0 
0 0 0 0 0 0 0 0 0 0 0 0 0 0 0 0 0 
0 16 0 0 0 0 0 0 0 0 0 0 0 0 0 0 0 
0 0 32 0 0 0 0 0 0 0 0 0 0 0 0 0 0 
0 0 88 95.9792 23.9948 0 0 0 8.01462 0 0 0 0 0 0 0 0 
0 0 0 256.042 256.093 192.2 95.619 64.1169 0 0 0 0 0 0 0 0 0 
0 0 0 207.979 735.571 687.964 704.388 623.657 768.662 0 0 0 0 0 0 0 0 
0 0 0 0 576.598 1663.41 1826.59 1917.22 1599.37 0 0 0 0 0 0 0 0 
0 0 0 0 227.742 1248.54 2924.23 3686.32 4356.43 0 0 0 0 0 0 0 0 
0 0 0 0 0 447.831 1568.6 3131.7 3262.86 0 0 0 0 0 0 0 0 
0 0 0 0 0 128.053 768.124 1393.68 2111.81 0 0 0 0 0 0 0 0 
0 0 0 0 0 0 64.4159 511.397 577.302 0 0 0 0 0 0 0 0 
0 0 0 0 0 0 56.0301 95.8971 119.458 0 0 0 0 0 0 0 0 
0 0 0 0 0 0 0 0 64.1065 0 0 0 0 0 0 0 0 
0 0 0 0 0 0 0 16.0086 0 0 0 0 0 0 0 0 0 
0 0 0 0 0 0 0 0 0 0 0 0 0 0 0 0 0 
0 0 0 0 0 0 0 0 2.00108 0 0 0 0 0 0 0 0 
