1 0 0 0 0 0 0 0 0 0 0 0 0 0 0 0 1 
0 0 0 0 0 0 0 0 0 0 0 0 0 0 0 0 0 
0 16 0 0 0 0 0 0 0 0 0 0 0 0 0 16 0 
0 0 31.9741 0 0 0 0 0 0 0 0 0 0 0 31.9429 0 0 
0 0 88.0259 95.9473 23.9581 0 0 0 8.01752 0 0 0 24.0219 95.9492 88.0571 0 0 
0 0 0 255.937 255.801 192.145 96.1375 64.2446 0 64.0384 96.0958 192.052 256.021 256.092 0 0 0 
0 0 0 208.116 736.167 688.982 705.537 625.109 769.362 624.68 705.514 688.398 735.842 207.958 0 0 0 
0 0 0 0 576.259 1662.92 1822.05 1920.08 1599.27 1919.95 1823.71 1664.12 575.958 0 0 0 0 
0 0 0 0 227.814 1247.59 2929.96 3678.6 4355.6 3680.48 2927.81 1247.1 228.156 0 0 0 0 
0 0 0 0 0 448.478 1567.61 3136.43 3264.8 3134.6 1567.6 448.155 0 0 0 0 0 
0 0 0 0 0 127.878 766.683 1391.72 2111.43 1392.86 767.06 128.176 0 0 0 0 0 
0 0 0 0 0 0 64.0136 511.84 575.394 511.441 64.1071 0 0 0 0 0 0 
0 0 0 0 0 0 55.9988 95.9608 120.113 95.9292 56.1008 0 0 0 0 0 0 
0 0 0 0 0 0 0 0 64.0267 0 0 0 0 0 0 0 0 
0 0 0 0 0 0 0 16.0242 0 16.0233 0 0 0 0 0 0 0 
0 0 0 0 0 0 0 0 0 0 0 0 0 0 0 0 0 
0 0 0 0 0 0 0 0 1.99363 0 0 0 0 0 0 0 0 
