1 0 0 0 0 0 0 0 0 0 0 0 0 0 0 0 1 
0 0 0 0 0 0 0 0 0 0 0 0 0 0 0 0 0 
0 16 0 0 0 0 0 0 0 0 0 0 0 0 0 16 0 
0 0 31.9993 0 0 0 0 0 0 0 0 0 0 0 31.965 0 0 
0 0 88.0007 96.0407 24.0096 0 0 0 8.0038 0 0 0 24.0731 95.9384 88.035 0 0 
0 0 0 255.906 255.784 191.572 95.6971 63.8088 0 64.0842 96.0209 191.769 255.807 255.793 0 0 0 
0 0 0 208.054 735.606 687.304 703.206 624.45 768.886 625.121 704.491 687.991 735.919 208.268 0 0 0 
0 0 0 0 576.608 1664.18 1822.98 1917.83 1598.85 1920.34 1826.71 1664.69 575.884 0 0 0 0 
0 0 0 0 227.992 1247.78 2928.08 3680.27 4360.3 3681.84 2925.54 1247.48 228.317 0 0 0 0 
0 0 0 0 0 449.155 1569.48 3135.32 3261.87 3132.6 1567.33 448.078 0 0 0 0 0 
0 0 0 0 0 128.006 768.555 1393.89 2110.1 1392.24 767.801 127.995 0 0 0 0 0 
0 0 0 0 0 0 64.0288 512.31 576.144 511.757 63.9788 0 0 0 0 0 0 
0 0 0 0 0 0 55.9703 96.0902 119.852 96.0183 56.1278 0 0 0 0 0 0 
0 0 0 0 0 0 0 0 63.993 0 0 0 0 0 0 0 0 
0 0 0 0 0 0 0 16.0202 0 16.0016 0 0 0 0 0 0 0 
0 0 0 0 0 0 0 0 0 0 0 0 0 0 0 0 0 
0 0 0 0 0 0 0 0 1.99972 0 0 0 0 0 0 0 0 
