1 0 0 0 0 0 0 0 0 0 0 0 0 0 0 0 1 
0 0 0 0 0 0 0 0 0 0 0 0 0 0 0 0 0 
0 16 0 0 0 0 0 0 0 0 0 0 0 0 0 16 0 
0 0 31.93 0 0 0 0 0 0 0 0 0 0 0 32.0224 0 0 
0 0 88.07 95.9731 23.9845 0 0 0 7.99741 0 0 0 23.976 96.1449 87.9776 0 0 
0 0 0 255.875 255.799 192.32 96.1267 64.035 0 64.1115 96.2186 192.191 256.592 255.855 0 0 0 
0 0 0 208.152 736.198 688.275 704.441 624.026 769.105 625.909 703.651 687.661 735.446 208 0 0 0 
0 0 0 0 575.939 1663 1824.89 1919.44 1600.2 1918.34 1823.96 1664.8 576.044 0 0 0 0 
0 0 0 0 228.08 1248.3 2926.13 3681.44 4356.65 3681.73 2928.23 1247.28 227.942 0 0 0 0 
0 0 0 0 0 447.853 1569.1 3136.81 3261.81 3135.03 1568.41 447.976 0 0 0 0 0 
0 0 0 0 0 128.259 767.313 1391.55 2112.86 1391.32 767.588 128.096 0 0 0 0 0 
0 0 0 0 0 0 64.0582 510.69 575.376 511.65 64.0185 0 0 0 0 0 0 
0 0 0 0 0 0 55.9434 96.0038 120.011 95.9088 55.9232 0 0 0 0 0 0 
0 0 0 0 0 0 0 0 63.994 0 0 0 0 0 0 0 0 
0 0 0 0 0 0 0 16.0073 0 16.001 0 0 0 0 0 0 0 
0 0 0 0 0 0 0 0 0 0 0 0 0 0 0 0 0 
0 0 0 0 0 0 0 0 1.99363 0 0 0 0 0 0 0 0 
