1 0 0 0 0 0 0 0 0 0 0 0 0 0 0 0 1 
0 0 0 0 0 0 0 0 0 0 0 0 0 0 0 0 0 
0 16 0 0 0 0 0 0 0 0 0 0 0 0 0 16 0 
0 0 31.907 0 0 0 0 0 0 0 0 0 0 0 31.978 0 0 
0 0 88.093 95.6211 23.9372 0 0 0 8.00062 0 0 0 23.98 95.9757 88.022 0 0 
0 0 0 255.943 255.677 191.957 96.2051 63.879 0 63.9889 95.9929 191.866 255.899 256.061 0 0 0 
0 0 0 208.436 736.372 687.751 704.32 624.152 767.309 624.408 703.825 688.325 735.972 207.963 0 0 0 
0 0 0 0 576.067 1665.88 1822.26 1921.88 1599.66 1920.66 1825.45 1664.28 576.522 0 0 0 0 
0 0 0 0 227.947 1246.54 2927.81 3677.92 4356.67 3678.58 2924.26 1247.44 227.627 0 0 0 0 
0 0 0 0 0 447.953 1568.56 3135.27 3264.52 3137.52 1568.63 448.291 0 0 0 0 0 
0 0 0 0 0 127.918 768.725 1392.13 2111.88 1390.27 769.806 127.796 0 0 0 0 0 
0 0 0 0 0 0 64.0882 512.649 575.538 512.642 63.9714 0 0 0 0 0 0 
0 0 0 0 0 0 56.0361 96.1575 120.234 95.9134 56.064 0 0 0 0 0 0 
0 0 0 0 0 0 0 0 64.1817 0 0 0 0 0 0 0 0 
0 0 0 0 0 0 0 15.9589 0 16.0213 0 0 0 0 0 0 0 
0 0 0 0 0 0 0 0 0 0 0 0 0 0 0 0 0 
0 0 0 0 0 0 0 0 2.00173 0 0 0 0 0 0 0 0 
