1 0 0 0 0 0 0 0 0 0 0 0 0 0 0 0 1 
0 0 0 0 0 0 0 0 0 0 0 0 0 0 0 0 0 
0 16 0 0 0 0 0 0 0 0 0 0 0 0 0 16 0 
0 0 32.0121 0 0 0 0 0 0 0 0 0 0 0 32.0467 0 0 
0 0 87.9879 95.9315 24.0331 0 0 0 7.99225 0 0 0 23.9746 95.9893 87.9533 0 0 
0 0 0 256.003 256.139 192.003 95.9671 63.8836 0 63.8489 95.757 191.737 255.753 255.935 0 0 0 
0 0 0 208.066 736.194 688.612 704.82 624.018 767.823 623.211 704.5 689.131 736.388 208.075 0 0 0 
0 0 0 0 575.647 1665.58 1823.28 1919.85 1599.13 1920.08 1824.86 1663.68 576.093 0 0 0 0 
0 0 0 0 227.986 1247.01 2931.87 3680.52 4355.96 3680.64 2927.29 1247.18 227.791 0 0 0 0 
0 0 0 0 0 446.971 1565.41 3137.64 3264.37 3134.92 1567.11 448.449 0 0 0 0 0 
0 0 0 0 0 127.817 766.871 1390.91 2113.37 1393.36 768.484 127.826 0 0 0 0 0 
0 0 0 0 0 0 63.951 511.258 575.711 511.77 63.9985 0 0 0 0 0 0 
0 0 0 0 0 0 55.838 95.9652 119.705 96.1499 56.0048 0 0 0 0 0 0 
0 0 0 0 0 0 0 0 63.9387 0 0 0 0 0 0 0 0 
0 0 0 0 0 0 0 15.9507 0 16.018 0 0 0 0 0 0 0 
0 0 0 0 0 0 0 0 0 0 0 0 0 0 0 0 0 
0 0 0 0 0 0 0 0 1.99741 0 0 0 0 0 0 0 0 
