1 0 0 0 0 0 0 0 0 0 0 0 0 0 0 0 1 
0 0 0 0 0 0 0 0 0 0 0 0 0 0 0 0 0 
0 16 0 0 0 0 0 0 0 0 0 0 0 0 0 16 0 
0 0 31.9893 0 0 0 0 0 0 0 0 0 0 0 32.0338 0 0 
0 0 88.0107 95.9023 24.0439 0 0 0 8.02281 0 0 0 24.0212 95.9715 87.9662 0 0 
0 0 0 256.09 255.468 191.927 95.8726 64.0684 0 64.0024 96.1439 191.945 256.154 255.952 0 0 0 
0 0 0 208.008 736.275 689.288 705.957 623.193 768.103 623.866 704.188 688.488 736.131 208.077 0 0 0 
0 0 0 0 576.076 1662.89 1824.48 1918.99 1598.53 1921.14 1825.1 1664.72 575.959 0 0 0 0 
0 0 0 0 228.138 1248.22 2926.48 3683.04 4356.94 3682.46 2928.13 1247.32 227.736 0 0 0 0 
0 0 0 0 0 447.822 1568.08 3137.7 3267.63 3133.98 1567.28 447.944 0 0 0 0 0 
0 0 0 0 0 127.854 767.149 1390.01 2109.96 1391.81 767.468 127.584 0 0 0 0 0 
0 0 0 0 0 0 64.1295 511.177 575.759 511.119 63.9523 0 0 0 0 0 0 
0 0 0 0 0 0 55.8434 95.8964 119.287 95.6586 55.7496 0 0 0 0 0 0 
0 0 0 0 0 0 0 0 63.7727 0 0 0 0 0 0 0 0 
0 0 0 0 0 0 0 15.9328 0 15.9739 0 0 0 0 0 0 0 
0 0 0 0 0 0 0 0 0 0 0 0 0 0 0 0 0 
0 0 0 0 0 0 0 0 1.99626 0 0 0 0 0 0 0 0 
