1 0 0 0 0 0 0 0 0 0 0 0 0 0 0 0 1 
0 0 0 0 0 0 0 0 0 0 0 0 0 0 0 0 0 
0 16 0 0 0 0 0 0 0 0 0 0 0 0 0 16 0 
0 0 32.0033 0 0 0 0 0 0 0 0 0 0 0 31.911 0 0 
0 0 87.9967 95.9006 24.0113 0 0 0 7.99778 0 0 0 24.0557 95.9933 88.089 0 0 
0 0 0 256.059 255.764 191.431 95.7426 63.7515 0 64.0407 96.2307 192.049 255.961 256.128 0 0 0 
0 0 0 208.04 735.573 687.12 703.676 624.171 768.286 624.742 703.869 687.845 735.619 207.878 0 0 0 
0 0 0 0 576.459 1664.13 1824.01 1919.88 1599.28 1920.05 1824.38 1664.63 576.357 0 0 0 0 
0 0 0 0 228.192 1249.07 2928.05 3676.21 4353.94 3678.1 2926.44 1247.16 228.007 0 0 0 0 
0 0 0 0 0 448.225 1568.18 3137.33 3264.23 3135.03 1568.38 448.306 0 0 0 0 0 
0 0 0 0 0 128.023 768.126 1394.02 2113.01 1393.42 768.436 128.007 0 0 0 0 0 
0 0 0 0 0 0 64.0144 512.316 576.883 512.52 64.1365 0 0 0 0 0 0 
0 0 0 0 0 0 56.2024 96.2385 120.27 96.0766 56.1269 0 0 0 0 0 0 
0 0 0 0 0 0 0 0 64.0917 0 0 0 0 0 0 0 0 
0 0 0 0 0 0 0 16.0772 0 16.0188 0 0 0 0 0 0 0 
0 0 0 0 0 0 0 0 0 0 0 0 0 0 0 0 0 
0 0 0 0 0 0 0 0 2.00775 0 0 0 0 0 0 0 0 
