1 0 0 0 0 0 0 0 0 0 0 0 0 0 0 0 1 
0 0 0 0 0 0 0 0 0 0 0 0 0 0 0 0 0 
0 16 0 0 0 0 0 0 0 0 0 0 0 0 0 16 0 
0 0 32.0732 0 0 0 0 0 0 0 0 0 0 0 31.9493 0 0 
0 0 87.9268 96.0037 23.9819 0 0 0 7.98182 0 0 0 23.9124 95.7626 88.0507 0 0 
0 0 0 255.941 256.434 192.221 96.0412 63.9129 0 63.9239 95.9682 191.895 255.713 255.958 0 0 0 
0 0 0 208.055 734.946 688.43 704.721 624.575 767.351 623.232 703.588 687.197 736.15 208.28 0 0 0 
0 0 0 0 576.169 1661.03 1823.7 1920.25 1600.27 1919.95 1823.3 1663.58 576.073 0 0 0 0 
0 0 0 0 228.469 1249.3 2927.08 3680.49 4358.11 3680.9 2927.49 1248.81 228.152 0 0 0 0 
0 0 0 0 0 449.116 1567.45 3135.88 3265.42 3137.45 1569.7 448.568 0 0 0 0 0 
0 0 0 0 0 127.901 768.791 1389.81 2108.72 1390.25 767.651 127.946 0 0 0 0 0 
0 0 0 0 0 0 64.2258 512.729 575.747 512.093 64.1188 0 0 0 0 0 0 
0 0 0 0 0 0 55.9961 96.3392 120.166 96.156 56.1822 0 0 0 0 0 0 
0 0 0 0 0 0 0 0 64.2149 0 0 0 0 0 0 0 0 
0 0 0 0 0 0 0 16.0054 0 16.0427 0 0 0 0 0 0 0 
0 0 0 0 0 0 0 0 0 0 0 0 0 0 0 0 0 
0 0 0 0 0 0 0 0 2.01066 0 0 0 0 0 0 0 0 
