1 0 0 0 0 0 0 0 0 0 0 0 0 0 0 0 1 
0 0 0 0 0 0 0 0 0 0 0 0 0 0 0 0 0 
0 16 0 0 0 0 0 0 0 0 0 0 0 0 0 16 0 
0 0 32.0326 0 0 0 0 0 0 0 0 0 0 0 32.049 0 0 
0 0 87.9674 96.0717 23.9184 0 0 0 7.98761 0 0 0 23.8631 96.0102 87.951 0 0 
0 0 0 256.091 255.62 192.091 96.0616 63.9089 0 64.1186 96.0015 191.306 255.748 255.936 0 0 0 
0 0 0 207.837 736.658 687.517 703.68 623.97 766.452 621.852 702.808 688.634 736.019 208.053 0 0 0 
0 0 0 0 575.702 1664.4 1823.29 1919.21 1597.13 1921.82 1824.97 1663.52 576.348 0 0 0 0 
0 0 0 0 228.101 1247.83 2927.55 3680.97 4356.49 3677.37 2927.02 1248.56 228.022 0 0 0 0 
0 0 0 0 0 448.014 1569.45 3134.64 3265.38 3136.76 1568.03 448.175 0 0 0 0 0 
0 0 0 0 0 128.15 767.769 1392.36 2112.94 1393.56 769.186 127.804 0 0 0 0 0 
0 0 0 0 0 0 64.0676 512.755 577.158 512.158 64.0499 0 0 0 0 0 0 
0 0 0 0 0 0 56.1287 96.1587 120.195 96.3396 55.9323 0 0 0 0 0 0 
0 0 0 0 0 0 0 0 64.2767 0 0 0 0 0 0 0 0 
0 0 0 0 0 0 0 16.0305 0 16.0273 0 0 0 0 0 0 0 
0 0 0 0 0 0 0 0 0 0 0 0 0 0 0 0 0 
0 0 0 0 0 0 0 0 1.99796 0 0 0 0 0 0 0 0 
