1 0 0 0 0 0 0 0 0 0 0 0 0 0 0 0 1 
0 0 0 0 0 0 0 0 0 0 0 0 0 0 0 0 0 
0 16 0 0 0 0 0 0 0 0 0 0 0 0 0 16 0 
0 0 32.0152 0 0 0 0 0 0 0 0 0 0 0 32.0426 0 0 
0 0 87.9848 95.9002 23.9915 0 0 0 7.99293 0 0 0 23.9123 95.8783 87.9574 0 0 
0 0 0 256.131 255.578 191.824 95.8066 63.8615 0 64.0895 96.0496 191.925 255.832 256.531 0 0 0 
0 0 0 207.969 734.789 687.28 703.175 623.037 768.037 624.994 704.152 687.345 736.112 207.591 0 0 0 
0 0 0 0 576.756 1662.49 1822.09 1919.7 1600.1 1922.84 1824.1 1664.22 575.886 0 0 0 0 
0 0 0 0 228.885 1248.54 2927.24 3680.32 4356.68 3675.57 2927.93 1249.76 228.258 0 0 0 0 
0 0 0 0 0 449.216 1570.18 3134.9 3262.51 3136.5 1568.22 446.584 0 0 0 0 0 
0 0 0 0 0 128.647 769.394 1392.9 2111.28 1390.81 767.373 128.164 0 0 0 0 0 
0 0 0 0 0 0 63.9219 513.111 577.007 512.89 63.9411 0 0 0 0 0 0 
0 0 0 0 0 0 56.1912 96.1157 120.28 96.2799 56.2386 0 0 0 0 0 0 
0 0 0 0 0 0 0 0 64.1174 0 0 0 0 0 0 0 0 
0 0 0 0 0 0 0 16.0594 0 16.026 0 0 0 0 0 0 0 
0 0 0 0 0 0 0 0 0 0 0 0 0 0 0 0 0 
0 0 0 0 0 0 0 0 2.00356 0 0 0 0 0 0 0 0 
