1 0 0 0 0 0 0 0 0 0 0 0 0 0 0 0 1 
0 0 0 0 0 0 0 0 0 0 0 0 0 0 0 0 0 
0 16 0 0 0 0 0 0 0 0 0 0 0 0 0 16 0 
0 0 31.9823 0 0 0 0 0 0 0 0 0 0 0 31.9607 0 0 
0 0 88.0177 96.1583 24.0338 0 0 0 7.99461 0 0 0 23.9725 95.9313 88.0393 0 0 
0 0 0 255.415 256.102 192.127 95.9176 63.9501 0 63.7993 95.7262 192.411 255.802 255.801 0 0 0 
0 0 0 208.427 734.925 688.05 703.799 624.368 767.914 623.893 703.96 688.252 735.997 208.268 0 0 0 
0 0 0 0 576.43 1662.77 1822.74 1919.98 1599.29 1920.17 1823.84 1662 576.405 0 0 0 0 
0 0 0 0 228.508 1248.31 2928.58 3678.39 4358.83 3679.81 2925.05 1248.5 227.824 0 0 0 0 
0 0 0 0 0 448.592 1567.94 3134.65 3263.48 3135.79 1568.81 448.534 0 0 0 0 0 
0 0 0 0 0 128.152 768.819 1394.87 2109.45 1392.3 770.413 128.304 0 0 0 0 0 
0 0 0 0 0 0 64.3352 511.855 576.709 512.301 64.0781 0 0 0 0 0 0 
0 0 0 0 0 0 55.8655 95.9857 120.384 95.9118 56.1231 0 0 0 0 0 0 
0 0 0 0 0 0 0 0 63.943 0 0 0 0 0 0 0 0 
0 0 0 0 0 0 0 15.943 0 16.0338 0 0 0 0 0 0 0 
0 0 0 0 0 0 0 0 0 0 0 0 0 0 0 0 0 
0 0 0 0 0 0 0 0 2.00189 0 0 0 0 0 0 0 0 
