1 0 0 0 0 0 0 0 0 0 0 0 0 0 0 0 1 
0 0 0 0 0 0 0 0 0 0 0 0 0 0 0 0 0 
0 16 0 0 0 0 0 0 0 0 0 0 0 0 0 16 0 
0 0 32.0324 0 0 0 0 0 0 0 0 0 0 0 32.0067 0 0 
0 0 87.9676 96.0497 24.0973 0 0 0 8.0308 0 0 0 24.1014 96.0217 87.9933 0 0 
0 0 0 255.906 255.941 192.224 95.915 64.0891 0 64.1242 96.2749 192.369 256.233 255.937 0 0 0 
0 0 0 208.045 736.329 688.497 704.774 625.124 770.961 624.935 704.116 687.492 736.081 208.042 0 0 0 
0 0 0 0 575.648 1664.5 1826.24 1921.67 1601.93 1922.79 1823.82 1665.68 575.626 0 0 0 0 
0 0 0 0 227.986 1247.98 2926.6 3678.65 4355.09 3680.48 2928.75 1246.79 227.958 0 0 0 0 
0 0 0 0 0 446.994 1567.34 3135.82 3263.34 3133.44 1567.79 447.431 0 0 0 0 0 
0 0 0 0 0 127.808 767.418 1391.67 2109.47 1390.24 767.347 128.234 0 0 0 0 0 
0 0 0 0 0 0 63.8758 511.109 575.346 512.015 63.8934 0 0 0 0 0 0 
0 0 0 0 0 0 55.8477 95.8808 119.941 96.0066 56.0082 0 0 0 0 0 0 
0 0 0 0 0 0 0 0 63.8856 0 0 0 0 0 0 0 0 
0 0 0 0 0 0 0 15.9959 0 15.9725 0 0 0 0 0 0 0 
0 0 0 0 0 0 0 0 0 0 0 0 0 0 0 0 0 
0 0 0 0 0 0 0 0 2.00064 0 0 0 0 0 0 0 0 
