1 0 0 0 0 0 0 0 0 0 0 0 0 0 0 0 0 
0 0 0 0 0 0 0 0 0 0 0 0 0 0 0 0 0 
0 16 0 0 0 0 0 0 0 0 0 0 0 0 0 0 0 
0 0 32 0 0 0 0 0 0 0 0 0 0 0 0 0 0 
0 0 88 95.9991 23.9998 0 0 0 7.98678 0 0 0 0 0 0 0 0 
0 0 0 256.002 255.947 191.857 95.917 63.8942 0 0 0 0 0 0 0 0 0 
0 0 0 207.999 736.134 687.884 704.199 624.49 767.65 0 0 0 0 0 0 0 0 
0 0 0 0 575.893 1664.27 1823.39 1919.65 1600.39 0 0 0 0 0 0 0 0 
0 0 0 0 228.027 1247.96 2928.38 3679.92 4356.24 0 0 0 0 0 0 0 0 
0 0 0 0 0 448.436 1568.4 3135.74 3264.24 0 0 0 0 0 0 0 0 
0 0 0 0 0 127.588 767.875 1392.13 2111.29 0 0 0 0 0 0 0 0 
0 0 0 0 0 0 63.9595 512.319 576.043 0 0 0 0 0 0 0 0 
0 0 0 0 0 0 55.8764 95.8941 120.167 0 0 0 0 0 0 0 0 
0 0 0 0 0 0 0 0 64.0135 0 0 0 0 0 0 0 0 
0 0 0 0 0 0 0 15.9647 0 0 0 0 0 0 0 0 0 
0 0 0 0 0 0 0 0 0 0 0 0 0 0 0 0 0 
0 0 0 0 0 0 0 0 1.99558 0 0 0 0 0 0 0 0 
