1 0 0 0 0 0 0 0 0 0 0 0 0 0 0 0 0 
0 0 0 0 0 0 0 0 0 0 0 0 0 0 0 0 0 
0 16 0 0 0 0 0 0 0 0 0 0 0 0 0 0 0 
0 0 32 0 0 0 0 0 0 0 0 0 0 0 0 0 0 
0 0 88 96.0205 24.0051 0 0 0 7.99612 0 0 0 0 0 0 0 0 
0 0 0 255.959 256.009 191.989 95.9587 63.969 0 0 0 0 0 0 0 0 0 
0 0 0 208.021 735.762 687.994 704.106 624.342 767.702 0 0 0 0 0 0 0 0 
0 0 0 0 576.427 1663.88 1824.15 1920.73 1600.87 0 0 0 0 0 0 0 0 
0 0 0 0 227.796 1248.2 2927.89 3678.84 4355.37 0 0 0 0 0 0 0 0 
0 0 0 0 0 448.045 1567.65 3136.2 3263.72 0 0 0 0 0 0 0 0 
0 0 0 0 0 127.895 768.173 1390.7 2112.69 0 0 0 0 0 0 0 0 
0 0 0 0 0 0 64.0477 513.177 575.519 0 0 0 0 0 0 0 0 
0 0 0 0 0 0 56.0235 96.0355 120.078 0 0 0 0 0 0 0 0 
0 0 0 0 0 0 0 0 64.0574 0 0 0 0 0 0 0 0 
0 0 0 0 0 0 0 16.0067 0 0 0 0 0 0 0 0 0 
0 0 0 0 0 0 0 0 0 0 0 0 0 0 0 0 0 
0 0 0 0 0 0 0 0 2.00084 0 0 0 0 0 0 0 0 
