1 0 0 0 0 0 0 0 0 0 0 0 0 0 0 0 0 
0 0 0 0 0 0 0 0 0 0 0 0 0 0 0 0 0 
0 16 0 0 0 0 0 0 0 0 0 0 0 0 0 0 0 
0 0 32 0 0 0 0 0 0 0 0 0 0 0 0 0 0 
0 0 88 95.9839 23.996 0 0 0 7.96839 0 0 0 0 0 0 0 0 
0 0 0 256.032 256 191.953 95.8696 63.7471 0 0 0 0 0 0 0 0 0 
0 0 0 207.984 735.93 688.086 703.748 624.55 768.193 0 0 0 0 0 0 0 0 
0 0 0 0 576.156 1664.15 1824.39 1919.25 1599.9 0 0 0 0 0 0 0 0 
0 0 0 0 227.918 1247.56 2928.21 3680.63 4356.05 0 0 0 0 0 0 0 0 
0 0 0 0 0 448.317 1567.96 3135.22 3263.77 0 0 0 0 0 0 0 0 
0 0 0 0 0 127.933 767.834 1393.14 2112.39 0 0 0 0 0 0 0 0 
0 0 0 0 0 0 64.0835 511.733 575.303 0 0 0 0 0 0 0 0 
0 0 0 0 0 0 55.9035 95.7654 120.45 0 0 0 0 0 0 0 0 
0 0 0 0 0 0 0 0 63.9859 0 0 0 0 0 0 0 0 
0 0 0 0 0 0 0 15.9724 0 0 0 0 0 0 0 0 0 
0 0 0 0 0 0 0 0 0 0 0 0 0 0 0 0 0 
0 0 0 0 0 0 0 0 1.99655 0 0 0 0 0 0 0 0 
