1 0 0 0 0 0 0 0 0 0 0 0 0 0 0 0 0 
0 0 0 0 0 0 0 0 0 0 0 0 0 0 0 0 0 
0 16 0 0 0 0 0 0 0 0 0 0 0 0 0 0 0 
0 0 32 0 0 0 0 0 0 0 0 0 0 0 0 0 0 
0 0 88 95.9896 23.9974 0 0 0 7.98338 0 0 0 0 0 0 0 0 
0 0 0 256.021 255.992 191.774 95.824 63.8671 0 0 0 0 0 0 0 0 0 
0 0 0 207.99 735.993 687.65 703.718 623.66 767.907 0 0 0 0 0 0 0 0 
0 0 0 0 576.048 1665.25 1824.1 1919.84 1600.03 0 0 0 0 0 0 0 0 
0 0 0 0 227.97 1247.47 2929.19 3681.43 4355.84 0 0 0 0 0 0 0 0 
0 0 0 0 0 447.853 1567.23 3135.11 3264.32 0 0 0 0 0 0 0 0 
0 0 0 0 0 128.007 768.062 1392.55 2111.95 0 0 0 0 0 0 0 0 
0 0 0 0 0 0 63.8594 511.62 576.22 0 0 0 0 0 0 0 0 
0 0 0 0 0 0 56.0187 95.914 119.849 0 0 0 0 0 0 0 0 
0 0 0 0 0 0 0 0 63.9004 0 0 0 0 0 0 0 0 
0 0 0 0 0 0 0 16.0054 0 0 0 0 0 0 0 0 0 
0 0 0 0 0 0 0 0 0 0 0 0 0 0 0 0 0 
0 0 0 0 0 0 0 0 2.00067 0 0 0 0 0 0 0 0 
