1 0 0 0 0 0 0 0 0 0 0 0 0 0 0 0 0 
0 0 0 0 0 0 0 0 0 0 0 0 0 0 0 0 0 
0 16 0 0 0 0 0 0 0 0 0 0 0 0 0 0 0 
0 0 32 0 0 0 0 0 0 0 0 0 0 0 0 0 0 
0 0 88 95.9774 24.0715 0 0 0 8.0297 0 0 0 0 0 0 0 0 
0 0 0 255.628 256.271 192.463 96.4145 64.2612 0 0 0 0 0 0 0 0 0 
0 0 0 208.394 735.424 687.56 702.574 623.642 765.775 0 0 0 0 0 0 0 0 
0 0 0 0 576.05 1659.72 1820.87 1916.74 1596.08 0 0 0 0 0 0 0 0 
0 0 0 0 228.183 1249.99 2928.91 3675.05 4350.17 0 0 0 0 0 0 0 0 
0 0 0 0 0 450.053 1568.44 3137.64 3264.98 0 0 0 0 0 0 0 0 
0 0 0 0 0 128.209 770.141 1397.72 2119.7 0 0 0 0 0 0 0 0 
0 0 0 0 0 0 64.2954 512.541 578.593 0 0 0 0 0 0 0 0 
0 0 0 0 0 0 56.3515 96.2505 120.375 0 0 0 0 0 0 0 0 
0 0 0 0 0 0 0 0 64.2823 0 0 0 0 0 0 0 0 
0 0 0 0 0 0 0 16.1538 0 0 0 0 0 0 0 0 0 
0 0 0 0 0 0 0 0 0 0 0 0 0 0 0 0 0 
0 0 0 0 0 0 0 0 2.01735 0 0 0 0 0 0 0 0 
