1 0 0 0 0 0 0 0 0 0 0 0 0 0 0 0 0 
0 0 0 0 0 0 0 0 0 0 0 0 0 0 0 0 0 
0 16 0 0 0 0 0 0 0 0 0 0 0 0 0 0 0 
0 0 32 0 0 0 0 0 0 0 0 0 0 0 0 0 0 
0 0 88 96.2879 23.9892 0 0 0 8.01476 0 0 0 0 0 0 0 0 
0 0 0 255.851 255.51 191.847 95.7468 63.9199 0 0 0 0 0 0 0 0 0 
0 0 0 207.861 735.538 687.278 703.941 623.204 767.517 0 0 0 0 0 0 0 0 
0 0 0 0 576.597 1662.96 1819.94 1915.78 1595.15 0 0 0 0 0 0 0 0 
0 0 0 0 228.365 1248.32 2926.27 3674.86 4347.14 0 0 0 0 0 0 0 0 
0 0 0 0 0 448.763 1570.63 3139.09 3268.37 0 0 0 0 0 0 0 0 
0 0 0 0 0 128.829 771.07 1394.52 2115.78 0 0 0 0 0 0 0 0 
0 0 0 0 0 0 63.9662 516.138 579.953 0 0 0 0 0 0 0 0 
0 0 0 0 0 0 56.4324 96.3841 121.373 0 0 0 0 0 0 0 0 
0 0 0 0 0 0 0 0 64.6872 0 0 0 0 0 0 0 0 
0 0 0 0 0 0 0 16.0988 0 0 0 0 0 0 0 0 0 
0 0 0 0 0 0 0 0 0 0 0 0 0 0 0 0 0 
0 0 0 0 0 0 0 0 2.01582 0 0 0 0 0 0 0 0 
