1 0 0 0 0 0 0 0 0 0 0 0 0 0 0 0 0 
0 0 0 0 0 0 0 0 0 0 0 0 0 0 0 0 0 
0 16 0 0 0 0 0 0 0 0 0 0 0 0 0 0 0 
0 0 32 0 0 0 0 0 0 0 0 0 0 0 0 0 0 
0 0 88 95.9442 23.986 0 0 0 8.02784 0 0 0 0 0 0 0 0 
0 0 0 256.112 255.886 191.792 95.9186 64.2228 0 0 0 0 0 0 0 0 0 
0 0 0 207.944 736.216 688.027 704.632 623.762 767.831 0 0 0 0 0 0 0 0 
0 0 0 0 575.965 1664.65 1822.6 1920.08 1600.28 0 0 0 0 0 0 0 0 
0 0 0 0 227.947 1247.66 2929.06 3679.62 4355.9 0 0 0 0 0 0 0 0 
0 0 0 0 0 447.679 1568.05 3135.88 3263.56 0 0 0 0 0 0 0 0 
0 0 0 0 0 128.199 767.645 1392.97 2112.1 0 0 0 0 0 0 0 0 
0 0 0 0 0 0 64.0715 511.415 576.724 0 0 0 0 0 0 0 0 
0 0 0 0 0 0 56.0178 96.0454 119.778 0 0 0 0 0 0 0 0 
0 0 0 0 0 0 0 0 63.8026 0 0 0 0 0 0 0 0 
0 0 0 0 0 0 0 16.0051 0 0 0 0 0 0 0 0 0 
0 0 0 0 0 0 0 0 0 0 0 0 0 0 0 0 0 
0 0 0 0 0 0 0 0 2.00064 0 0 0 0 0 0 0 0 
