1 0 0 0 0 0 0 0 0 0 0 0 0 0 0 0 0 
0 0 0 0 0 0 0 0 0 0 0 0 0 0 0 0 0 
0 16 0 0 0 0 0 0 0 0 0 0 0 0 0 0 0 
0 0 32 0 0 0 0 0 0 0 0 0 0 0 0 0 0 
0 0 88 96.2188 24.068 0 0 0 7.96132 0 0 0 0 0 0 0 0 
0 0 0 256.108 256.203 191.604 95.8899 63.7607 0 0 0 0 0 0 0 0 0 
0 0 0 207.673 735.72 688.072 702.853 620.676 763.852 0 0 0 0 0 0 0 0 
0 0 0 0 575.44 1665.36 1822.5 1916.88 1594.62 0 0 0 0 0 0 0 0 
0 0 0 0 228.57 1247.12 2931.44 3681.02 4359.53 0 0 0 0 0 0 0 0 
0 0 0 0 0 447.239 1569.02 3141.04 3271.41 0 0 0 0 0 0 0 0 
0 0 0 0 0 128.61 766.501 1392.65 2112.88 0 0 0 0 0 0 0 0 
0 0 0 0 0 0 63.704 512.073 573.958 0 0 0 0 0 0 0 0 
0 0 0 0 0 0 56.0922 95.9036 119.818 0 0 0 0 0 0 0 0 
0 0 0 0 0 0 0 0 63.9746 0 0 0 0 0 0 0 0 
0 0 0 0 0 0 0 15.9924 0 0 0 0 0 0 0 0 0 
0 0 0 0 0 0 0 0 0 0 0 0 0 0 0 0 0 
0 0 0 0 0 0 0 0 1.99228 0 0 0 0 0 0 0 0 
