1 0 0 0 0 0 0 0 0 0 0 0 0 0 0 0 0 
0 0 0 0 0 0 0 0 0 0 0 0 0 0 0 0 0 
0 16 0 0 0 0 0 0 0 0 0 0 0 0 0 0 0 
0 0 32 0 0 0 0 0 0 0 0 0 0 0 0 0 0 
0 0 88 96.0053 24.0013 0 0 0 7.98565 0 0 0 0 0 0 0 0 
0 0 0 255.989 256.08 192.079 96.0035 63.8852 0 0 0 0 0 0 0 0 0 
0 0 0 208.005 735.928 688.177 704.095 624.52 768.39 0 0 0 0 0 0 0 0 
0 0 0 0 575.899 1663.8 1824.28 1919.81 1599.84 0 0 0 0 0 0 0 0 
0 0 0 0 228.092 1247.76 2927.71 3680.23 4356.56 0 0 0 0 0 0 0 0 
0 0 0 0 0 447.99 1567.52 3135.03 3262.81 0 0 0 0 0 0 0 0 
0 0 0 0 0 128.2 768.204 1392.19 2111.63 0 0 0 0 0 0 0 0 
0 0 0 0 0 0 64.1944 512.225 576.722 0 0 0 0 0 0 0 0 
0 0 0 0 0 0 55.9934 96.1101 120.014 0 0 0 0 0 0 0 0 
0 0 0 0 0 0 0 0 64.0532 0 0 0 0 0 0 0 0 
0 0 0 0 0 0 0 15.9981 0 0 0 0 0 0 0 0 0 
0 0 0 0 0 0 0 0 0 0 0 0 0 0 0 0 0 
0 0 0 0 0 0 0 0 1.99976 0 0 0 0 0 0 0 0 
