1 0 0 0 0 0 0 0 0 0 0 0 0 0 0 0 0 
0 0 0 0 0 0 0 0 0 0 0 0 0 0 0 0 0 
0 16 0 0 0 0 0 0 0 0 0 0 0 0 0 0 0 
0 0 32 0 0 0 0 0 0 0 0 0 0 0 0 0 0 
0 0 88 95.9655 23.9914 0 0 0 8.01495 0 0 0 0 0 0 0 0 
0 0 0 256.069 255.879 192.155 96.052 64.1196 0 0 0 0 0 0 0 0 0 
0 0 0 207.966 736.215 687.888 704.344 624.302 767.837 0 0 0 0 0 0 0 0 
0 0 0 0 575.968 1663.6 1823.7 1919.5 1600.25 0 0 0 0 0 0 0 0 
0 0 0 0 227.947 1248.3 2927.38 3679.54 4356.3 0 0 0 0 0 0 0 0 
0 0 0 0 0 448.268 1568.34 3136.98 3263.36 0 0 0 0 0 0 0 0 
0 0 0 0 0 127.789 768.275 1391.14 2112.21 0 0 0 0 0 0 0 0 
0 0 0 0 0 0 63.9993 512.424 575.994 0 0 0 0 0 0 0 0 
0 0 0 0 0 0 55.9131 96.0169 119.921 0 0 0 0 0 0 0 0 
0 0 0 0 0 0 0 0 64.1125 0 0 0 0 0 0 0 0 
0 0 0 0 0 0 0 15.9752 0 0 0 0 0 0 0 0 0 
0 0 0 0 0 0 0 0 0 0 0 0 0 0 0 0 0 
0 0 0 0 0 0 0 0 1.9969 0 0 0 0 0 0 0 0 
