1 0 0 0 0 0 0 0 0 0 0 0 0 0 0 0 0 
0 0 0 0 0 0 0 0 0 0 0 0 0 0 0 0 0 
0 16 0 0 0 0 0 0 0 0 0 0 0 0 0 0 0 
0 0 32 0 0 0 0 0 0 0 0 0 0 0 0 0 0 
0 0 88 95.9329 23.9832 0 0 0 7.99578 0 0 0 0 0 0 0 0 
0 0 0 256.134 256.031 191.951 95.9766 63.9662 0 0 0 0 0 0 0 0 0 
0 0 0 207.933 735.781 687.644 703.642 623.971 767.674 0 0 0 0 0 0 0 0 
0 0 0 0 576.413 1664.48 1823.77 1919.06 1600.54 0 0 0 0 0 0 0 0 
0 0 0 0 227.792 1247.89 2929.18 3681.19 4355.7 0 0 0 0 0 0 0 0 
0 0 0 0 0 448.44 1567.53 3135.59 3263.4 0 0 0 0 0 0 0 0 
0 0 0 0 0 127.592 768.057 1393.09 2113.14 0 0 0 0 0 0 0 0 
0 0 0 0 0 0 64.0536 511.284 575.84 0 0 0 0 0 0 0 0 
0 0 0 0 0 0 55.7932 95.91 119.858 0 0 0 0 0 0 0 0 
0 0 0 0 0 0 0 0 63.858 0 0 0 0 0 0 0 0 
0 0 0 0 0 0 0 15.9409 0 0 0 0 0 0 0 0 0 
0 0 0 0 0 0 0 0 0 0 0 0 0 0 0 0 0 
0 0 0 0 0 0 0 0 1.99261 0 0 0 0 0 0 0 0 
