1 0 0 0 0 0 0 0 0 0 0 0 0 0 0 0 0 
0 0 0 0 0 0 0 0 0 0 0 0 0 0 0 0 0 
0 16 0 0 0 0 0 0 0 0 0 0 0 0 0 0 0 
0 0 32 0 0 0 0 0 0 0 0 0 0 0 0 0 0 
0 0 88 95.9619 23.9905 0 0 0 7.98926 0 0 0 0 0 0 0 0 
0 0 0 256.076 255.916 192.019 95.8689 63.9141 0 0 0 0 0 0 0 0 0 
0 0 0 207.962 735.989 687.7 705.139 623.666 768.422 0 0 0 0 0 0 0 0 
0 0 0 0 576.314 1664.2 1822.08 1921.76 1600.07 0 0 0 0 0 0 0 0 
0 0 0 0 227.791 1248.26 2928.7 3677.79 4355.07 0 0 0 0 0 0 0 0 
0 0 0 0 0 447.969 1568.44 3136.53 3263.52 0 0 0 0 0 0 0 0 
0 0 0 0 0 127.846 767.82 1392.63 2112.51 0 0 0 0 0 0 0 0 
0 0 0 0 0 0 63.9407 511.83 577.014 0 0 0 0 0 0 0 0 
0 0 0 0 0 0 56.017 95.8812 119.714 0 0 0 0 0 0 0 0 
0 0 0 0 0 0 0 0 63.6859 0 0 0 0 0 0 0 0 
0 0 0 0 0 0 0 16.0048 0 0 0 0 0 0 0 0 0 
0 0 0 0 0 0 0 0 0 0 0 0 0 0 0 0 0 
0 0 0 0 0 0 0 0 2.00061 0 0 0 0 0 0 0 0 
