1 0 0 0 0 0 0 0 0 0 0 0 0 0 0 0 0 
0 0 0 0 0 0 0 0 0 0 0 0 0 0 0 0 0 
0 16 0 0 0 0 0 0 0 0 0 0 0 0 0 0 0 
0 0 32 0 0 0 0 0 0 0 0 0 0 0 0 0 0 
0 0 88 96.0031 24.0008 0 0 0 8.01978 0 0 0 0 0 0 0 0 
0 0 0 255.994 255.793 191.807 95.9396 64.1582 0 0 0 0 0 0 0 0 0 
0 0 0 208.003 736.423 687.927 703.632 623.387 767.834 0 0 0 0 0 0 0 0 
0 0 0 0 575.771 1664.47 1824.14 1920.18 1601.12 0 0 0 0 0 0 0 0 
0 0 0 0 228.012 1247.96 2928.46 3680.08 4354.48 0 0 0 0 0 0 0 0 
0 0 0 0 0 447.913 1568.42 3136.76 3263.97 0 0 0 0 0 0 0 0 
0 0 0 0 0 127.918 767.508 1391.62 2112.89 0 0 0 0 0 0 0 0 
0 0 0 0 0 0 63.8396 511.903 575.659 0 0 0 0 0 0 0 0 
0 0 0 0 0 0 56.0676 95.9001 119.957 0 0 0 0 0 0 0 0 
0 0 0 0 0 0 0 0 64.0571 0 0 0 0 0 0 0 0 
0 0 0 0 0 0 0 16.0193 0 0 0 0 0 0 0 0 0 
0 0 0 0 0 0 0 0 0 0 0 0 0 0 0 0 0 
0 0 0 0 0 0 0 0 2.00241 0 0 0 0 0 0 0 0 
