1 0 0 0 0 0 0 0 0 0 0 0 0 0 0 0 0 
0 0 0 0 0 0 0 0 0 0 0 0 0 0 0 0 0 
0 16 0 0 0 0 0 0 0 0 0 0 0 0 0 0 0 
0 0 32 0 0 0 0 0 0 0 0 0 0 0 0 0 0 
0 0 88 95.9626 23.9906 0 0 0 7.9914 0 0 0 0 0 0 0 0 
0 0 0 256.075 255.987 192.071 95.9627 63.9312 0 0 0 0 0 0 0 0 0 
0 0 0 207.963 735.927 687.787 703.686 624.254 768.826 0 0 0 0 0 0 0 0 
0 0 0 0 576.222 1664.25 1824.91 1919.99 1599.47 0 0 0 0 0 0 0 0 
0 0 0 0 227.873 1248 2927.14 3679.7 4355.39 0 0 0 0 0 0 0 0 
0 0 0 0 0 447.755 1568.52 3136.28 3263.79 0 0 0 0 0 0 0 0 
0 0 0 0 0 128.14 767.804 1391.58 2111.87 0 0 0 0 0 0 0 0 
0 0 0 0 0 0 63.8932 512.257 576.995 0 0 0 0 0 0 0 0 
0 0 0 0 0 0 56.0911 95.9779 119.836 0 0 0 0 0 0 0 0 
0 0 0 0 0 0 0 0 63.8423 0 0 0 0 0 0 0 0 
0 0 0 0 0 0 0 16.026 0 0 0 0 0 0 0 0 0 
0 0 0 0 0 0 0 0 0 0 0 0 0 0 0 0 0 
0 0 0 0 0 0 0 0 2.00325 0 0 0 0 0 0 0 0 
