1 0 0 0 0 0 0 0 0 0 0 0 0 0 0 0 1 
0 0 0 0 0 0 0 0 0 0 0 0 0 0 0 0 0 
0 16 0 0 0 0 0 0 0 0 0 0 0 0 0 16 0 
0 0 31.7339 0 0 0 0 0 0 0 0 0 0 0 31.3778 0 0 
0 0 88.2661 93.8651 23.0768 0 0 0 7.99596 0 0 0 23.3724 96.2797 88.6222 0 0 
0 0 0 258.419 252.327 188.452 98.6138 64.0855 0 62.3944 94.8949 192.94 255.37 255.902 0 0 0 
0 0 0 207.716 744.435 678.517 701.388 622.497 767.229 620.08 698.402 684.607 736.904 207.819 0 0 0 
0 0 0 0 575.257 1679.94 1825.67 1929.24 1602.41 1911.32 1794.3 1665.67 576.191 0 0 0 0 
0 0 0 0 224.904 1253.4 2943.97 3701.57 4381.72 3711.68 2963.84 1244.85 228.162 0 0 0 0 
0 0 0 0 0 440.654 1577.48 3121.37 3277.04 3116.33 1561.62 452.449 0 0 0 0 0 
0 0 0 0 0 127.039 740.908 1382.64 2074.17 1397.34 775.828 127.477 0 0 0 0 0 
0 0 0 0 0 0 63.9423 504.713 575.112 510.589 63.3476 0 0 0 0 0 0 
0 0 0 0 0 0 56.0264 97.87 117.55 94.1501 55.7702 0 0 0 0 0 0 
0 0 0 0 0 0 0 0 64.7096 0 0 0 0 0 0 0 0 
0 0 0 0 0 0 0 16.013 0 16.1092 0 0 0 0 0 0 0 
0 0 0 0 0 0 0 0 0 0 0 0 0 0 0 0 0 
0 0 0 0 0 0 0 0 2.06119 0 0 0 0 0 0 0 0 
