1 0 0 0 0 0 0 0 0 0 0 0 0 0 0 0 0 
0 0 0 0 0 0 0 0 0 0 0 0 0 0 0 0 0 
0 16 0 0 0 0 0 0 0 0 0 0 0 0 0 0 0 
0 0 32 0 0 0 0 0 0 0 0 0 0 0 0 0 0 
0 0 88 95.7831 24.023 0 0 0 7.98486 0 0 0 0 0 0 0 0 
0 0 0 255.946 256.936 193.002 95.3641 63.7294 0 0 0 0 0 0 0 0 0 
0 0 0 208.271 737.393 687.736 703.045 621.792 764.606 0 0 0 0 0 0 0 0 
0 0 0 0 575.304 1663.7 1824.48 1913.63 1589.13 0 0 0 0 0 0 0 0 
0 0 0 0 226.343 1247.04 2930.69 3682.73 4338.3 0 0 0 0 0 0 0 0 
0 0 0 0 0 451.068 1567.45 3137.39 3279.74 0 0 0 0 0 0 0 0 
0 0 0 0 0 125.461 768.048 1392.14 2120.8 0 0 0 0 0 0 0 0 
0 0 0 0 0 0 64.2459 515.942 580.925 0 0 0 0 0 0 0 0 
0 0 0 0 0 0 54.6762 97.0967 122.503 0 0 0 0 0 0 0 0 
0 0 0 0 0 0 0 0 64.0608 0 0 0 0 0 0 0 0 
0 0 0 0 0 0 0 15.5474 0 0 0 0 0 0 0 0 0 
0 0 0 0 0 0 0 0 0 0 0 0 0 0 0 0 0 
0 0 0 0 0 0 0 0 1.95438 0 0 0 0 0 0 0 0 
