1 0 0 0 0 0 0 0 0 0 0 0 0 0 0 0 0 
0 0 0 0 0 0 0 0 0 0 0 0 0 0 0 0 0 
0 16 0 0 0 0 0 0 0 0 0 0 0 0 0 0 0 
0 0 32 0 0 0 0 0 0 0 0 0 0 0 0 0 0 
0 0 88 96.1538 24.1312 0 0 0 7.93931 0 0 0 0 0 0 0 0 
0 0 0 254.921 256.976 194.424 96.8709 63.3563 0 0 0 0 0 0 0 0 0 
0 0 0 208.926 734.55 686.282 706.874 629.189 771.636 0 0 0 0 0 0 0 0 
0 0 0 0 575.713 1660.1 1823.57 1914.08 1602.44 0 0 0 0 0 0 0 0 
0 0 0 0 228.629 1247.1 2922.16 3685.46 4350.62 0 0 0 0 0 0 0 0 
0 0 0 0 0 451.261 1568.38 3127.84 3250.26 0 0 0 0 0 0 0 0 
0 0 0 0 0 128.829 769.335 1391.42 2121.62 0 0 0 0 0 0 0 0 
0 0 0 0 0 0 64.7777 516.522 579.205 0 0 0 0 0 0 0 0 
0 0 0 0 0 0 56.0296 96.1473 120.274 0 0 0 0 0 0 0 0 
0 0 0 0 0 0 0 0 64.0088 0 0 0 0 0 0 0 0 
0 0 0 0 0 0 0 15.9846 0 0 0 0 0 0 0 0 0 
0 0 0 0 0 0 0 0 0 0 0 0 0 0 0 0 0 
0 0 0 0 0 0 0 0 1.99201 0 0 0 0 0 0 0 0 
