1 0 0 0 0 0 0 0 0 0 0 0 0 0 0 0 0 
0 0 0 0 0 0 0 0 0 0 0 0 0 0 0 0 0 
0 16 0 0 0 0 0 0 0 0 0 0 0 0 0 0 0 
0 0 32 0 0 0 0 0 0 0 0 0 0 0 0 0 0 
0 0 88 95.6243 24.0445 0 0 0 8.14809 0 0 0 0 0 0 0 0 
0 0 0 256.189 255.632 192.501 97.0685 65.3364 0 0 0 0 0 0 0 0 0 
0 0 0 208.187 737.611 693.868 705.869 629.451 767.62 0 0 0 0 0 0 0 0 
0 0 0 0 575.272 1659.08 1829.96 1927.37 1598.07 0 0 0 0 0 0 0 0 
0 0 0 0 227.44 1247.8 2916.13 3674.55 4361.97 0 0 0 0 0 0 0 0 
0 0 0 0 0 446.085 1566.04 3129.72 3269.14 0 0 0 0 0 0 0 0 
0 0 0 0 0 128.665 772.691 1387.19 2102.82 0 0 0 0 0 0 0 0 
0 0 0 0 0 0 64.1656 513.797 574.113 0 0 0 0 0 0 0 0 
0 0 0 0 0 0 56.0812 96.3953 122.406 0 0 0 0 0 0 0 0 
0 0 0 0 0 0 0 0 63.6932 0 0 0 0 0 0 0 0 
0 0 0 0 0 0 0 16.1936 0 0 0 0 0 0 0 0 0 
0 0 0 0 0 0 0 0 0 0 0 0 0 0 0 0 0 
0 0 0 0 0 0 0 0 2.0229 0 0 0 0 0 0 0 0 
