1 0 0 0 0 0 0 0 0 0 0 0 0 0 0 0 0 
0 0 0 0 0 0 0 0 0 0 0 0 0 0 0 0 0 
0 16 0 0 0 0 0 0 0 0 0 0 0 0 0 0 0 
0 0 32 0 0 0 0 0 0 0 0 0 0 0 0 0 0 
0 0 88 96.7081 24.4192 0 0 0 8.08506 0 0 0 0 0 0 0 0 
0 0 0 254.96 257.178 194.748 97.1077 64.7992 0 0 0 0 0 0 0 0 0 
0 0 0 208.332 737.199 690.552 704.158 629.019 774.965 0 0 0 0 0 0 0 0 
0 0 0 0 573.009 1661.17 1830.33 1931.66 1608.97 0 0 0 0 0 0 0 0 
0 0 0 0 228.195 1245.14 2924.87 3668.35 4344.82 0 0 0 0 0 0 0 0 
0 0 0 0 0 447.627 1565.83 3122.12 3260.41 0 0 0 0 0 0 0 0 
0 0 0 0 0 128.765 765.047 1392.78 2106.85 0 0 0 0 0 0 0 0 
0 0 0 0 0 0 64.015 519.357 578.301 0 0 0 0 0 0 0 0 
0 0 0 0 0 0 56.6373 95.67 121.123 0 0 0 0 0 0 0 0 
0 0 0 0 0 0 0 0 64.4477 0 0 0 0 0 0 0 0 
0 0 0 0 0 0 0 16.2379 0 0 0 0 0 0 0 0 0 
0 0 0 0 0 0 0 0 0 0 0 0 0 0 0 0 0 
0 0 0 0 0 0 0 0 2.02797 0 0 0 0 0 0 0 0 
