1 0 0 0 0 0 0 0 0 0 0 0 0 0 0 0 0 
0 0 0 0 0 0 0 0 0 0 0 0 0 0 0 0 0 
0 16 0 0 0 0 0 0 0 0 0 0 0 0 0 0 0 
0 0 32 0 0 0 0 0 0 0 0 0 0 0 0 0 0 
0 0 88 95.6309 24.0668 0 0 0 8.23198 0 0 0 0 0 0 0 0 
0 0 0 256.446 256.795 193.291 96.5956 66.1287 0 0 0 0 0 0 0 0 0 
0 0 0 207.924 735.847 692.646 709.54 622.539 769.729 0 0 0 0 0 0 0 0 
0 0 0 0 576.748 1665.94 1836.52 1938.62 1597 0 0 0 0 0 0 0 0 
0 0 0 0 226.544 1244.45 2923.52 3674.22 4374.56 0 0 0 0 0 0 0 0 
0 0 0 0 0 444.378 1559.61 3136.56 3263.78 0 0 0 0 0 0 0 0 
0 0 0 0 0 127.301 762.605 1381.45 2102.11 0 0 0 0 0 0 0 0 
0 0 0 0 0 0 63.8335 507.917 569.498 0 0 0 0 0 0 0 0 
0 0 0 0 0 0 55.7883 96.6604 119.564 0 0 0 0 0 0 0 0 
0 0 0 0 0 0 0 0 63.5421 0 0 0 0 0 0 0 0 
0 0 0 0 0 0 0 15.9114 0 0 0 0 0 0 0 0 0 
0 0 0 0 0 0 0 0 0 0 0 0 0 0 0 0 0 
0 0 0 0 0 0 0 0 1.98644 0 0 0 0 0 0 0 0 
