1 0 0 0 0 0 0 0 0 0 0 0 0 0 0 0 1 
0 0 0 0 0 0 0 0 0 0 0 0 0 0 0 0 0 
0 16 0 0 0 0 0 0 0 0 0 0 0 0 0 16 0 
0 0 32.0003 0 0 0 0 0 0 0 0 0 0 0 31.922 0 0 
0 0 87.9997 95.8528 23.9853 0 0 0 7.96717 0 0 0 24.0355 95.6461 88.078 0 0 
0 0 0 255.985 256.049 191.831 96.401 63.9831 0 63.8631 95.8316 191.721 256.146 256.278 0 0 0 
0 0 0 208.163 736.196 689.413 705.725 624.733 768.03 623.45 702.486 688.328 735.904 208.076 0 0 0 
0 0 0 0 575.7 1664.24 1826.38 1921.29 1600.71 1920.48 1823.17 1664.59 575.238 0 0 0 0 
0 0 0 0 228.07 1246.69 2926.7 3684.07 4359.53 3679.9 2929.52 1247.23 228.675 0 0 0 0 
0 0 0 0 0 447.698 1565.1 3132.62 3264.37 3135.9 1568.43 448.145 0 0 0 0 0 
0 0 0 0 0 128.127 767.643 1389.26 2107.9 1392.5 768.656 127.986 0 0 0 0 0 
0 0 0 0 0 0 64.1712 511.862 575.597 512.036 63.8246 0 0 0 0 0 0 
0 0 0 0 0 0 55.8835 96.1959 120.065 95.8321 56.082 0 0 0 0 0 0 
0 0 0 0 0 0 0 0 63.8286 0 0 0 0 0 0 0 0 
0 0 0 0 0 0 0 15.984 0 16.0336 0 0 0 0 0 0 0 
0 0 0 0 0 0 0 0 0 0 0 0 0 0 0 0 0 
0 0 0 0 0 0 0 0 2.00391 0 0 0 0 0 0 0 0 
