1 0 0 0 0 0 0 0 0 0 0 0 0 0 0 0 1 
0 0 0 0 0 0 0 0 0 0 0 0 0 0 0 0 0 
0 16 0 0 0 0 0 0 0 0 0 0 0 0 0 16 0 
0 0 31.9457 0 0 0 0 0 0 0 0 0 0 0 32.0563 0 0 
0 0 88.0543 95.9184 23.9896 0 0 0 8.03687 0 0 0 23.9373 96.0528 87.9437 0 0 
0 0 0 255.92 256.127 191.53 95.539 63.6573 0 64.1028 96.2453 191.78 256.02 255.908 0 0 0 
0 0 0 208.161 736.014 687.868 703.921 622.562 767.4 624.569 704.346 687.781 736.57 208.039 0 0 0 
0 0 0 0 575.962 1664.48 1825 1920.85 1598.1 1920.5 1825.04 1665.37 575.872 0 0 0 0 
0 0 0 0 227.907 1248.09 2929.81 3681.67 4357.04 3680.97 2931.32 1247.63 227.6 0 0 0 0 
0 0 0 0 0 448.389 1566.83 3135.98 3266.36 3136.24 1564.46 447.804 0 0 0 0 0 
0 0 0 0 0 127.639 767.136 1392.1 2112.6 1391.66 766.592 127.633 0 0 0 0 0 
0 0 0 0 0 0 63.8908 511.301 574.88 509.763 64.0224 0 0 0 0 0 0 
0 0 0 0 0 0 55.8746 95.8955 119.776 96.2119 55.9732 0 0 0 0 0 0 
0 0 0 0 0 0 0 0 63.8106 0 0 0 0 0 0 0 0 
0 0 0 0 0 0 0 15.9817 0 15.977 0 0 0 0 0 0 0 
0 0 0 0 0 0 0 0 0 0 0 0 0 0 0 0 0 
0 0 0 0 0 0 0 0 1.99994 0 0 0 0 0 0 0 0 
