1 0 0 0 0 0 0 0 0 0 0 0 0 0 0 0 1 
0 0 0 0 0 0 0 0 0 0 0 0 0 0 0 0 0 
0 16 0 0 0 0 0 0 0 0 0 0 0 0 0 16 0 
0 0 31.9643 0 0 0 0 0 0 0 0 0 0 0 31.9572 0 0 
0 0 88.0357 96.081 24.0042 0 0 0 7.99442 0 0 0 23.9103 95.7499 88.0428 0 0 
0 0 0 256.047 256.142 192.212 96.1662 63.8916 0 64.0477 95.8578 191.321 255.32 255.919 0 0 0 
0 0 0 207.872 736.302 687.026 701.211 624.823 768.199 623.615 702.262 687.401 735.322 208.331 0 0 0 
0 0 0 0 575.71 1666.01 1825.23 1918.95 1595.88 1918.95 1822.66 1661.96 576.781 0 0 0 0 
0 0 0 0 227.843 1247.64 2931.18 3679.99 4356.68 3675.86 2926.25 1249.23 228.666 0 0 0 0 
0 0 0 0 0 447.098 1567.96 3135.88 3264.07 3137.79 1570.5 449.69 0 0 0 0 0 
0 0 0 0 0 128.009 766.245 1392.59 2114.99 1394 770.189 128.402 0 0 0 0 0 
0 0 0 0 0 0 64.1353 512.075 576.486 513.782 64.3438 0 0 0 0 0 0 
0 0 0 0 0 0 55.879 95.8367 119.848 95.9482 55.928 0 0 0 0 0 0 
0 0 0 0 0 0 0 0 63.8624 0 0 0 0 0 0 0 0 
0 0 0 0 0 0 0 15.9731 0 16.0113 0 0 0 0 0 0 0 
0 0 0 0 0 0 0 0 0 0 0 0 0 0 0 0 0 
0 0 0 0 0 0 0 0 1.99557 0 0 0 0 0 0 0 0 
