1 0 0 0 0 0 0 0 0 0 0 0 0 0 0 0 1 
0 0 0 0 0 0 0 0 0 0 0 0 0 0 0 0 0 
0 16 0 0 0 0 0 0 0 0 0 0 0 0 0 16 0 
0 0 31.9542 0 0 0 0 0 0 0 0 0 0 0 32.0644 0 0 
0 0 88.0458 95.9578 24.02 0 0 0 8.01985 0 0 0 23.9695 96.024 87.9356 0 0 
0 0 0 255.873 256.201 192.305 96.3307 64.1558 0 63.9381 95.6511 192.02 255.842 256.345 0 0 0 
0 0 0 208.169 735.144 688.251 703.543 623.382 768.632 623.222 703.533 686.694 735.832 207.631 0 0 0 
0 0 0 0 576.728 1662.32 1822.09 1919.3 1599.21 1920.1 1825.88 1666.45 576.448 0 0 0 0 
0 0 0 0 227.907 1248.34 2927.17 3677.46 4356.95 3682.23 2930.59 1247.5 227.909 0 0 0 0 
0 0 0 0 0 448.93 1570.24 3134.84 3261.41 3136.62 1566.51 447.557 0 0 0 0 0 
0 0 0 0 0 127.854 768.899 1397.63 2113.31 1390.56 766.326 127.781 0 0 0 0 0 
0 0 0 0 0 0 63.756 511.579 576.675 511.785 63.6472 0 0 0 0 0 0 
0 0 0 0 0 0 55.9749 95.6837 119.991 95.6099 55.859 0 0 0 0 0 0 
0 0 0 0 0 0 0 0 63.8083 0 0 0 0 0 0 0 0 
0 0 0 0 0 0 0 15.9729 0 15.9362 0 0 0 0 0 0 0 
0 0 0 0 0 0 0 0 0 0 0 0 0 0 0 0 0 
0 0 0 0 0 0 0 0 1.9966 0 0 0 0 0 0 0 0 
