1 0 0 0 0 0 0 0 0 0 0 0 0 0 0 0 1 
0 0 0 0 0 0 0 0 0 0 0 0 0 0 0 0 0 
0 16 0 0 0 0 0 0 0 0 0 0 0 0 0 16 0 
0 0 32.0129 0 0 0 0 0 0 0 0 0 0 0 32.0138 0 0 
0 0 87.9871 96.0332 24.039 0 0 0 8.0032 0 0 0 24.081 95.9497 87.9862 0 0 
0 0 0 256.018 256.332 192.125 95.9142 63.793 0 63.9163 95.8364 192.215 255.666 256.003 0 0 0 
0 0 0 207.949 736.169 688.191 704.24 622.994 766.699 623.614 704.461 688.19 737.329 208.048 0 0 0 
0 0 0 0 575.723 1665.4 1825.76 1920.15 1598.8 1920.43 1822.57 1663.03 575.172 0 0 0 0 
0 0 0 0 227.737 1247.55 2930.07 3680.88 4356.39 3678.03 2928.41 1249.34 227.753 0 0 0 0 
0 0 0 0 0 447.21 1565.13 3139.09 3267.67 3137.85 1569.52 447.163 0 0 0 0 0 
0 0 0 0 0 127.527 767.172 1389.66 2110.45 1391.51 767.241 128.06 0 0 0 0 0 
0 0 0 0 0 0 63.8515 511.468 575.787 512.52 63.8981 0 0 0 0 0 0 
0 0 0 0 0 0 55.8515 95.9734 120.195 96.0967 56.0668 0 0 0 0 0 0 
0 0 0 0 0 0 0 0 63.9988 0 0 0 0 0 0 0 0 
0 0 0 0 0 0 0 15.9891 0 16.0285 0 0 0 0 0 0 0 
0 0 0 0 0 0 0 0 0 0 0 0 0 0 0 0 0 
0 0 0 0 0 0 0 0 2.00251 0 0 0 0 0 0 0 0 
