1 0 0 0 0 0 0 0 0 0 0 0 0 0 0 0 1 
0 0 0 0 0 0 0 0 0 0 0 0 0 0 0 0 0 
0 16 0 0 0 0 0 0 0 0 0 0 0 0 0 16 0 
0 0 31.9571 0 0 0 0 0 0 0 0 0 0 0 32.0827 0 0 
0 0 88.0429 96.0383 23.9162 0 0 0 7.99493 0 0 0 23.9395 96.0276 87.9173 0 0 
0 0 0 255.87 255.51 191.699 95.8729 63.7676 0 63.9107 96.0203 192.124 255.422 255.949 0 0 0 
0 0 0 208.092 735.454 688.001 703.862 623.999 767.616 623.643 703.927 688.554 736.186 208.023 0 0 0 
0 0 0 0 577.621 1662.96 1822.52 1919.34 1600.06 1918.52 1822.73 1662.53 575.904 0 0 0 0 
0 0 0 0 227.499 1248.95 2929.33 3684.19 4357.54 3679.69 2928.04 1247.77 228.549 0 0 0 0 
0 0 0 0 0 448.313 1567.66 3131.91 3259.74 3134.61 1568.43 448.439 0 0 0 0 0 
0 0 0 0 0 128.08 768.681 1392.07 2114.09 1394.17 768.84 128.586 0 0 0 0 0 
0 0 0 0 0 0 63.9779 512.714 576.164 513.214 63.9153 0 0 0 0 0 0 
0 0 0 0 0 0 56.0978 95.9314 120.363 96.1672 56.1025 0 0 0 0 0 0 
0 0 0 0 0 0 0 0 64.4113 0 0 0 0 0 0 0 0 
0 0 0 0 0 0 0 16.0733 0 16.0707 0 0 0 0 0 0 0 
0 0 0 0 0 0 0 0 0 0 0 0 0 0 0 0 0 
0 0 0 0 0 0 0 0 2.01157 0 0 0 0 0 0 0 0 
