1 0 0 0 0 0 0 0 0 0 0 0 0 0 0 0 1 
0 0 0 0 0 0 0 0 0 0 0 0 0 0 0 0 0 
0 16 0 0 0 0 0 0 0 0 0 0 0 0 0 16 0 
0 0 31.9752 0 0 0 0 0 0 0 0 0 0 0 32.0019 0 0 
0 0 88.0248 96.0291 24.01 0 0 0 8.01846 0 0 0 24.017 96.025 87.9981 0 0 
0 0 0 256.275 256.386 192.229 96.3718 64.1644 0 64.2396 96.0231 191.844 255.947 255.908 0 0 0 
0 0 0 207.695 736.516 688.111 704.791 625.562 769.434 624.804 704.278 688.331 735.449 208.067 0 0 0 
0 0 0 0 575.365 1664.83 1826.36 1920.63 1600.07 1918.84 1823.37 1662.3 576.365 0 0 0 0 
0 0 0 0 227.723 1246.89 2925 3680.39 4354.88 3680.15 2926.45 1248.98 228.222 0 0 0 0 
0 0 0 0 0 447.748 1566.58 3132.56 3264.29 3135.45 1568.42 448.488 0 0 0 0 0 
0 0 0 0 0 128.186 768.77 1391.89 2110.78 1391.87 769.216 128.062 0 0 0 0 0 
0 0 0 0 0 0 64.0733 512.563 576.123 512.512 64.0968 0 0 0 0 0 0 
0 0 0 0 0 0 56.061 96.1947 120.245 96.0601 56.1497 0 0 0 0 0 0 
0 0 0 0 0 0 0 0 64.1636 0 0 0 0 0 0 0 0 
0 0 0 0 0 0 0 16.0499 0 16.0638 0 0 0 0 0 0 0 
0 0 0 0 0 0 0 0 0 0 0 0 0 0 0 0 0 
0 0 0 0 0 0 0 0 2.00435 0 0 0 0 0 0 0 0 
