1 0 0 0 0 0 0 0 0 0 0 0 0 0 0 0 1 
0 0 0 0 0 0 0 0 0 0 0 0 0 0 0 0 0 
0 16 0 0 0 0 0 0 0 0 0 0 0 0 0 16 0 
0 0 32.0755 0 0 0 0 0 0 0 0 0 0 0 32.121 0 0 
0 0 87.9245 95.8508 24.0666 0 0 0 7.94434 0 0 0 23.9803 96.1172 87.879 0 0 
0 0 0 256.142 255.514 192.079 95.8243 63.8392 0 63.7674 95.7692 191.744 256.295 256.139 0 0 0 
0 0 0 208.007 736.504 687.813 703.085 623.474 766.322 622.048 704.565 687.535 735.432 207.744 0 0 0 
0 0 0 0 575.8 1662.99 1823.08 1919.84 1598.44 1921.04 1825.96 1663.43 576.323 0 0 0 0 
0 0 0 0 228.115 1249.24 2930.15 3682.07 4358.45 3678.65 2923.03 1248.99 227.969 0 0 0 0 
0 0 0 0 0 448.16 1568.48 3136.75 3266.13 3136.42 1570.12 448.372 0 0 0 0 0 
0 0 0 0 0 127.718 767.628 1391.35 2110.49 1393.33 768.564 127.921 0 0 0 0 0 
0 0 0 0 0 0 63.9208 510.824 576.374 512.895 64.0881 0 0 0 0 0 0 
0 0 0 0 0 0 55.8307 95.8867 119.998 95.8711 55.8984 0 0 0 0 0 0 
0 0 0 0 0 0 0 0 63.8521 0 0 0 0 0 0 0 0 
0 0 0 0 0 0 0 15.969 0 15.9731 0 0 0 0 0 0 0 
0 0 0 0 0 0 0 0 0 0 0 0 0 0 0 0 0 
0 0 0 0 0 0 0 0 1.99669 0 0 0 0 0 0 0 0 
