1 0 0 0 0 0 0 0 0 0 0 0 0 0 0 0 1 
0 0 0 0 0 0 0 0 0 0 0 0 0 0 0 0 0 
0 16 0 0 0 0 0 0 0 0 0 0 0 0 0 16 0 
0 0 32.0807 0 0 0 0 0 0 0 0 0 0 0 31.9694 0 0 
0 0 87.9193 96.2582 24.023 0 0 0 7.97363 0 0 0 24.1008 95.8547 88.0306 0 0 
0 0 0 255.772 255.987 192.537 95.9359 63.8763 0 63.7055 95.8618 192.048 255.971 256.16 0 0 0 
0 0 0 207.97 735.871 689.097 706.156 623.645 766.046 622.538 704.136 688.059 736.024 207.985 0 0 0 
0 0 0 0 576.765 1664.8 1825.57 1923.01 1601.32 1921.87 1825.57 1665.83 575.544 0 0 0 0 
0 0 0 0 227.354 1246.54 2927.8 3678.89 4355.84 3679.5 2927.58 1246.22 228.361 0 0 0 0 
0 0 0 0 0 447.495 1566.28 3134.71 3264.28 3137.75 1568.43 447.629 0 0 0 0 0 
0 0 0 0 0 127.531 766.512 1393.17 2111.78 1390.07 766.269 128.214 0 0 0 0 0 
0 0 0 0 0 0 63.8986 510.965 576.201 512.586 64.108 0 0 0 0 0 0 
0 0 0 0 0 0 55.8451 95.7711 120.587 95.945 56.0413 0 0 0 0 0 0 
0 0 0 0 0 0 0 0 63.9867 0 0 0 0 0 0 0 0 
0 0 0 0 0 0 0 15.9758 0 16.0371 0 0 0 0 0 0 0 
0 0 0 0 0 0 0 0 0 0 0 0 0 0 0 0 0 
0 0 0 0 0 0 0 0 1.99686 0 0 0 0 0 0 0 0 
