1 0 0 0 0 0 0 0 0 0 0 0 0 0 0 0 1 
0 0 0 0 0 0 0 0 0 0 0 0 0 0 0 0 0 
0 16 0 0 0 0 0 0 0 0 0 0 0 0 0 16 0 
0 0 32.0281 0 0 0 0 0 0 0 0 0 0 0 32.0056 0 0 
0 0 87.9719 95.8934 23.9908 0 0 0 7.99285 0 0 0 24.0239 95.8717 87.9944 0 0 
0 0 0 255.952 256.021 191.945 96.1647 63.9053 0 63.9951 95.9801 191.523 255.703 256.099 0 0 0 
0 0 0 208.155 735.997 688.461 704.281 625.544 768.649 625.304 703.565 687.714 736.583 208.029 0 0 0 
0 0 0 0 576.173 1665.29 1824.72 1920.31 1600.95 1920.08 1824.7 1665.24 575.92 0 0 0 0 
0 0 0 0 227.817 1246.46 2927.39 3678.05 4351.03 3678.1 2928.21 1246.91 227.77 0 0 0 0 
0 0 0 0 0 448.036 1568.04 3134.42 3267.81 3135.95 1566.88 448.581 0 0 0 0 0 
0 0 0 0 0 127.816 767.497 1393.82 2110.95 1392.79 768.625 128.034 0 0 0 0 0 
0 0 0 0 0 0 64.0231 511.9 576.533 511.758 63.9427 0 0 0 0 0 0 
0 0 0 0 0 0 55.8828 96.0786 120.092 96.0315 56.0974 0 0 0 0 0 0 
0 0 0 0 0 0 0 0 63.9964 0 0 0 0 0 0 0 0 
0 0 0 0 0 0 0 15.9841 0 15.9932 0 0 0 0 0 0 0 
0 0 0 0 0 0 0 0 0 0 0 0 0 0 0 0 0 
0 0 0 0 0 0 0 0 1.9964 0 0 0 0 0 0 0 0 
