1 0 0 0 0 0 0 0 0 0 0 0 0 0 0 0 1 
0 0 0 0 0 0 0 0 0 0 0 0 0 0 0 0 0 
0 16 0 0 0 0 0 0 0 0 0 0 0 0 0 16 0 
0 0 31.9306 0 0 0 0 0 0 0 0 0 0 0 31.9142 0 0 
0 0 88.0694 96.1126 24.1246 0 0 0 8.00415 0 0 0 24.003 96.1216 88.0858 0 0 
0 0 0 255.849 256.012 192.187 96.2828 64.0322 0 64.2211 96.2691 191.897 255.983 255.583 0 0 0 
0 0 0 208.038 734.755 687.955 703.297 623.128 767.274 624.963 705.048 687.431 737.018 208.295 0 0 0 
0 0 0 0 576.579 1663.61 1825.05 1918.54 1602.94 1919.36 1820.99 1664.71 574.945 0 0 0 0 
0 0 0 0 228.529 1248.39 2926.38 3680.05 4356.18 3674.15 2927.58 1250.09 228.051 0 0 0 0 
0 0 0 0 0 447.695 1568.36 3135.22 3258.94 3138.27 1570.52 445.904 0 0 0 0 0 
0 0 0 0 0 128.161 768.195 1393.84 2113.85 1393.99 767.605 127.969 0 0 0 0 0 
0 0 0 0 0 0 64.2048 512.953 576.53 512.849 63.8677 0 0 0 0 0 0 
0 0 0 0 0 0 56.2309 96.18 120.006 96.1243 56.1196 0 0 0 0 0 0 
0 0 0 0 0 0 0 0 64.2575 0 0 0 0 0 0 0 0 
0 0 0 0 0 0 0 16.05 0 16.071 0 0 0 0 0 0 0 
0 0 0 0 0 0 0 0 0 0 0 0 0 0 0 0 0 
0 0 0 0 0 0 0 0 2.01549 0 0 0 0 0 0 0 0 
