1 0 0 0 0 0 0 0 0 0 0 0 0 0 0 0 1 
0 0 0 0 0 0 0 0 0 0 0 0 0 0 0 0 0 
0 16 0 0 0 0 0 0 0 0 0 0 0 0 0 16 0 
0 0 31.8923 0 0 0 0 0 0 0 0 0 0 0 32.0526 0 0 
0 0 88.1077 95.9665 24.0381 0 0 0 7.9872 0 0 0 23.952 95.8513 87.9474 0 0 
0 0 0 255.7 256.255 192.142 95.9701 64.0139 0 63.7784 95.7126 191.57 255.923 255.848 0 0 0 
0 0 0 208.334 735.194 687.868 705.66 625.26 767.304 624.679 704.672 688.457 736.554 208.301 0 0 0 
0 0 0 0 576.48 1663.05 1824.22 1924.17 1603.29 1918.28 1825.09 1665.08 575.13 0 0 0 0 
0 0 0 0 228.034 1247.15 2925.13 3682.37 4358.46 3681.54 2928.46 1246.89 228.441 0 0 0 0 
0 0 0 0 0 449.5 1567.31 3129.1 3261.73 3136.69 1566.88 448.138 0 0 0 0 0 
0 0 0 0 0 128.292 769.615 1391.33 2108.48 1390.85 767.403 127.867 0 0 0 0 0 
0 0 0 0 0 0 64.1216 511.751 577.346 512.052 63.8898 0 0 0 0 0 0 
0 0 0 0 0 0 55.9806 96.0233 119.356 96.1805 55.8938 0 0 0 0 0 0 
0 0 0 0 0 0 0 0 64.0564 0 0 0 0 0 0 0 0 
0 0 0 0 0 0 0 15.9894 0 15.9386 0 0 0 0 0 0 0 
0 0 0 0 0 0 0 0 0 0 0 0 0 0 0 0 0 
0 0 0 0 0 0 0 0 1.99423 0 0 0 0 0 0 0 0 
