1 0 0 0 0 0 0 0 0 0 0 0 0 0 0 0 1 
0 0 0 0 0 0 0 0 0 0 0 0 0 0 0 0 0 
0 16 0 0 0 0 0 0 0 0 0 0 0 0 0 16 0 
0 0 32.0421 0 0 0 0 0 0 0 0 0 0 0 32.1185 0 0 
0 0 87.9579 96.1573 24.0359 0 0 0 8.0172 0 0 0 24.1398 96.1646 87.8815 0 0 
0 0 0 255.576 255.856 192.266 95.9994 64.0391 0 64.0671 96.3465 192.334 255.967 256.021 0 0 0 
0 0 0 208.267 735.616 688.484 704.122 623.78 768.141 623.909 705.002 687.979 736.042 207.814 0 0 0 
0 0 0 0 575.89 1662.08 1821.32 1919.33 1599.87 1919.8 1822.89 1663.72 576.089 0 0 0 0 
0 0 0 0 228.603 1248.63 2930.27 3678.49 4357.25 3680.44 2928.82 1248.73 227.762 0 0 0 0 
0 0 0 0 0 447.965 1568.1 3137.13 3263.26 3136.33 1567.42 447.68 0 0 0 0 0 
0 0 0 0 0 128.58 768.226 1393.1 2111.15 1390.83 767.593 127.555 0 0 0 0 0 
0 0 0 0 0 0 63.8272 511.964 576.188 512.653 64.0231 0 0 0 0 0 0 
0 0 0 0 0 0 56.1365 96.1047 120.02 95.988 55.9045 0 0 0 0 0 0 
0 0 0 0 0 0 0 0 64.1007 0 0 0 0 0 0 0 0 
0 0 0 0 0 0 0 16.0539 0 15.9814 0 0 0 0 0 0 0 
0 0 0 0 0 0 0 0 0 0 0 0 0 0 0 0 0 
0 0 0 0 0 0 0 0 2.00234 0 0 0 0 0 0 0 0 
