1 0 0 0 0 0 0 0 0 0 0 0 0 0 0 0 1 
0 0 0 0 0 0 0 0 0 0 0 0 0 0 0 0 0 
0 16 0 0 0 0 0 0 0 0 0 0 0 0 0 16 0 
0 0 31.9674 0 0 0 0 0 0 0 0 0 0 0 31.9669 0 0 
0 0 88.0326 95.9988 24.0261 0 0 0 8.03201 0 0 0 24.0067 95.8152 88.0331 0 0 
0 0 0 256.12 256.038 192.541 95.9256 63.8826 0 64.5389 96.1627 191.964 256.086 255.914 0 0 0 
0 0 0 207.881 735.675 686.972 705.361 624.599 768.802 624.654 704.542 686.803 735.536 208.271 0 0 0 
0 0 0 0 576.437 1663.18 1825.49 1920.94 1598.44 1919.47 1823.34 1663.97 575.724 0 0 0 0 
0 0 0 0 227.823 1249.62 2925.97 3681.53 4355.71 3679.08 2927.14 1248.68 228.647 0 0 0 0 
0 0 0 0 0 447.874 1568.26 3133.2 3265.95 3135.19 1568.36 448.331 0 0 0 0 0 
0 0 0 0 0 127.814 767.229 1392.2 2111.79 1392.52 768.519 128.245 0 0 0 0 0 
0 0 0 0 0 0 63.7739 511.799 575.286 512.339 63.9643 0 0 0 0 0 0 
0 0 0 0 0 0 55.9827 95.8392 119.924 96.1372 55.9746 0 0 0 0 0 0 
0 0 0 0 0 0 0 0 64.0562 0 0 0 0 0 0 0 0 
0 0 0 0 0 0 0 16.0204 0 16.0657 0 0 0 0 0 0 0 
0 0 0 0 0 0 0 0 0 0 0 0 0 0 0 0 0 
0 0 0 0 0 0 0 0 2.0066 0 0 0 0 0 0 0 0 
