1 0 0 0 0 0 0 0 0 0 0 0 0 0 0 0 1 
0 0 0 0 0 0 0 0 0 0 0 0 0 0 0 0 0 
0 16 0 0 0 0 0 0 0 0 0 0 0 0 0 16 0 
0 0 31.9885 0 0 0 0 0 0 0 0 0 0 0 31.9826 0 0 
0 0 88.0115 96.1002 23.9462 0 0 0 7.94359 0 0 0 23.9277 95.8262 88.0174 0 0 
0 0 0 255.79 256.168 191.702 95.7339 63.8846 0 63.5875 95.7413 191.641 255.697 256.098 0 0 0 
0 0 0 208.11 735.088 688.559 703.818 622.776 766.024 622.111 702.976 687.227 735.741 208.076 0 0 0 
0 0 0 0 576.737 1664.32 1823.32 1920.88 1602.08 1921.46 1826.57 1663.32 576.598 0 0 0 0 
0 0 0 0 228.061 1247.96 2930.25 3680.35 4356.98 3683.56 2929.08 1249.31 228.037 0 0 0 0 
0 0 0 0 0 447.45 1567.3 3133.78 3262.92 3134.09 1564.96 448.46 0 0 0 0 0 
0 0 0 0 0 128.01 767.824 1394.95 2112.62 1391.64 768.594 128.048 0 0 0 0 0 
0 0 0 0 0 0 63.8723 511.686 575.848 511.926 64.1124 0 0 0 0 0 0 
0 0 0 0 0 0 55.8842 95.7232 119.709 95.6382 55.9703 0 0 0 0 0 0 
0 0 0 0 0 0 0 0 63.8733 0 0 0 0 0 0 0 0 
0 0 0 0 0 0 0 15.9607 0 15.9884 0 0 0 0 0 0 0 
0 0 0 0 0 0 0 0 0 0 0 0 0 0 0 0 0 
0 0 0 0 0 0 0 0 2.00346 0 0 0 0 0 0 0 0 
