1 0 0 0 0 0 0 0 0 0 0 0 0 0 0 0 1 
0 0 0 0 0 0 0 0 0 0 0 0 0 0 0 0 0 
0 16 0 0 0 0 0 0 0 0 0 0 0 0 0 16 0 
0 0 31.9506 0 0 0 0 0 0 0 0 0 0 0 32.0811 0 0 
0 0 88.0494 95.8455 23.824 0 0 0 8.03123 0 0 0 24.0142 96.2612 87.9189 0 0 
0 0 0 256.343 256.233 192.11 96.4244 64.2081 0 64.2348 96.1178 192.404 256.648 255.65 0 0 0 
0 0 0 207.811 736.017 688.436 705.067 625.523 768.782 623.991 703.807 687.284 735.057 208.089 0 0 0 
0 0 0 0 576.464 1664.32 1826.33 1920.86 1601.7 1920.61 1824.75 1664.37 576.656 0 0 0 0 
0 0 0 0 227.462 1248.41 2925.45 3680.74 4353.48 3681.55 2927.6 1248.58 227.625 0 0 0 0 
0 0 0 0 0 447.327 1569.49 3135.2 3264.41 3132.32 1567.26 447.523 0 0 0 0 0 
0 0 0 0 0 127.398 765.504 1390.32 2111.89 1392.37 768.485 127.837 0 0 0 0 0 
0 0 0 0 0 0 63.8369 511.137 575.608 512.89 63.9874 0 0 0 0 0 0 
0 0 0 0 0 0 55.8945 95.9823 120.206 96.0586 55.983 0 0 0 0 0 0 
0 0 0 0 0 0 0 0 63.8878 0 0 0 0 0 0 0 0 
0 0 0 0 0 0 0 16.0379 0 15.982 0 0 0 0 0 0 0 
0 0 0 0 0 0 0 0 0 0 0 0 0 0 0 0 0 
0 0 0 0 0 0 0 0 2.00388 0 0 0 0 0 0 0 0 
