1 0 0 0 0 0 0 0 0 0 0 0 0 0 0 0 1 
0 0 0 0 0 0 0 0 0 0 0 0 0 0 0 0 0 
0 16 0 0 0 0 0 0 0 0 0 0 0 0 0 16 0 
0 0 31.9214 0 0 0 0 0 0 0 0 0 0 0 31.9678 0 0 
0 0 88.0786 95.9179 23.9968 0 0 0 7.99663 0 0 0 24.0615 96.0441 88.0322 0 0 
0 0 0 256.015 255.605 191.701 95.9486 64.0578 0 64.0664 96.0238 192.074 255.969 255.723 0 0 0 
0 0 0 208.067 736.113 687.683 704.359 624.781 768.563 624.386 704.13 688.598 735.864 208.233 0 0 0 
0 0 0 0 576.363 1664.22 1825.35 1920.73 1598.49 1919.53 1826.9 1664.41 576.068 0 0 0 0 
0 0 0 0 227.923 1248.54 2928.93 3680.57 4353.88 3679.71 2925.54 1247.2 228.038 0 0 0 0 
0 0 0 0 0 447.795 1565.73 3133.74 3266.11 3135.38 1567.39 447.574 0 0 0 0 0 
0 0 0 0 0 128.058 767.621 1392.17 2112.68 1393.17 767.918 128.14 0 0 0 0 0 
0 0 0 0 0 0 63.9948 511.732 575.929 511.679 64.0373 0 0 0 0 0 0 
0 0 0 0 0 0 56.064 96.1804 120.212 96.0503 56.0677 0 0 0 0 0 0 
0 0 0 0 0 0 0 0 64.1315 0 0 0 0 0 0 0 0 
0 0 0 0 0 0 0 16.0454 0 16.0172 0 0 0 0 0 0 0 
0 0 0 0 0 0 0 0 0 0 0 0 0 0 0 0 0 
0 0 0 0 0 0 0 0 2.00314 0 0 0 0 0 0 0 0 
