1 0 0 0 0 0 0 0 0 0 0 0 0 0 0 0 1 
0 0 0 0 0 0 0 0 0 0 0 0 0 0 0 0 0 
0 16 0 0 0 0 0 0 0 0 0 0 0 0 0 16 0 
0 0 31.9949 0 0 0 0 0 0 0 0 0 0 0 31.9734 0 0 
0 0 88.0051 96.1595 24.111 0 0 0 8.03286 0 0 0 24.005 96.172 88.0266 0 0 
0 0 0 255.948 256.506 192.682 96.2307 64.1475 0 63.9363 95.9882 191.992 256.658 255.78 0 0 0 
0 0 0 207.893 735.534 688.039 703.104 623.003 768.282 624.243 704.236 689.529 736.847 208.048 0 0 0 
0 0 0 0 575.798 1663.95 1823.92 1918.1 1600.26 1916.44 1824.98 1663.83 574.517 0 0 0 0 
0 0 0 0 228.051 1247.82 2928.55 3678.19 4357.21 3683.5 2927.39 1245.56 227.973 0 0 0 0 
0 0 0 0 0 447.816 1568.47 3138.59 3264.53 3137.17 1567.03 448.852 0 0 0 0 0 
0 0 0 0 0 127.698 767.721 1393.84 2109.95 1390.87 768.402 128.236 0 0 0 0 0 
0 0 0 0 0 0 63.9042 512.1 575.638 511.796 63.8994 0 0 0 0 0 0 
0 0 0 0 0 0 56.0956 96.0206 120.012 96.0285 56.0832 0 0 0 0 0 0 
0 0 0 0 0 0 0 0 64.0797 0 0 0 0 0 0 0 0 
0 0 0 0 0 0 0 16.0096 0 16.0187 0 0 0 0 0 0 0 
0 0 0 0 0 0 0 0 0 0 0 0 0 0 0 0 0 
0 0 0 0 0 0 0 0 2.00166 0 0 0 0 0 0 0 0 
