1 0 0 0 0 0 0 0 0 0 0 0 0 0 0 0 1 
0 0 0 0 0 0 0 0 0 0 0 0 0 0 0 0 0 
0 16 0 0 0 0 0 0 0 0 0 0 0 0 0 16 0 
0 0 31.9624 0 0 0 0 0 0 0 0 0 0 0 31.9679 0 0 
0 0 88.0376 95.9605 23.9746 0 0 0 8.02383 0 0 0 23.9723 96.0757 88.0321 0 0 
0 0 0 255.631 256.168 192.178 96.2172 64.0732 0 64.021 96.0275 192.325 256.084 255.882 0 0 0 
0 0 0 208.408 736.082 688.048 704.044 624.83 766.95 623.233 703.79 687.177 736.467 208.042 0 0 0 
0 0 0 0 575.584 1664.41 1824.85 1919.21 1599.41 1918.91 1822.21 1664.88 575.197 0 0 0 0 
0 0 0 0 228.191 1247.79 2927.67 3678.59 4354.83 3675.94 2927.26 1248.23 228.28 0 0 0 0 
0 0 0 0 0 447.684 1567.82 3136.58 3263.28 3139 1570.99 447.46 0 0 0 0 0 
0 0 0 0 0 127.889 767.506 1392.53 2115.32 1394.66 767.812 127.926 0 0 0 0 0 
0 0 0 0 0 0 63.952 512.204 576.617 512.264 63.9743 0 0 0 0 0 0 
0 0 0 0 0 0 55.9381 96.0375 119.721 95.9929 55.9447 0 0 0 0 0 0 
0 0 0 0 0 0 0 0 63.8527 0 0 0 0 0 0 0 0 
0 0 0 0 0 0 0 15.9376 0 15.9768 0 0 0 0 0 0 0 
0 0 0 0 0 0 0 0 0 0 0 0 0 0 0 0 0 
0 0 0 0 0 0 0 0 1.99376 0 0 0 0 0 0 0 0 
