1 0 0 0 0 0 0 0 0 0 0 0 0 0 0 0 1 
0 0 0 0 0 0 0 0 0 0 0 0 0 0 0 0 0 
0 16 0 0 0 0 0 0 0 0 0 0 0 0 0 16 0 
0 0 31.5415 0 0 0 0 0 0 0 0 0 0 0 30.9687 0 0 
0 0 88.4585 96.7493 22.3131 0 0 0 7.14823 0 0 0 24.8686 91.2903 89.0313 0 0 
0 0 0 254.935 256.862 193.658 95.5095 58.4143 0 63.4795 94.1005 194.578 251.938 259.558 0 0 0 
0 0 0 208.315 752.252 699.507 726.348 640.999 786.654 627.899 728.346 707.845 747.585 209.151 0 0 0 
0 0 0 0 570.761 1692.79 1813.9 1936.47 1626.6 1894.44 1806.61 1682.85 572.542 0 0 0 0 
0 0 0 0 217.811 1232.4 2946.06 3721.72 4302.02 3747.57 2922.58 1217.23 223.066 0 0 0 0 
0 0 0 0 0 437.116 1571.67 3113.33 3332.08 3112.19 1556.76 441.564 0 0 0 0 0 
0 0 0 0 0 112.528 743.127 1358.73 2070.71 1360.5 782.759 123.937 0 0 0 0 0 
0 0 0 0 0 0 59.4763 502.88 560.774 522.921 62.4073 0 0 0 0 0 0 
0 0 0 0 0 0 51.9105 92.3741 116.535 94.8951 54.4382 0 0 0 0 0 0 
0 0 0 0 0 0 0 0 65.577 0 0 0 0 0 0 0 0 
0 0 0 0 0 0 0 15.0834 0 16.105 0 0 0 0 0 0 0 
0 0 0 0 0 0 0 0 0 0 0 0 0 0 0 0 0 
0 0 0 0 0 0 0 0 1.90218 0 0 0 0 0 0 0 0 
