1 0 0 0 0 0 0 0 0 0 0 0 0 0 0 0 1 
0 0 0 0 0 0 0 0 0 0 0 0 0 0 0 0 0 
0 16 0 0 0 0 0 0 0 0 0 0 0 0 0 16 0 
0 0 34.6138 0 0 0 0 0 0 0 0 0 0 0 33.0658 0 0 
0 0 85.3862 96.1495 24.1896 0 0 0 8.386 0 0 0 23.4957 98.3571 86.9342 0 0 
0 0 0 249.915 256.444 187.725 96.3952 64.4057 0 62.0888 89.8998 185.805 254.07 255.324 0 0 0 
0 0 0 213.936 730.205 713.23 703.63 631.563 768.73 626.831 665.036 664.604 727.069 206.319 0 0 0 
0 0 0 0 571.052 1656.09 1801.19 1909.48 1628.83 1903.65 1806.6 1649.61 588.032 0 0 0 0 
0 0 0 0 238.109 1226.14 2944.74 3695.86 4324.98 3757.57 3010.29 1250.48 227.334 0 0 0 0 
0 0 0 0 0 449.611 1561.64 3150.17 3274.71 3159.12 1553.59 482.981 0 0 0 0 0 
0 0 0 0 0 135.207 777.169 1366.32 2120.1 1321.52 760.029 134.521 0 0 0 0 0 
0 0 0 0 0 0 65.4756 505.475 552.198 499.672 63.9432 0 0 0 0 0 0 
0 0 0 0 0 0 57.7584 100.077 123.588 92.9112 58.613 0 0 0 0 0 0 
0 0 0 0 0 0 0 0 66.3895 0 0 0 0 0 0 0 0 
0 0 0 0 0 0 0 16.6499 0 16.6379 0 0 0 0 0 0 0 
0 0 0 0 0 0 0 0 0 0 0 0 0 0 0 0 0 
0 0 0 0 0 0 0 0 2.08981 0 0 0 0 0 0 0 0 
