1 0 0 0 0 0 0 0 0 0 0 0 0 0 0 0 1 
0 0 0 0 0 0 0 0 0 0 0 0 0 0 0 0 0 
0 16 0 0 0 0 0 0 0 0 0 0 0 0 0 16 0 
0 0 32.0072 0 0 0 0 0 0 0 0 0 0 0 30.953 0 0 
0 0 87.9928 94.0491 24.5372 0 0 0 7.93975 0 0 0 22.5178 95.1101 89.047 0 0 
0 0 0 260.621 250.84 191.144 97.4365 66.9806 0 65.7154 91.8941 186.184 254.161 256.243 0 0 0 
0 0 0 205.33 737.205 675.607 676.822 607.495 773.038 620.236 689.002 691.418 747.219 208.647 0 0 0 
0 0 0 0 584.111 1678.64 1871.01 1944.95 1649.72 1972.15 1873.54 1682.39 567.316 0 0 0 0 
0 0 0 0 223.307 1252.46 2873.07 3789.16 4402.13 3684.98 2897.69 1228.49 228.786 0 0 0 0 
0 0 0 0 0 449.981 1594.73 3065.07 3232.59 3114.56 1564.92 457.199 0 0 0 0 0 
0 0 0 0 0 120.173 778.683 1354.89 2064.41 1360.89 778.099 122.324 0 0 0 0 0 
0 0 0 0 0 0 61.4808 504.033 560.718 513.525 59.0529 0 0 0 0 0 0 
0 0 0 0 0 0 54.7758 92.7968 116.419 91.843 53.798 0 0 0 0 0 0 
0 0 0 0 0 0 0 0 61.002 0 0 0 0 0 0 0 0 
0 0 0 0 0 0 0 14.6405 0 16.1019 0 0 0 0 0 0 0 
0 0 0 0 0 0 0 0 0 0 0 0 0 0 0 0 0 
0 0 0 0 0 0 0 0 2.03023 0 0 0 0 0 0 0 0 
