1 0 0 0 0 0 0 0 0 0 0 0 0 0 0 0 1 
0 0 0 0 0 0 0 0 0 0 0 0 0 0 0 0 0 
0 16 0 0 0 0 0 0 0 0 0 0 0 0 0 16 0 
0 0 32.6316 0 0 0 0 0 0 0 0 0 0 0 33.2408 0 0 
0 0 87.3684 98.8121 25.9478 0 0 0 8.38905 0 0 0 24.2948 100.684 86.7592 0 0 
0 0 0 252.483 264.958 204.329 100.681 65.7287 0 66.3986 98.168 197.692 267.975 257.007 0 0 0 
0 0 0 208.705 731.529 687.985 715.135 637.427 796.418 645.898 709.621 692.685 725.384 202.309 0 0 0 
0 0 0 0 568.428 1679.42 1858.84 1909.14 1582.22 1901.38 1819.57 1659.84 580.325 0 0 0 0 
0 0 0 0 229.138 1220.35 2912.33 3723.61 4377.1 3677.58 2966.02 1262.77 222.021 0 0 0 0 
0 0 0 0 0 445.373 1547.13 3104.48 3259.19 3179.91 1570.78 433.749 0 0 0 0 0 
0 0 0 0 0 130.551 759.534 1374.41 2097.22 1361.6 730.152 121.261 0 0 0 0 0 
0 0 0 0 0 0 60.1634 516.889 564.425 501.342 60.8722 0 0 0 0 0 0 
0 0 0 0 0 0 54.1871 92.5436 120.447 90.3859 52.8175 0 0 0 0 0 0 
0 0 0 0 0 0 0 0 62.6972 0 0 0 0 0 0 0 0 
0 0 0 0 0 0 0 15.7805 0 15.5101 0 0 0 0 0 0 0 
0 0 0 0 0 0 0 0 0 0 0 0 0 0 0 0 0 
0 0 0 0 0 0 0 0 1.88655 0 0 0 0 0 0 0 0 
