1 0 0 0 0 0 0 0 0 0 0 0 0 0 0 0 1 
0 0 0 0 0 0 0 0 0 0 0 0 0 0 0 0 0 
0 16 0 0 0 0 0 0 0 0 0 0 0 0 0 16 0 
0 0 33.53 0 0 0 0 0 0 0 0 0 0 0 32.9789 0 0 
0 0 86.47 100.303 24.2869 0 0 0 7.85053 0 0 0 25.4766 96.735 87.0211 0 0 
0 0 0 250.978 258.138 187.98 90.9164 63.3787 0 64.9685 101.581 198.618 250.903 260.244 0 0 0 
0 0 0 208.718 757.853 710.653 726.526 654.01 796.4 647.191 704.721 704.315 760.823 203.021 0 0 0 
0 0 0 0 560.198 1645.29 1775.29 1908.87 1582.85 1968.97 1831.7 1646.2 558.795 0 0 0 0 
0 0 0 0 219.525 1256.51 2892.98 3669.6 4430.3 3617.1 2900.2 1263.48 224.002 0 0 0 0 
0 0 0 0 0 445.773 1622.6 3119.54 3229.18 3147.21 1589.18 434.554 0 0 0 0 0 
0 0 0 0 0 121.793 779.456 1400.65 2080.9 1390.72 761.583 120.827 0 0 0 0 0 
0 0 0 0 0 0 64.3681 513.094 562.705 495.848 65.4805 0 0 0 0 0 0 
0 0 0 0 0 0 55.8595 95.7889 112.554 92.4617 53.5489 0 0 0 0 0 0 
0 0 0 0 0 0 0 0 65.3789 0 0 0 0 0 0 0 0 
0 0 0 0 0 0 0 15.0683 0 15.5329 0 0 0 0 0 0 0 
0 0 0 0 0 0 0 0 0 0 0 0 0 0 0 0 0 
0 0 0 0 0 0 0 0 1.89277 0 0 0 0 0 0 0 0 
