1 0 0 0 0 0 0 0 0 0 0 0 0 0 0 0 1 
0 0 0 0 0 0 0 0 0 0 0 0 0 0 0 0 0 
0 16 0 0 0 0 0 0 0 0 0 0 0 0 0 16 0 
0 0 32.0163 0 0 0 0 0 0 0 0 0 0 0 32.5088 0 0 
0 0 87.9837 93.2509 23.3778 0 0 0 7.8089 0 0 0 23.6336 93.4078 87.4912 0 0 
0 0 0 254.207 250.251 190.217 92.7012 65.5692 0 69.0864 102.23 202.46 267.098 253.271 0 0 0 
0 0 0 212.542 734.689 672.255 697.883 613.094 760.822 623.784 720.876 691.874 731.726 213.321 0 0 0 
0 0 0 0 581.918 1659.83 1821.1 1959.14 1566.75 1920.48 1846.59 1687.5 573.505 0 0 0 0 
0 0 0 0 229.765 1256.3 2906.7 3578.39 4378.39 3650.5 2926.23 1228.72 224.037 0 0 0 0 
0 0 0 0 0 457.671 1568.42 3167.5 3262.53 3159.19 1547.27 436.67 0 0 0 0 0 
0 0 0 0 0 131.73 798.092 1437.53 2132.06 1390.38 751.075 120.772 0 0 0 0 0 
0 0 0 0 0 0 66.153 505.067 576.937 517.033 62.0116 0 0 0 0 0 0 
0 0 0 0 0 0 56.9454 97.1689 118.222 94.0227 51.7066 0 0 0 0 0 0 
0 0 0 0 0 0 0 0 64.2849 0 0 0 0 0 0 0 0 
0 0 0 0 0 0 0 16.5277 0 15.5208 0 0 0 0 0 0 0 
0 0 0 0 0 0 0 0 0 0 0 0 0 0 0 0 0 
0 0 0 0 0 0 0 0 2.19027 0 0 0 0 0 0 0 0 
