1 0 0 0 0 0 0 0 0 0 0 0 0 0 0 0 1 
0 0 0 0 0 0 0 0 0 0 0 0 0 0 0 0 0 
0 16 0 0 0 0 0 0 0 0 0 0 0 0 0 16 0 
0 0 31.9657 0 0 0 0 0 0 0 0 0 0 0 31.7996 0 0 
0 0 88.0343 97.8131 25.0496 0 0 0 8.12127 0 0 0 24.7841 100.382 88.2004 0 0 
0 0 0 250.957 255.472 186.019 94.9168 62.3292 0 68.8067 104.658 198.123 263.998 249.859 0 0 0 
0 0 0 211.23 729.469 687.088 707.978 619.118 771.929 629.886 699.424 689.076 747.366 209.759 0 0 0 
0 0 0 0 576.565 1678.95 1795.52 1906 1568.63 1892.78 1806.18 1667.98 558.476 0 0 0 0 
0 0 0 0 233.444 1235.22 2942.77 3658.51 4391.71 3675.06 2979.7 1247.7 225.376 0 0 0 0 
0 0 0 0 0 452.132 1574.48 3193.17 3244.94 3184.51 1537.24 439.963 0 0 0 0 0 
0 0 0 0 0 128.593 770.433 1386.26 2148.84 1364.53 762.657 125.166 0 0 0 0 0 
0 0 0 0 0 0 65.1665 502.018 558.072 516.974 62.3015 0 0 0 0 0 0 
0 0 0 0 0 0 56.7374 96.0038 114.568 91.6133 55.8343 0 0 0 0 0 0 
0 0 0 0 0 0 0 0 61.3646 0 0 0 0 0 0 0 0 
0 0 0 0 0 0 0 16.5838 0 15.8396 0 0 0 0 0 0 0 
0 0 0 0 0 0 0 0 0 0 0 0 0 0 0 0 0 
0 0 0 0 0 0 0 0 1.83375 0 0 0 0 0 0 0 0 
