1 0 0 0 0 0 0 0 0 0 0 0 0 0 0 0 1 
0 0 0 0 0 0 0 0 0 0 0 0 0 0 0 0 0 
0 16 0 0 0 0 0 0 0 0 0 0 0 0 0 16 0 
0 0 32.5532 0 0 0 0 0 0 0 0 0 0 0 31.3904 0 0 
0 0 87.4468 96.0238 23.7274 0 0 0 8.02141 0 0 0 23.2559 94.2281 88.6096 0 0 
0 0 0 258.031 256.721 194.854 97.3304 64.2822 0 64.8133 97.9288 196.816 258.787 257.214 0 0 0 
0 0 0 205.945 738.888 681.148 707.275 633.42 769.848 639.197 707.847 680.129 727.423 208.558 0 0 0 
0 0 0 0 575.892 1665.9 1820.63 1927.49 1606.28 1923.8 1826.11 1655.1 582.217 0 0 0 0 
0 0 0 0 224.771 1250.71 2919.56 3651.31 4346.86 3652.6 2913.14 1257.62 228.318 0 0 0 0 
0 0 0 0 0 448.76 1575.5 3163.59 3261.96 3152.79 1576.03 448.156 0 0 0 0 0 
0 0 0 0 0 126.626 771.287 1381.7 2110.11 1383.16 769.587 130.183 0 0 0 0 0 
0 0 0 0 0 0 62.9272 506.51 579.466 511.198 62.3766 0 0 0 0 0 0 
0 0 0 0 0 0 53.4952 95.752 120.997 96.56 54.9878 0 0 0 0 0 0 
0 0 0 0 0 0 0 0 64.5458 0 0 0 0 0 0 0 0 
0 0 0 0 0 0 0 15.9461 0 15.8739 0 0 0 0 0 0 0 
0 0 0 0 0 0 0 0 0 0 0 0 0 0 0 0 0 
0 0 0 0 0 0 0 0 1.90702 0 0 0 0 0 0 0 0 
