1 0 0 0 0 0 0 0 0 0 0 0 0 0 0 0 1 
0 0 0 0 0 0 0 0 0 0 0 0 0 0 0 0 0 
0 16 0 0 0 0 0 0 0 0 0 0 0 0 0 16 0 
0 0 32.1885 0 0 0 0 0 0 0 0 0 0 0 31.8284 0 0 
0 0 87.8115 96.6185 23.5382 0 0 0 8.07404 0 0 0 22.9885 94.9934 88.1716 0 0 
0 0 0 255.498 261.644 194.17 96.2928 64.5245 0 61.6447 93.8386 193 255.576 258.078 0 0 0 
0 0 0 207.883 727.829 695.055 703.138 612.616 770.843 620.36 702.991 686.429 737.84 206.928 0 0 0 
0 0 0 0 580.244 1651.16 1824.07 1930.33 1596.78 1940.74 1845.18 1665.2 577.906 0 0 0 0 
0 0 0 0 226.744 1257.52 2933.42 3688.07 4385.52 3692.77 2917.67 1252 225.691 0 0 0 0 
0 0 0 0 0 440.013 1564.47 3123.61 3260.77 3118.99 1575.4 444.314 0 0 0 0 0 
0 0 0 0 0 130.075 766.885 1398.14 2087.03 1378.84 754.612 127.064 0 0 0 0 0 
0 0 0 0 0 0 63.3253 510.539 577.547 515.487 63.252 0 0 0 0 0 0 
0 0 0 0 0 0 56.4065 96.393 116.971 95.3845 55.0578 0 0 0 0 0 0 
0 0 0 0 0 0 0 0 64.5094 0 0 0 0 0 0 0 0 
0 0 0 0 0 0 0 15.7735 0 15.7875 0 0 0 0 0 0 0 
0 0 0 0 0 0 0 0 0 0 0 0 0 0 0 0 0 
0 0 0 0 0 0 0 0 1.96657 0 0 0 0 0 0 0 0 
