1 0 0 0 0 0 0 0 0 0 0 0 0 0 0 0 1 
0 0 0 0 0 0 0 0 0 0 0 0 0 0 0 0 0 
0 16 0 0 0 0 0 0 0 0 0 0 0 0 0 16 0 
0 0 32.062 0 0 0 0 0 0 0 0 0 0 0 32.5498 0 0 
0 0 87.938 95.3573 23.6877 0 0 0 8.09395 0 0 0 23.6978 97.611 87.4502 0 0 
0 0 0 253.39 255.581 189.641 97.0083 64.8383 0 64.7607 97.2841 191.892 258.194 255.588 0 0 0 
0 0 0 211.253 733.682 690.219 706.321 629.458 776.103 629.126 705.021 686.147 730.813 206.801 0 0 0 
0 0 0 0 572.492 1667.8 1834.21 1936.73 1605.53 1929.31 1813.42 1670.94 578.667 0 0 0 0 
0 0 0 0 234.557 1240.74 2921.75 3669.38 4360.44 3668.14 2938.08 1244.74 228.629 0 0 0 0 
0 0 0 0 0 447.777 1565.38 3130.09 3268.58 3128.8 1567.3 446.535 0 0 0 0 0 
0 0 0 0 0 131.818 764.41 1389.73 2093.08 1397.52 769.045 127.743 0 0 0 0 0 
0 0 0 0 0 0 62.6755 509.431 573.908 511.229 61.921 0 0 0 0 0 0 
0 0 0 0 0 0 56.251 94.3638 119.844 95.1893 55.9327 0 0 0 0 0 0 
0 0 0 0 0 0 0 0 62.4493 0 0 0 0 0 0 0 0 
0 0 0 0 0 0 0 15.9699 0 15.9271 0 0 0 0 0 0 0 
0 0 0 0 0 0 0 0 0 0 0 0 0 0 0 0 0 
0 0 0 0 0 0 0 0 1.97103 0 0 0 0 0 0 0 0 
