1 0 0 0 0 0 0 0 0 0 0 0 0 0 0 0 1 
0 0 0 0 0 0 0 0 0 0 0 0 0 0 0 0 0 
0 16 0 0 0 0 0 0 0 0 0 0 0 0 0 16 0 
0 0 32.0117 0 0 0 0 0 0 0 0 0 0 0 31.8402 0 0 
0 0 87.9883 95.8839 24.1452 0 0 0 7.81883 0 0 0 23.5866 96.261 88.1598 0 0 
0 0 0 255.799 253.971 192.064 95.4715 63.3529 0 64.562 94.2349 190.963 250.574 258.052 0 0 0 
0 0 0 208.317 737.823 685.804 703.996 618.393 766.019 621.365 701.624 691.168 750.429 205.687 0 0 0 
0 0 0 0 575.269 1654.61 1814.49 1941.61 1614.66 1914.04 1850.28 1679.52 570.481 0 0 0 0 
0 0 0 0 228.791 1255.11 2914.31 3695 4356.98 3693.8 2921.36 1245.19 224.929 0 0 0 0 
0 0 0 0 0 448.024 1575.81 3095.85 3242.41 3130.38 1561.23 436.509 0 0 0 0 0 
0 0 0 0 0 132.381 781.376 1393.09 2112.24 1382.1 760.217 124.653 0 0 0 0 0 
0 0 0 0 0 0 64.3581 518.25 581.974 520.698 63.9676 0 0 0 0 0 0 
0 0 0 0 0 0 58.1901 97.9379 120.248 97.3244 55.0897 0 0 0 0 0 0 
0 0 0 0 0 0 0 0 65.6889 0 0 0 0 0 0 0 0 
0 0 0 0 0 0 0 16.5146 0 15.7288 0 0 0 0 0 0 0 
0 0 0 0 0 0 0 0 0 0 0 0 0 0 0 0 0 
0 0 0 0 0 0 0 0 1.96669 0 0 0 0 0 0 0 0 
