1 0 0 0 0 0 0 0 0 0 0 0 0 0 0 0 1 
0 0 0 0 0 0 0 0 0 0 0 0 0 0 0 0 0 
0 16 0 0 0 0 0 0 0 0 0 0 0 0 0 16 0 
0 0 32.2076 0 0 0 0 0 0 0 0 0 0 0 31.5545 0 0 
0 0 87.7924 95.8407 24.134 0 0 0 8.35284 0 0 0 24.3857 97.3421 88.4455 0 0 
0 0 0 256.671 259.365 193.208 97.868 65.4281 0 65.0521 96.0395 195.763 259.859 257.287 0 0 0 
0 0 0 207.488 740.815 689.055 709.324 627.542 772.713 626.883 707.058 693.721 740.672 205.371 0 0 0 
0 0 0 0 567.192 1674.01 1835.24 1918.81 1587.68 1914.34 1824.92 1666.1 572.646 0 0 0 0 
0 0 0 0 228.494 1235.19 2919.57 3685.08 4357.18 3673.03 2914.93 1239.75 222.436 0 0 0 0 
0 0 0 0 0 448.558 1552.14 3129.27 3291.26 3156.88 1578.02 446.473 0 0 0 0 0 
0 0 0 0 0 127.98 772.095 1388.7 2097.46 1388.5 767.637 126.193 0 0 0 0 0 
0 0 0 0 0 0 65.1481 511.17 570.128 504.014 64.6612 0 0 0 0 0 0 
0 0 0 0 0 0 56.6081 97.5643 118.663 95.6547 54.7429 0 0 0 0 0 0 
0 0 0 0 0 0 0 0 64.5145 0 0 0 0 0 0 0 0 
0 0 0 0 0 0 0 16.4327 0 15.6422 0 0 0 0 0 0 0 
0 0 0 0 0 0 0 0 0 0 0 0 0 0 0 0 0 
0 0 0 0 0 0 0 0 2.04638 0 0 0 0 0 0 0 0 
