1 0 0 0 0 0 0 0 0 0 0 0 0 0 0 0 1 
0 0 0 0 0 0 0 0 0 0 0 0 0 0 0 0 0 
0 16 0 0 0 0 0 0 0 0 0 0 0 0 0 16 0 
0 0 31.8971 0 0 0 0 0 0 0 0 0 0 0 31.8489 0 0 
0 0 88.1029 96.4558 24.6321 0 0 0 7.23798 0 0 0 23.7817 95.6614 88.1511 0 0 
0 0 0 255.187 256.022 186.806 92.3073 60.3568 0 60.7615 93.9533 190.568 257.546 256.86 0 0 0 
0 0 0 208.357 741.147 694.577 693.276 622.309 764.244 615.525 698.167 682.078 729.387 207.479 0 0 0 
0 0 0 0 570.864 1672.96 1850.71 1927.05 1600.05 1938.47 1822.19 1656.27 577.743 0 0 0 0 
0 0 0 0 227.336 1241.72 2948.06 3704.64 4378.03 3686.97 2928.02 1250.77 231.542 0 0 0 0 
0 0 0 0 0 443.937 1545.52 3121.47 3258.05 3142.92 1565.14 458.462 0 0 0 0 0 
0 0 0 0 0 127.999 756.625 1381.13 2113.33 1379.57 778.832 129.853 0 0 0 0 0 
0 0 0 0 0 0 64.8195 511.966 565.115 504.036 65.5406 0 0 0 0 0 0 
0 0 0 0 0 0 56.6779 95.3703 118.303 95.6981 56.1528 0 0 0 0 0 0 
0 0 0 0 0 0 0 0 63.6677 0 0 0 0 0 0 0 0 
0 0 0 0 0 0 0 15.7067 0 16.0476 0 0 0 0 0 0 0 
0 0 0 0 0 0 0 0 0 0 0 0 0 0 0 0 0 
0 0 0 0 0 0 0 0 1.97422 0 0 0 0 0 0 0 0 
