1 0 0 0 0 0 0 0 0 0 0 0 0 0 0 0 1 
0 0 0 0 0 0 0 0 0 0 0 0 0 0 0 0 0 
0 16 0 0 0 0 0 0 0 0 0 0 0 0 0 16 0 
0 0 32.1143 0 0 0 0 0 0 0 0 0 0 0 32.0308 0 0 
0 0 87.8857 94.6442 24.5961 0 0 0 7.91009 0 0 0 23.9055 95.723 87.9692 0 0 
0 0 0 255.5 257.207 195.657 96.243 63.4285 0 64.87 98.8124 195.873 258.916 256.976 0 0 0 
0 0 0 209.855 727.206 686.176 706.609 622.475 770.11 624.376 705.193 680.485 738.485 207.301 0 0 0 
0 0 0 0 581.12 1650.07 1815.65 1926.41 1605.58 1939.86 1825.54 1667.41 570.868 0 0 0 0 
0 0 0 0 229.871 1254.45 2930.69 3700.9 4367.74 3679.66 2906.87 1244.71 227.827 0 0 0 0 
0 0 0 0 0 451.21 1567.27 3104.67 3261.01 3111.79 1586 453.908 0 0 0 0 0 
0 0 0 0 0 130.437 770.518 1397.05 2093.46 1397.7 763.553 125.613 0 0 0 0 0 
0 0 0 0 0 0 65.4456 512.72 580.503 510.325 65.571 0 0 0 0 0 0 
0 0 0 0 0 0 55.5696 96.4708 117.806 95.4989 56.4542 0 0 0 0 0 0 
0 0 0 0 0 0 0 0 63.9276 0 0 0 0 0 0 0 0 
0 0 0 0 0 0 0 15.884 0 15.9327 0 0 0 0 0 0 0 
0 0 0 0 0 0 0 0 0 0 0 0 0 0 0 0 0 
0 0 0 0 0 0 0 0 1.96288 0 0 0 0 0 0 0 0 
