1 0 0 0 0 0 0 0 0 0 0 0 0 0 0 0 1 
0 0 0 0 0 0 0 0 0 0 0 0 0 0 0 0 0 
0 16 0 0 0 0 0 0 0 0 0 0 0 0 0 16 0 
0 0 32.5245 0 0 0 0 0 0 0 0 0 0 0 32.3771 0 0 
0 0 87.4755 95.7161 23.1792 0 0 0 8.05591 0 0 0 23.0258 95.645 87.6229 0 0 
0 0 0 255.728 252.602 186.528 93.3765 63.2266 0 63.9332 97.378 193.641 257.151 258.079 0 0 0 
0 0 0 208.556 740.218 694.137 696.158 612.166 765.344 628.26 711.918 694.093 736.511 206.276 0 0 0 
0 0 0 0 575.258 1667.24 1840.9 1921.14 1584.75 1914.02 1841.63 1663.34 578.429 0 0 0 0 
0 0 0 0 228.743 1244.43 2912.57 3687.05 4350.68 3699.96 2914.02 1243.05 224.883 0 0 0 0 
0 0 0 0 0 446.012 1581.36 3141.81 3288.36 3125.43 1560.83 445.503 0 0 0 0 0 
0 0 0 0 0 129.653 763.47 1387.17 2105.17 1387.25 762.506 128.376 0 0 0 0 0 
0 0 0 0 0 0 63.7595 514.673 577.319 509.783 63.6632 0 0 0 0 0 0 
0 0 0 0 0 0 56.3969 96.6889 123.026 95.3311 56.0544 0 0 0 0 0 0 
0 0 0 0 0 0 0 0 65.2504 0 0 0 0 0 0 0 0 
0 0 0 0 0 0 0 16.0782 0 16.0305 0 0 0 0 0 0 0 
0 0 0 0 0 0 0 0 0 0 0 0 0 0 0 0 0 
0 0 0 0 0 0 0 0 2.05021 0 0 0 0 0 0 0 0 
