1 0 0 0 0 0 0 0 0 0 0 0 0 0 0 0 1 
0 0 0 0 0 0 0 0 0 0 0 0 0 0 0 0 0 
0 16 0 0 0 0 0 0 0 0 0 0 0 0 0 16 0 
0 0 31.1044 0 0 0 0 0 0 0 0 0 0 0 31.5192 0 0 
0 0 88.8956 95.4554 24.4671 0 0 0 7.89069 0 0 0 25.4462 97.2468 88.4808 0 0 
0 0 0 255.315 254.306 194.128 100.17 66.1075 0 63.8211 97.6458 198.655 264.24 254.466 0 0 0 
0 0 0 209.229 738.424 697.629 721.763 628.438 784.31 625.236 713.127 706.787 725.893 208.288 0 0 0 
0 0 0 0 578.117 1660.77 1819.05 1921.29 1611.4 1943.53 1846.6 1657.02 573.864 0 0 0 0 
0 0 0 0 224.685 1249.79 2939.64 3642.22 4367.61 3692.65 2935.25 1229.86 230.557 0 0 0 0 
0 0 0 0 0 441.67 1556.79 3156.54 3213.85 3132.75 1546.18 447.271 0 0 0 0 0 
0 0 0 0 0 124.008 751.605 1405.49 2132.53 1379.5 749.004 128.412 0 0 0 0 0 
0 0 0 0 0 0 64.5441 510.628 572.182 492.255 64.3705 0 0 0 0 0 0 
0 0 0 0 0 0 54.4386 93.8041 116.547 94.5961 55.8226 0 0 0 0 0 0 
0 0 0 0 0 0 0 0 61.791 0 0 0 0 0 0 0 0 
0 0 0 0 0 0 0 15.4899 0 15.6771 0 0 0 0 0 0 0 
0 0 0 0 0 0 0 0 0 0 0 0 0 0 0 0 0 
0 0 0 0 0 0 0 0 1.89025 0 0 0 0 0 0 0 0 
