1 0 0 0 0 0 0 0 0 0 0 0 0 0 0 0 0 
0 0 0 0 0 0 0 0 0 0 0 0 0 0 0 0 0 
0 16 0 0 0 0 0 0 0 0 0 0 0 0 0 0 0 
0 0 32 0 0 0 0 0 0 0 0 0 0 0 0 0 0 
0 0 88 95.9693 23.9923 0 0 0 7.99499 0 0 0 0 0 0 0 0 
0 0 0 256.061 255.889 191.863 95.9222 63.9599 0 0 0 0 0 0 0 0 0 
0 0 0 207.969 736.014 688.041 703.974 623.943 767.668 0 0 0 0 0 0 0 0 
0 0 0 0 576.337 1663.97 1823.84 1920.17 1600.25 0 0 0 0 0 0 0 0 
0 0 0 0 227.768 1248.25 2928.38 3679.52 4356.39 0 0 0 0 0 0 0 0 
0 0 0 0 0 448.107 1568.02 3136.65 3263.79 0 0 0 0 0 0 0 0 
0 0 0 0 0 127.767 767.98 1391.9 2111.79 0 0 0 0 0 0 0 0 
0 0 0 0 0 0 63.9589 511.925 576.28 0 0 0 0 0 0 0 0 
0 0 0 0 0 0 55.9234 95.9633 119.804 0 0 0 0 0 0 0 0 
0 0 0 0 0 0 0 0 64.03 0 0 0 0 0 0 0 0 
0 0 0 0 0 0 0 15.9781 0 0 0 0 0 0 0 0 0 
0 0 0 0 0 0 0 0 0 0 0 0 0 0 0 0 0 
0 0 0 0 0 0 0 0 1.99727 0 0 0 0 0 0 0 0 
