1 0 0 0 0 0 0 0 0 0 0 0 0 0 0 0 0 
0 0 0 0 0 0 0 0 0 0 0 0 0 0 0 0 0 
0 16 0 0 0 0 0 0 0 0 0 0 0 0 0 0 0 
0 0 32 0 0 0 0 0 0 0 0 0 0 0 0 0 0 
0 0 88 95.955 23.9888 0 0 0 7.97322 0 0 0 0 0 0 0 0 
0 0 0 256.09 256.034 191.961 95.8602 63.7858 0 0 0 0 0 0 0 0 0 
0 0 0 207.955 735.936 687.766 704.077 624.433 768.032 0 0 0 0 0 0 0 0 
0 0 0 0 576.071 1664.54 1824.46 1919.08 1600.32 0 0 0 0 0 0 0 0 
0 0 0 0 227.97 1247.87 2927.57 3680.58 4355.64 0 0 0 0 0 0 0 0 
0 0 0 0 0 447.794 1567.8 3136.79 3263.85 0 0 0 0 0 0 0 0 
0 0 0 0 0 128.078 768.273 1391.53 2112.13 0 0 0 0 0 0 0 0 
0 0 0 0 0 0 63.985 511.758 576.055 0 0 0 0 0 0 0 0 
0 0 0 0 0 0 55.9753 96.056 120.028 0 0 0 0 0 0 0 0 
0 0 0 0 0 0 0 0 63.9797 0 0 0 0 0 0 0 0 
0 0 0 0 0 0 0 15.993 0 0 0 0 0 0 0 0 0 
0 0 0 0 0 0 0 0 0 0 0 0 0 0 0 0 0 
0 0 0 0 0 0 0 0 1.99912 0 0 0 0 0 0 0 0 
