1 0 0 0 0 0 0 0 0 0 0 0 0 0 0 0 0 
0 0 0 0 0 0 0 0 0 0 0 0 0 0 0 0 0 
0 16 0 0 0 0 0 0 0 0 0 0 0 0 0 0 0 
0 0 32 0 0 0 0 0 0 0 0 0 0 0 0 0 0 
0 0 88 96.0143 24.0036 0 0 0 8.01063 0 0 0 0 0 0 0 0 
0 0 0 255.971 255.969 192.013 96.0328 64.0851 0 0 0 0 0 0 0 0 0 
0 0 0 208.014 736.065 688.057 704.045 623.67 767.923 0 0 0 0 0 0 0 0 
0 0 0 0 575.947 1663.86 1823.95 1920.29 1600.23 0 0 0 0 0 0 0 0 
0 0 0 0 228.015 1248.13 2927.84 3680.48 4355.16 0 0 0 0 0 0 0 0 
0 0 0 0 0 447.877 1568.17 3135.45 3265.6 0 0 0 0 0 0 0 0 
0 0 0 0 0 128.067 767.946 1391.73 2110.8 0 0 0 0 0 0 0 0 
0 0 0 0 0 0 64.0053 512.249 576.178 0 0 0 0 0 0 0 0 
0 0 0 0 0 0 56.0137 96.0505 120.11 0 0 0 0 0 0 0 0 
0 0 0 0 0 0 0 0 63.9867 0 0 0 0 0 0 0 0 
0 0 0 0 0 0 0 16.0039 0 0 0 0 0 0 0 0 0 
0 0 0 0 0 0 0 0 0 0 0 0 0 0 0 0 0 
0 0 0 0 0 0 0 0 2.00049 0 0 0 0 0 0 0 0 
