1 0 0 0 0 0 0 0 0 0 0 0 0 0 0 0 0 
0 0 0 0 0 0 0 0 0 0 0 0 0 0 0 0 0 
0 16 0 0 0 0 0 0 0 0 0 0 0 0 0 0 0 
0 0 32 0 0 0 0 0 0 0 0 0 0 0 0 0 0 
0 0 88 95.9198 23.98 0 0 0 8.00332 0 0 0 0 0 0 0 0 
0 0 0 256.16 255.922 191.977 95.9273 64.0265 0 0 0 0 0 0 0 0 0 
0 0 0 207.92 736.213 687.98 703.789 623.761 768.127 0 0 0 0 0 0 0 0 
0 0 0 0 575.888 1664.06 1824.28 1919.59 1599.74 0 0 0 0 0 0 0 0 
0 0 0 0 227.997 1248.05 2928.2 3680.65 4355.86 0 0 0 0 0 0 0 0 
0 0 0 0 0 447.928 1567.94 3136.44 3264.03 0 0 0 0 0 0 0 0 
0 0 0 0 0 128.01 767.92 1391.83 2112.48 0 0 0 0 0 0 0 0 
0 0 0 0 0 0 63.9168 511.733 575.994 0 0 0 0 0 0 0 0 
0 0 0 0 0 0 56.0276 95.9587 119.814 0 0 0 0 0 0 0 0 
0 0 0 0 0 0 0 0 63.9562 0 0 0 0 0 0 0 0 
0 0 0 0 0 0 0 16.0079 0 0 0 0 0 0 0 0 0 
0 0 0 0 0 0 0 0 0 0 0 0 0 0 0 0 0 
0 0 0 0 0 0 0 0 2.00099 0 0 0 0 0 0 0 0 
