1 0 0 0 0 0 0 0 0 0 0 0 0 0 0 0 0 
0 0 0 0 0 0 0 0 0 0 0 0 0 0 0 0 0 
0 16 0 0 0 0 0 0 0 0 0 0 0 0 0 0 0 
0 0 32 0 0 0 0 0 0 0 0 0 0 0 0 0 0 
0 0 88 96.037 24.0093 0 0 0 8.0074 0 0 0 0 0 0 0 0 
0 0 0 255.926 255.948 192.091 96.052 64.0592 0 0 0 0 0 0 0 0 0 
0 0 0 208.037 736.124 687.992 704.173 624.17 767.749 0 0 0 0 0 0 0 0 
0 0 0 0 575.869 1663.74 1823.85 1918.96 1600.32 0 0 0 0 0 0 0 0 
0 0 0 0 228.049 1248.25 2927.61 3681.51 4355.86 0 0 0 0 0 0 0 0 
0 0 0 0 0 447.861 1568.26 3135.16 3264.6 0 0 0 0 0 0 0 0 
0 0 0 0 0 128.067 768.052 1392.15 2111.16 0 0 0 0 0 0 0 0 
0 0 0 0 0 0 63.9973 511.961 576.266 0 0 0 0 0 0 0 0 
0 0 0 0 0 0 55.9988 96.0353 120.043 0 0 0 0 0 0 0 0 
0 0 0 0 0 0 0 0 63.9938 0 0 0 0 0 0 0 0 
0 0 0 0 0 0 0 15.9996 0 0 0 0 0 0 0 0 0 
0 0 0 0 0 0 0 0 0 0 0 0 0 0 0 0 0 
0 0 0 0 0 0 0 0 1.99996 0 0 0 0 0 0 0 0 
