1 0 0 0 0 0 0 0 0 0 0 0 0 0 0 0 0 
0 0 0 0 0 0 0 0 0 0 0 0 0 0 0 0 0 
0 16 0 0 0 0 0 0 0 0 0 0 0 0 0 0 0 
0 0 32 0 0 0 0 0 0 0 0 0 0 0 0 0 0 
0 0 88 95.975 23.9937 0 0 0 8.0022 0 0 0 0 0 0 0 0 
0 0 0 256.05 256.122 192.073 96.0702 64.0176 0 0 0 0 0 0 0 0 0 
0 0 0 207.975 735.726 688.033 703.783 623.411 767.96 0 0 0 0 0 0 0 0 
0 0 0 0 576.208 1663.66 1823.87 1919.71 1599.66 0 0 0 0 0 0 0 0 
0 0 0 0 227.951 1248.13 2928.8 3681.49 4356.87 0 0 0 0 0 0 0 0 
0 0 0 0 0 448.249 1567.15 3135.73 3263.09 0 0 0 0 0 0 0 0 
0 0 0 0 0 127.85 768.377 1391.87 2112.46 0 0 0 0 0 0 0 0 
0 0 0 0 0 0 64.0678 511.893 576.125 0 0 0 0 0 0 0 0 
0 0 0 0 0 0 55.8848 95.9046 119.919 0 0 0 0 0 0 0 0 
0 0 0 0 0 0 0 0 63.9113 0 0 0 0 0 0 0 0 
0 0 0 0 0 0 0 15.9671 0 0 0 0 0 0 0 0 0 
0 0 0 0 0 0 0 0 0 0 0 0 0 0 0 0 0 
0 0 0 0 0 0 0 0 1.99589 0 0 0 0 0 0 0 0 
