1 0 0 0 0 0 0 0 0 0 0 0 0 0 0 0 0 
0 0 0 0 0 0 0 0 0 0 0 0 0 0 0 0 0 
0 16 0 0 0 0 0 0 0 0 0 0 0 0 0 0 0 
0 0 32 0 0 0 0 0 0 0 0 0 0 0 0 0 0 
0 0 88 96.0326 24.0082 0 0 0 8.0002 0 0 0 0 0 0 0 0 
0 0 0 255.935 255.996 191.999 96.1035 64.0016 0 0 0 0 0 0 0 0 0 
0 0 0 208.033 736.109 688.051 704.337 623.945 767.457 0 0 0 0 0 0 0 0 
0 0 0 0 575.76 1664.11 1823.56 1921.03 1600.9 0 0 0 0 0 0 0 0 
0 0 0 0 228.126 1247.72 2927.83 3678.91 4355.87 0 0 0 0 0 0 0 0 
0 0 0 0 0 448.01 1567.9 3135.59 3263.97 0 0 0 0 0 0 0 0 
0 0 0 0 0 128.102 768.196 1392.26 2111.73 0 0 0 0 0 0 0 0 
0 0 0 0 0 0 64.0237 512.26 575.942 0 0 0 0 0 0 0 0 
0 0 0 0 0 0 56.0466 95.9901 120.101 0 0 0 0 0 0 0 0 
0 0 0 0 0 0 0 0 64.0294 0 0 0 0 0 0 0 0 
0 0 0 0 0 0 0 16.0133 0 0 0 0 0 0 0 0 0 
0 0 0 0 0 0 0 0 0 0 0 0 0 0 0 0 0 
0 0 0 0 0 0 0 0 2.00166 0 0 0 0 0 0 0 0 
