1 0 0 0 0 0 0 0 0 0 0 0 0 0 0 0 0 
0 0 0 0 0 0 0 0 0 0 0 0 0 0 0 0 0 
0 16 0 0 0 0 0 0 0 0 0 0 0 0 0 0 0 
0 0 32 0 0 0 0 0 0 0 0 0 0 0 0 0 0 
0 0 88 96.012 24.003 0 0 0 8.01471 0 0 0 0 0 0 0 0 
0 0 0 255.976 255.952 191.986 96.0328 64.1177 0 0 0 0 0 0 0 0 0 
0 0 0 208.012 736.079 687.936 704.377 623.742 768.086 0 0 0 0 0 0 0 0 
0 0 0 0 575.972 1664.07 1823.11 1920.4 1599.66 0 0 0 0 0 0 0 0 
0 0 0 0 227.993 1247.87 2928.38 3679.3 4355.93 0 0 0 0 0 0 0 0 
0 0 0 0 0 448.371 1567.97 3136.16 3264.77 0 0 0 0 0 0 0 0 
0 0 0 0 0 127.764 768.189 1392.62 2111.57 0 0 0 0 0 0 0 0 
0 0 0 0 0 0 64.0954 511.672 575.937 0 0 0 0 0 0 0 0 
0 0 0 0 0 0 55.8323 96.0282 120.005 0 0 0 0 0 0 0 0 
0 0 0 0 0 0 0 0 64.0405 0 0 0 0 0 0 0 0 
0 0 0 0 0 0 0 15.9521 0 0 0 0 0 0 0 0 0 
0 0 0 0 0 0 0 0 0 0 0 0 0 0 0 0 0 
0 0 0 0 0 0 0 0 1.99401 0 0 0 0 0 0 0 0 
