1 0 0 0 0 0 0 0 0 0 0 0 0 0 0 0 0 
0 0 0 0 0 0 0 0 0 0 0 0 0 0 0 0 0 
0 16 0 0 0 0 0 0 0 0 0 0 0 0 0 0 0 
0 0 32 0 0 0 0 0 0 0 0 0 0 0 0 0 0 
0 0 88 96.0085 24.0021 0 0 0 7.97314 0 0 0 0 0 0 0 0 
0 0 0 255.983 255.982 191.993 95.8657 63.7851 0 0 0 0 0 0 0 0 0 
0 0 0 208.009 736.101 687.677 704.15 624.215 767.872 0 0 0 0 0 0 0 0 
0 0 0 0 575.845 1664.52 1823.68 1920.5 1600.38 0 0 0 0 0 0 0 0 
0 0 0 0 228.07 1248.03 2928.39 3679.08 4356.28 0 0 0 0 0 0 0 0 
0 0 0 0 0 447.702 1568.35 3136.31 3262.33 0 0 0 0 0 0 0 0 
0 0 0 0 0 128.076 767.523 1392.46 2113.86 0 0 0 0 0 0 0 0 
0 0 0 0 0 0 63.9708 511.62 575.251 0 0 0 0 0 0 0 0 
0 0 0 0 0 0 56.0673 96.0198 120.051 0 0 0 0 0 0 0 0 
0 0 0 0 0 0 0 0 63.9977 0 0 0 0 0 0 0 0 
0 0 0 0 0 0 0 16.0192 0 0 0 0 0 0 0 0 0 
0 0 0 0 0 0 0 0 0 0 0 0 0 0 0 0 0 
0 0 0 0 0 0 0 0 2.0024 0 0 0 0 0 0 0 0 
