1 0 0 0 0 0 0 0 0 0 0 0 0 0 0 0 0 
0 0 0 0 0 0 0 0 0 0 0 0 0 0 0 0 0 
0 16 0 0 0 0 0 0 0 0 0 0 0 0 0 0 0 
0 0 32 0 0 0 0 0 0 0 0 0 0 0 0 0 0 
0 0 88 95.9511 23.9878 0 0 0 7.98906 0 0 0 0 0 0 0 0 
0 0 0 256.098 256.04 192.057 96.0643 63.9125 0 0 0 0 0 0 0 0 0 
0 0 0 207.951 735.853 687.967 703.584 624.105 768.307 0 0 0 0 0 0 0 0 
0 0 0 0 576.222 1663.79 1824.42 1919.78 1599.33 0 0 0 0 0 0 0 0 
0 0 0 0 227.897 1248.32 2928.22 3680.18 4356.22 0 0 0 0 0 0 0 0 
0 0 0 0 0 447.822 1567.74 3136.23 3264.3 0 0 0 0 0 0 0 0 
0 0 0 0 0 128.039 767.915 1391.98 2111.95 0 0 0 0 0 0 0 0 
0 0 0 0 0 0 63.9906 511.741 575.91 0 0 0 0 0 0 0 0 
0 0 0 0 0 0 56.0614 96.0488 119.983 0 0 0 0 0 0 0 0 
0 0 0 0 0 0 0 0 64.0037 0 0 0 0 0 0 0 0 
0 0 0 0 0 0 0 16.0175 0 0 0 0 0 0 0 0 0 
0 0 0 0 0 0 0 0 0 0 0 0 0 0 0 0 0 
0 0 0 0 0 0 0 0 2.00219 0 0 0 0 0 0 0 0 
