1 0 0 0 0 0 0 0 0 0 0 0 0 0 0 0 0 
0 0 0 0 0 0 0 0 0 0 0 0 0 0 0 0 0 
0 16 0 0 0 0 0 0 0 0 0 0 0 0 0 0 0 
0 0 32 0 0 0 0 0 0 0 0 0 0 0 0 0 0 
0 0 88 96.0504 24.0126 0 0 0 7.9977 0 0 0 0 0 0 0 0 
0 0 0 255.899 256.021 192.137 96.0447 63.9816 0 0 0 0 0 0 0 0 0 
0 0 0 208.05 735.863 688.073 704.117 624.345 768.635 0 0 0 0 0 0 0 0 
0 0 0 0 576.16 1663.42 1823.65 1919.83 1599.65 0 0 0 0 0 0 0 0 
0 0 0 0 227.943 1248.32 2928.25 3679.42 4355.87 0 0 0 0 0 0 0 0 
0 0 0 0 0 448.123 1567.76 3136.48 3263.35 0 0 0 0 0 0 0 0 
0 0 0 0 0 127.927 768.257 1391.72 2112.01 0 0 0 0 0 0 0 0 
0 0 0 0 0 0 63.9206 512.337 576.441 0 0 0 0 0 0 0 0 
0 0 0 0 0 0 55.9958 95.884 120.018 0 0 0 0 0 0 0 0 
0 0 0 0 0 0 0 0 64.0286 0 0 0 0 0 0 0 0 
0 0 0 0 0 0 0 15.9988 0 0 0 0 0 0 0 0 0 
0 0 0 0 0 0 0 0 0 0 0 0 0 0 0 0 0 
0 0 0 0 0 0 0 0 1.99985 0 0 0 0 0 0 0 0 
