1 0 0 0 0 0 0 0 0 0 0 0 0 0 0 0 0 
0 0 0 0 0 0 0 0 0 0 0 0 0 0 0 0 0 
0 16 0 0 0 0 0 0 0 0 0 0 0 0 0 0 0 
0 0 32 0 0 0 0 0 0 0 0 0 0 0 0 0 0 
0 0 88 96.0203 24.0051 0 0 0 7.99552 0 0 0 0 0 0 0 0 
0 0 0 255.959 255.916 191.931 95.9427 63.9642 0 0 0 0 0 0 0 0 0 
0 0 0 208.02 736.1 687.958 704.141 623.749 767.813 0 0 0 0 0 0 0 0 
0 0 0 0 576.032 1664.27 1824.17 1920.99 1600.58 0 0 0 0 0 0 0 0 
0 0 0 0 227.947 1247.8 2927.37 3679.2 4355.57 0 0 0 0 0 0 0 0 
0 0 0 0 0 448.106 1568.36 3135.9 3264.14 0 0 0 0 0 0 0 0 
0 0 0 0 0 127.937 768.076 1391.98 2112.01 0 0 0 0 0 0 0 0 
0 0 0 0 0 0 63.99 512.285 575.633 0 0 0 0 0 0 0 0 
0 0 0 0 0 0 55.95 95.9406 120.166 0 0 0 0 0 0 0 0 
0 0 0 0 0 0 0 0 64.0955 0 0 0 0 0 0 0 0 
0 0 0 0 0 0 0 15.9857 0 0 0 0 0 0 0 0 0 
0 0 0 0 0 0 0 0 0 0 0 0 0 0 0 0 0 
0 0 0 0 0 0 0 0 1.99821 0 0 0 0 0 0 0 0 
