1 0 0 0 0 0 0 0 0 0 0 0 0 0 0 0 0 
0 0 0 0 0 0 0 0 0 0 0 0 0 0 0 0 0 
0 16 0 0 0 0 0 0 0 0 0 0 0 0 0 0 0 
0 0 32 0 0 0 0 0 0 0 0 0 0 0 0 0 0 
0 0 88 96.0241 24.006 0 0 0 7.99699 0 0 0 0 0 0 0 0 
0 0 0 255.952 256.111 192.079 96.0234 63.9759 0 0 0 0 0 0 0 0 0 
0 0 0 208.024 735.743 687.883 704.059 624.267 768.184 0 0 0 0 0 0 0 0 
0 0 0 0 576.156 1664.02 1824 1919.67 1599.42 0 0 0 0 0 0 0 0 
0 0 0 0 227.984 1247.99 2928.03 3679.8 4356.64 0 0 0 0 0 0 0 0 
0 0 0 0 0 448.031 1567.63 3136.38 3263.82 0 0 0 0 0 0 0 0 
0 0 0 0 0 127.995 768.186 1391.98 2111.76 0 0 0 0 0 0 0 0 
0 0 0 0 0 0 64.0892 511.891 576.203 0 0 0 0 0 0 0 0 
0 0 0 0 0 0 55.9805 96.0397 120.033 0 0 0 0 0 0 0 0 
0 0 0 0 0 0 0 0 63.9418 0 0 0 0 0 0 0 0 
0 0 0 0 0 0 0 15.9944 0 0 0 0 0 0 0 0 0 
0 0 0 0 0 0 0 0 0 0 0 0 0 0 0 0 0 
0 0 0 0 0 0 0 0 1.9993 0 0 0 0 0 0 0 0 
