1 0 0 0 0 0 0 0 0 0 0 0 0 0 0 0 0 
0 0 0 0 0 0 0 0 0 0 0 0 0 0 0 0 0 
0 16 0 0 0 0 0 0 0 0 0 0 0 0 0 0 0 
0 0 32 0 0 0 0 0 0 0 0 0 0 0 0 0 0 
0 0 88 96.018 24.0045 0 0 0 7.97901 0 0 0 0 0 0 0 0 
0 0 0 255.964 255.976 192.053 95.9323 63.8321 0 0 0 0 0 0 0 0 0 
0 0 0 208.018 736.058 687.856 704.333 624.215 767.952 0 0 0 0 0 0 0 0 
0 0 0 0 575.937 1664.13 1824.07 1920.53 1600.35 0 0 0 0 0 0 0 0 
0 0 0 0 228.024 1248.03 2927.09 3679.54 4354.85 0 0 0 0 0 0 0 0 
0 0 0 0 0 447.866 1568.8 3135.48 3265.79 0 0 0 0 0 0 0 0 
0 0 0 0 0 128.065 767.658 1392.43 2111.12 0 0 0 0 0 0 0 0 
0 0 0 0 0 0 64.0456 511.795 575.739 0 0 0 0 0 0 0 0 
0 0 0 0 0 0 56.0695 96.1523 120.149 0 0 0 0 0 0 0 0 
0 0 0 0 0 0 0 0 64.0613 0 0 0 0 0 0 0 0 
0 0 0 0 0 0 0 16.0199 0 0 0 0 0 0 0 0 0 
0 0 0 0 0 0 0 0 0 0 0 0 0 0 0 0 0 
0 0 0 0 0 0 0 0 2.00248 0 0 0 0 0 0 0 0 
