1 0 0 0 0 0 0 0 0 0 0 0 0 0 0 0 0 
0 0 0 0 0 0 0 0 0 0 0 0 0 0 0 0 0 
0 16 0 0 0 0 0 0 0 0 0 0 0 0 0 0 0 
0 0 32 0 0 0 0 0 0 0 0 0 0 0 0 0 0 
0 0 88 95.9618 23.9904 0 0 0 8.00225 0 0 0 0 0 0 0 0 
0 0 0 256.076 255.974 192.033 95.9682 64.018 0 0 0 0 0 0 0 0 0 
0 0 0 207.962 735.99 688.041 704.44 623.842 767.971 0 0 0 0 0 0 0 0 
0 0 0 0 576.137 1663.75 1823.79 1920.8 1600.19 0 0 0 0 0 0 0 0 
0 0 0 0 227.909 1248.24 2927.27 3679.22 4356.23 0 0 0 0 0 0 0 0 
0 0 0 0 0 447.953 1568.46 3135.98 3262.96 0 0 0 0 0 0 0 0 
0 0 0 0 0 127.987 768.083 1391.81 2112.63 0 0 0 0 0 0 0 0 
0 0 0 0 0 0 64.0141 512.329 576.066 0 0 0 0 0 0 0 0 
0 0 0 0 0 0 55.9762 95.9957 120.018 0 0 0 0 0 0 0 0 
0 0 0 0 0 0 0 0 63.9313 0 0 0 0 0 0 0 0 
0 0 0 0 0 0 0 15.9932 0 0 0 0 0 0 0 0 0 
0 0 0 0 0 0 0 0 0 0 0 0 0 0 0 0 0 
0 0 0 0 0 0 0 0 1.99915 0 0 0 0 0 0 0 0 
