1 0 0 0 0 0 0 0 0 0 0 0 0 0 0 0 0 
0 0 0 0 0 0 0 0 0 0 0 0 0 0 0 0 0 
0 16 0 0 0 0 0 0 0 0 0 0 0 0 0 0 0 
0 0 32 0 0 0 0 0 0 0 0 0 0 0 0 0 0 
0 0 88 95.9947 23.9987 0 0 0 8.00057 0 0 0 0 0 0 0 0 
0 0 0 256.011 256.019 192.1 96.0615 64.0045 0 0 0 0 0 0 0 0 0 
0 0 0 207.995 735.971 687.867 703.966 624.112 768.364 0 0 0 0 0 0 0 0 
0 0 0 0 576.008 1664 1823.89 1920.78 1599.85 0 0 0 0 0 0 0 0 
0 0 0 0 228.004 1248.1 2927.84 3677.62 4355.42 0 0 0 0 0 0 0 0 
0 0 0 0 0 447.828 1568.6 3137.49 3264.25 0 0 0 0 0 0 0 0 
0 0 0 0 0 128.103 767.573 1392.46 2112.07 0 0 0 0 0 0 0 0 
0 0 0 0 0 0 64.0175 511.547 575.979 0 0 0 0 0 0 0 0 
0 0 0 0 0 0 56.0531 95.9658 120.071 0 0 0 0 0 0 0 0 
0 0 0 0 0 0 0 0 63.9912 0 0 0 0 0 0 0 0 
0 0 0 0 0 0 0 16.0152 0 0 0 0 0 0 0 0 0 
0 0 0 0 0 0 0 0 0 0 0 0 0 0 0 0 0 
0 0 0 0 0 0 0 0 2.0019 0 0 0 0 0 0 0 0 
