1 0 0 0 0 0 0 0 0 0 0 0 0 0 0 0 0 
0 0 0 0 0 0 0 0 0 0 0 0 0 0 0 0 0 
0 16 0 0 0 0 0 0 0 0 0 0 0 0 0 0 0 
0 0 32 0 0 0 0 0 0 0 0 0 0 0 0 0 0 
0 0 88 95.9863 23.9966 0 0 0 7.99186 0 0 0 0 0 0 0 0 
0 0 0 256.027 255.978 191.861 95.9352 63.9349 0 0 0 0 0 0 0 0 0 
0 0 0 207.986 735.962 687.842 703.765 624.139 768.095 0 0 0 0 0 0 0 0 
0 0 0 0 576.156 1664.45 1823.8 1919.13 1599.85 0 0 0 0 0 0 0 0 
0 0 0 0 227.908 1247.95 2928.9 3680.77 4356.1 0 0 0 0 0 0 0 0 
0 0 0 0 0 448.091 1567.84 3136.28 3264.1 0 0 0 0 0 0 0 0 
0 0 0 0 0 127.811 767.86 1392.09 2111.78 0 0 0 0 0 0 0 0 
0 0 0 0 0 0 63.9959 511.795 575.917 0 0 0 0 0 0 0 0 
0 0 0 0 0 0 55.8969 95.885 120.227 0 0 0 0 0 0 0 0 
0 0 0 0 0 0 0 0 63.9436 0 0 0 0 0 0 0 0 
0 0 0 0 0 0 0 15.9705 0 0 0 0 0 0 0 0 0 
0 0 0 0 0 0 0 0 0 0 0 0 0 0 0 0 0 
0 0 0 0 0 0 0 0 1.99632 0 0 0 0 0 0 0 0 
