1 0 0 0 0 0 0 0 0 0 0 0 0 0 0 0 0 
0 0 0 0 0 0 0 0 0 0 0 0 0 0 0 0 0 
0 16 0 0 0 0 0 0 0 0 0 0 0 0 0 0 0 
0 0 32 0 0 0 0 0 0 0 0 0 0 0 0 0 0 
0 0 88 95.2107 23.8027 0 0 0 8.2677 0 0 0 0 0 0 0 0 
0 0 0 257.579 261.111 195.195 96.2188 66.1416 0 0 0 0 0 0 0 0 0 
0 0 0 207.211 724.851 687.213 719.557 630.226 753.515 0 0 0 0 0 0 0 0 
0 0 0 0 583.754 1654.46 1811.86 1922.31 1631.12 0 0 0 0 0 0 0 0 
0 0 0 0 226.481 1251.27 2914.62 3681.84 4344.6 0 0 0 0 0 0 0 0 
0 0 0 0 0 457.244 1564.53 3095.7 3262.1 0 0 0 0 0 0 0 0 
0 0 0 0 0 122.617 783.226 1414.14 2098.18 0 0 0 0 0 0 0 0 
0 0 0 0 0 0 63.3029 516.651 585.395 0 0 0 0 0 0 0 0 
0 0 0 0 0 0 54.6872 97.3758 119.389 0 0 0 0 0 0 0 0 
0 0 0 0 0 0 0 0 65.4804 0 0 0 0 0 0 0 0 
0 0 0 0 0 0 0 15.6249 0 0 0 0 0 0 0 0 0 
0 0 0 0 0 0 0 0 0 0 0 0 0 0 0 0 0 
0 0 0 0 0 0 0 0 1.95311 0 0 0 0 0 0 0 0 
