1 0 0 0 0 0 0 0 0 0 0 0 0 0 0 0 0 
0 0 0 0 0 0 0 0 0 0 0 0 0 0 0 0 0 
0 16 0 0 0 0 0 0 0 0 0 0 0 0 0 0 0 
0 0 32 0 0 0 0 0 0 0 0 0 0 0 0 0 0 
0 0 88 96.6187 24.1547 0 0 0 8.30556 0 0 0 0 0 0 0 0 
0 0 0 254.763 256.66 192.039 92.8376 66.4444 0 0 0 0 0 0 0 0 0 
0 0 0 208.619 731.159 691.791 709.228 616.59 770.258 0 0 0 0 0 0 0 0 
0 0 0 0 583.083 1652.83 1830.87 1945.22 1606.02 0 0 0 0 0 0 0 0 
0 0 0 0 224.943 1253.1 2914.18 3629.61 4346.24 0 0 0 0 0 0 0 0 
0 0 0 0 0 455.968 1563.86 3178.92 3252.55 0 0 0 0 0 0 0 0 
0 0 0 0 0 122.279 779.498 1377.73 2123.28 0 0 0 0 0 0 0 0 
0 0 0 0 0 0 65.1327 512.515 579.208 0 0 0 0 0 0 0 0 
0 0 0 0 0 0 52.3966 97.9961 119.276 0 0 0 0 0 0 0 0 
0 0 0 0 0 0 0 0 62.9914 0 0 0 0 0 0 0 0 
0 0 0 0 0 0 0 14.9705 0 0 0 0 0 0 0 0 0 
0 0 0 0 0 0 0 0 0 0 0 0 0 0 0 0 0 
0 0 0 0 0 0 0 0 1.87131 0 0 0 0 0 0 0 0 
