1 0 0 0 0 0 0 0 0 0 0 0 0 0 0 0 0 
0 0 0 0 0 0 0 0 0 0 0 0 0 0 0 0 0 
0 16 0 0 0 0 0 0 0 0 0 0 0 0 0 0 0 
0 0 32 0 0 0 0 0 0 0 0 0 0 0 0 0 0 
0 0 88 97.8507 24.4627 0 0 0 8.46208 0 0 0 0 0 0 0 0 
0 0 0 252.299 259.679 194.657 100.022 67.6966 0 0 0 0 0 0 0 0 0 
0 0 0 209.851 730.563 688.938 720.614 635.085 770.606 0 0 0 0 0 0 0 0 
0 0 0 0 573.988 1661.17 1808.33 1901.75 1610.01 0 0 0 0 0 0 0 0 
0 0 0 0 231.308 1244.9 2897.36 3687.94 4336.33 0 0 0 0 0 0 0 0 
0 0 0 0 0 445.659 1595.39 3120.13 3271.57 0 0 0 0 0 0 0 0 
0 0 0 0 0 132.678 762.197 1395.17 2099.12 0 0 0 0 0 0 0 0 
0 0 0 0 0 0 66.5032 521.274 588.335 0 0 0 0 0 0 0 0 
0 0 0 0 0 0 57.5823 94.4999 119.728 0 0 0 0 0 0 0 0 
0 0 0 0 0 0 0 0 63.7791 0 0 0 0 0 0 0 0 
0 0 0 0 0 0 0 16.4521 0 0 0 0 0 0 0 0 0 
0 0 0 0 0 0 0 0 0 0 0 0 0 0 0 0 0 
0 0 0 0 0 0 0 0 2.05651 0 0 0 0 0 0 0 0 
