1 0 0 0 0 0 0 0 0 0 0 0 0 0 0 0 0 
0 0 0 0 0 0 0 0 0 0 0 0 0 0 0 0 0 
0 16 0 0 0 0 0 0 0 0 0 0 0 0 0 0 0 
0 0 32 0 0 0 0 0 0 0 0 0 0 0 0 0 0 
0 0 88 95.68 23.92 0 0 0 8.09709 0 0 0 0 0 0 0 0 
0 0 0 256.64 257.835 192.89 94.7391 64.7767 0 0 0 0 0 0 0 0 0 
0 0 0 207.68 732.395 686.674 705.771 616.445 753.769 0 0 0 0 0 0 0 0 
0 0 0 0 578.025 1664.14 1815.79 1893.61 1589.91 0 0 0 0 0 0 0 0 
0 0 0 0 227.825 1246.77 2942.73 3740.62 4398.32 0 0 0 0 0 0 0 0 
0 0 0 0 0 450.905 1561.87 3129.74 3254.78 0 0 0 0 0 0 0 0 
0 0 0 0 0 126.625 766.809 1361.06 2111 0 0 0 0 0 0 0 0 
0 0 0 0 0 0 65.0782 521.578 571.52 0 0 0 0 0 0 0 0 
0 0 0 0 0 0 55.2085 96.3983 116.438 0 0 0 0 0 0 0 0 
0 0 0 0 0 0 0 0 64.194 0 0 0 0 0 0 0 0 
0 0 0 0 0 0 0 15.7739 0 0 0 0 0 0 0 0 0 
0 0 0 0 0 0 0 0 0 0 0 0 0 0 0 0 0 
0 0 0 0 0 0 0 0 1.97173 0 0 0 0 0 0 0 0 
