1 0 0 0 0 0 0 0 0 0 0 0 0 0 0 0 0 
0 0 0 0 0 0 0 0 0 0 0 0 0 0 0 0 0 
0 16 0 0 0 0 0 0 0 0 0 0 0 0 0 0 0 
0 0 32 0 0 0 0 0 0 0 0 0 0 0 0 0 0 
0 0 88 95.856 23.964 0 0 0 8.38816 0 0 0 0 0 0 0 0 
0 0 0 256.288 255.346 189.145 94.8392 67.1053 0 0 0 0 0 0 0 0 0 
0 0 0 207.856 732.238 686.133 707.219 623.966 758.781 0 0 0 0 0 0 0 0 
0 0 0 0 585.631 1671.6 1807.23 1905.62 1609.31 0 0 0 0 0 0 0 0 
0 0 0 0 222.822 1245.35 2950.16 3699.93 4351.9 0 0 0 0 0 0 0 0 
0 0 0 0 0 452.239 1563.3 3131.71 3267.3 0 0 0 0 0 0 0 0 
0 0 0 0 0 123.532 767.524 1378.47 2122.75 0 0 0 0 0 0 0 0 
0 0 0 0 0 0 63.0636 521.829 567.076 0 0 0 0 0 0 0 0 
0 0 0 0 0 0 54.663 95.752 117.918 0 0 0 0 0 0 0 0 
0 0 0 0 0 0 0 0 64.6222 0 0 0 0 0 0 0 0 
0 0 0 0 0 0 0 15.618 0 0 0 0 0 0 0 0 0 
0 0 0 0 0 0 0 0 0 0 0 0 0 0 0 0 0 
0 0 0 0 0 0 0 0 1.95225 0 0 0 0 0 0 0 0 
