1 0 0 0 0 0 0 0 0 0 0 0 0 0 0 0 0 
0 0 0 0 0 0 0 0 0 0 0 0 0 0 0 0 0 
0 16 0 0 0 0 0 0 0 0 0 0 0 0 0 0 0 
0 0 32 0 0 0 0 0 0 0 0 0 0 0 0 0 0 
0 0 88 95.949 24.0148 0 0 0 7.98001 0 0 0 0 0 0 0 0 
0 0 0 255.994 255.742 191.993 95.7984 63.9158 0 0 0 0 0 0 0 0 0 
0 0 0 208.057 735.133 688.004 703.001 622.246 768.378 0 0 0 0 0 0 0 0 
0 0 0 0 576.531 1663.07 1822.93 1917.07 1598.68 0 0 0 0 0 0 0 0 
0 0 0 0 228.58 1248.39 2928.92 3680.74 4354.63 0 0 0 0 0 0 0 0 
0 0 0 0 0 448.073 1567.08 3139.94 3265.36 0 0 0 0 0 0 0 0 
0 0 0 0 0 128.466 769.951 1393.37 2111.67 0 0 0 0 0 0 0 0 
0 0 0 0 0 0 64.125 510.679 577.651 0 0 0 0 0 0 0 0 
0 0 0 0 0 0 56.1948 96.0058 119.7 0 0 0 0 0 0 0 0 
0 0 0 0 0 0 0 0 63.9372 0 0 0 0 0 0 0 0 
0 0 0 0 0 0 0 16.042 0 0 0 0 0 0 0 0 0 
0 0 0 0 0 0 0 0 0 0 0 0 0 0 0 0 0 
0 0 0 0 0 0 0 0 2.00742 0 0 0 0 0 0 0 0 
