1 0 0 0 0 0 0 0 0 0 0 0 0 0 0 0 0 
0 0 0 0 0 0 0 0 0 0 0 0 0 0 0 0 0 
0 16 0 0 0 0 0 0 0 0 0 0 0 0 0 0 0 
0 0 32 0 0 0 0 0 0 0 0 0 0 0 0 0 0 
0 0 88 95.692 23.9775 0 0 0 7.97272 0 0 0 0 0 0 0 0 
0 0 0 256.087 255.474 191.254 95.5629 63.8455 0 0 0 0 0 0 0 0 0 
0 0 0 208.221 735.757 685.731 701.723 622.562 765.711 0 0 0 0 0 0 0 0 
0 0 0 0 576.861 1664.26 1826.17 1920.68 1601.18 0 0 0 0 0 0 0 0 
0 0 0 0 227.931 1249.47 2925.59 3679.37 4353.75 0 0 0 0 0 0 0 0 
0 0 0 0 0 449.181 1568.41 3136.11 3267.34 0 0 0 0 0 0 0 0 
0 0 0 0 0 128.111 770.343 1393.26 2112.46 0 0 0 0 0 0 0 0 
0 0 0 0 0 0 64.139 512.023 575.503 0 0 0 0 0 0 0 0 
0 0 0 0 0 0 56.0589 96.1424 119.869 0 0 0 0 0 0 0 0 
0 0 0 0 0 0 0 0 64.215 0 0 0 0 0 0 0 0 
0 0 0 0 0 0 0 16.007 0 0 0 0 0 0 0 0 0 
0 0 0 0 0 0 0 0 0 0 0 0 0 0 0 0 0 
0 0 0 0 0 0 0 0 2.00107 0 0 0 0 0 0 0 0 
