1 0 0 0 0 0 0 0 0 0 0 0 0 0 0 0 0 
0 0 0 0 0 0 0 0 0 0 0 0 0 0 0 0 0 
0 16 0 0 0 0 0 0 0 0 0 0 0 0 0 0 0 
0 0 32 0 0 0 0 0 0 0 0 0 0 0 0 0 0 
0 0 88 95.963 23.9736 0 0 0 7.94231 0 0 0 0 0 0 0 0 
0 0 0 256.046 255.792 191.561 95.9838 63.5783 0 0 0 0 0 0 0 0 0 
0 0 0 207.991 736.416 686.61 702.719 624.447 765.66 0 0 0 0 0 0 0 0 
0 0 0 0 575.928 1663.97 1820.54 1915.19 1598.06 0 0 0 0 0 0 0 0 
0 0 0 0 227.891 1249.01 2929.21 3680.03 4356.17 0 0 0 0 0 0 0 0 
0 0 0 0 0 449.318 1570.27 3138.11 3265.04 0 0 0 0 0 0 0 0 
0 0 0 0 0 127.528 769.505 1393.62 2115.95 0 0 0 0 0 0 0 0 
0 0 0 0 0 0 64.1485 513.122 575.328 0 0 0 0 0 0 0 0 
0 0 0 0 0 0 55.624 95.9904 119.967 0 0 0 0 0 0 0 0 
0 0 0 0 0 0 0 0 63.8988 0 0 0 0 0 0 0 0 
0 0 0 0 0 0 0 15.9065 0 0 0 0 0 0 0 0 0 
0 0 0 0 0 0 0 0 0 0 0 0 0 0 0 0 0 
0 0 0 0 0 0 0 0 1.98844 0 0 0 0 0 0 0 0 
