1 0 0 0 0 0 0 0 0 0 0 0 0 0 0 0 0 
0 0 0 0 0 0 0 0 0 0 0 0 0 0 0 0 0 
0 16 0 0 0 0 0 0 0 0 0 0 0 0 0 0 0 
0 0 32 0 0 0 0 0 0 0 0 0 0 0 0 0 0 
0 0 88 95.8847 23.9575 0 0 0 7.99481 0 0 0 0 0 0 0 0 
0 0 0 256.057 255.699 191.893 96.2354 64.0254 0 0 0 0 0 0 0 0 0 
0 0 0 208.058 736.36 688.427 705.414 624.989 767.534 0 0 0 0 0 0 0 0 
0 0 0 0 575.688 1664.37 1826.1 1923.08 1601.9 0 0 0 0 0 0 0 0 
0 0 0 0 228.297 1247.76 2926.41 3678.44 4359.37 0 0 0 0 0 0 0 0 
0 0 0 0 0 447.458 1565.95 3136.55 3263.9 0 0 0 0 0 0 0 0 
0 0 0 0 0 128.095 767.846 1388.22 2107.27 0 0 0 0 0 0 0 0 
0 0 0 0 0 0 63.9147 512.569 576.225 0 0 0 0 0 0 0 0 
0 0 0 0 0 0 56.119 96.0804 119.729 0 0 0 0 0 0 0 0 
0 0 0 0 0 0 0 0 64.0664 0 0 0 0 0 0 0 0 
0 0 0 0 0 0 0 16.0383 0 0 0 0 0 0 0 0 0 
0 0 0 0 0 0 0 0 0 0 0 0 0 0 0 0 0 
0 0 0 0 0 0 0 0 2.00223 0 0 0 0 0 0 0 0 
