1 0 0 0 0 0 0 0 0 0 0 0 0 0 0 0 0 
0 0 0 0 0 0 0 0 0 0 0 0 0 0 0 0 0 
0 16 0 0 0 0 0 0 0 0 0 0 0 0 0 0 0 
0 0 32 0 0 0 0 0 0 0 0 0 0 0 0 0 0 
0 0 88 95.8677 23.9755 0 0 0 7.98259 0 0 0 0 0 0 0 0 
0 0 0 256.471 256.122 192.399 96.237 63.8972 0 0 0 0 0 0 0 0 0 
0 0 0 207.661 736.41 688.573 703.699 624.553 768.185 0 0 0 0 0 0 0 0 
0 0 0 0 575.358 1664.07 1825.95 1919.04 1596.46 0 0 0 0 0 0 0 0 
0 0 0 0 228.135 1247.42 2925.89 3677.56 4353.06 0 0 0 0 0 0 0 0 
0 0 0 0 0 447.542 1567.67 3137.71 3266.03 0 0 0 0 0 0 0 0 
0 0 0 0 0 127.989 768.647 1393.95 2116.01 0 0 0 0 0 0 0 0 
0 0 0 0 0 0 63.8655 511.61 577.025 0 0 0 0 0 0 0 0 
0 0 0 0 0 0 56.0369 95.6707 119.543 0 0 0 0 0 0 0 0 
0 0 0 0 0 0 0 0 63.7021 0 0 0 0 0 0 0 0 
0 0 0 0 0 0 0 16.0136 0 0 0 0 0 0 0 0 0 
0 0 0 0 0 0 0 0 0 0 0 0 0 0 0 0 0 
0 0 0 0 0 0 0 0 2.003 0 0 0 0 0 0 0 0 
