1 0 0 0 0 0 0 0 0 0 0 0 0 0 0 0 0 
0 0 0 0 0 0 0 0 0 0 0 0 0 0 0 0 0 
0 16 0 0 0 0 0 0 0 0 0 0 0 0 0 0 0 
0 0 32 0 0 0 0 0 0 0 0 0 0 0 0 0 0 
0 0 88 96.1328 23.9641 0 0 0 7.98857 0 0 0 0 0 0 0 0 
0 0 0 256.086 255.908 191.953 96.0619 63.9243 0 0 0 0 0 0 0 0 0 
0 0 0 207.781 735.933 688.149 702.948 623.928 768.538 0 0 0 0 0 0 0 0 
0 0 0 0 576.256 1662.96 1823.34 1920.85 1604.07 0 0 0 0 0 0 0 0 
0 0 0 0 227.939 1248.35 2930.89 3678.39 4355.61 0 0 0 0 0 0 0 0 
0 0 0 0 0 448.203 1566.5 3134.19 3260.28 0 0 0 0 0 0 0 0 
0 0 0 0 0 128.39 767.948 1394.21 2109.87 0 0 0 0 0 0 0 0 
0 0 0 0 0 0 64.2876 512.379 577.007 0 0 0 0 0 0 0 0 
0 0 0 0 0 0 56.0292 96.155 120.393 0 0 0 0 0 0 0 0 
0 0 0 0 0 0 0 0 64.2456 0 0 0 0 0 0 0 0 
0 0 0 0 0 0 0 15.9768 0 0 0 0 0 0 0 0 0 
0 0 0 0 0 0 0 0 0 0 0 0 0 0 0 0 0 
0 0 0 0 0 0 0 0 1.99875 0 0 0 0 0 0 0 0 
