1 0 0 0 0 0 0 0 0 0 0 0 0 0 0 0 0 
0 0 0 0 0 0 0 0 0 0 0 0 0 0 0 0 0 
0 16 0 0 0 0 0 0 0 0 0 0 0 0 0 0 0 
0 0 32 0 0 0 0 0 0 0 0 0 0 0 0 0 0 
0 0 88 95.8382 23.8842 0 0 0 7.97087 0 0 0 0 0 0 0 0 
0 0 0 256.48 255.549 191.582 95.702 63.7417 0 0 0 0 0 0 0 0 0 
0 0 0 207.682 736.022 686.522 701.349 623.499 767.359 0 0 0 0 0 0 0 0 
0 0 0 0 576.503 1662.7 1821.58 1919.05 1599.83 0 0 0 0 0 0 0 0 
0 0 0 0 228.042 1250.17 2930.16 3680.32 4352.12 0 0 0 0 0 0 0 0 
0 0 0 0 0 448.595 1569.94 3134.4 3268.57 0 0 0 0 0 0 0 0 
0 0 0 0 0 128.425 769.092 1393.36 2110.12 0 0 0 0 0 0 0 0 
0 0 0 0 0 0 64.0662 513.383 577.674 0 0 0 0 0 0 0 0 
0 0 0 0 0 0 56.1096 96.1981 120.233 0 0 0 0 0 0 0 0 
0 0 0 0 0 0 0 0 64.1179 0 0 0 0 0 0 0 0 
0 0 0 0 0 0 0 16.0451 0 0 0 0 0 0 0 0 0 
0 0 0 0 0 0 0 0 0 0 0 0 0 0 0 0 0 
0 0 0 0 0 0 0 0 2.00586 0 0 0 0 0 0 0 0 
