1 0 0 0 0 0 0 0 0 0 0 0 0 0 0 0 0 
0 0 0 0 0 0 0 0 0 0 0 0 0 0 0 0 0 
0 16 0 0 0 0 0 0 0 0 0 0 0 0 0 0 0 
0 0 32 0 0 0 0 0 0 0 0 0 0 0 0 0 0 
0 0 88 95.9383 23.9638 0 0 0 7.98188 0 0 0 0 0 0 0 0 
0 0 0 255.992 255.744 191.723 95.9477 63.8329 0 0 0 0 0 0 0 0 0 
0 0 0 208.07 735.613 687.443 704.229 623.799 767.868 0 0 0 0 0 0 0 0 
0 0 0 0 576.041 1663.16 1821.93 1918.55 1597.64 0 0 0 0 0 0 0 0 
0 0 0 0 228.638 1249.17 2924.99 3675.6 4348.32 0 0 0 0 0 0 0 0 
0 0 0 0 0 448.436 1571.64 3138.65 3263.69 0 0 0 0 0 0 0 0 
0 0 0 0 0 128.067 769.225 1394.49 2118.86 0 0 0 0 0 0 0 0 
0 0 0 0 0 0 64.0371 513.033 579.22 0 0 0 0 0 0 0 0 
0 0 0 0 0 0 56.0003 96.0575 120.436 0 0 0 0 0 0 0 0 
0 0 0 0 0 0 0 0 63.9868 0 0 0 0 0 0 0 0 
0 0 0 0 0 0 0 15.9784 0 0 0 0 0 0 0 0 0 
0 0 0 0 0 0 0 0 0 0 0 0 0 0 0 0 0 
0 0 0 0 0 0 0 0 1.99684 0 0 0 0 0 0 0 0 
