1 0 0 0 0 0 0 0 0 0 0 0 0 0 0 0 0 
0 0 0 0 0 0 0 0 0 0 0 0 0 0 0 0 0 
0 16 0 0 0 0 0 0 0 0 0 0 0 0 0 0 0 
0 0 32 0 0 0 0 0 0 0 0 0 0 0 0 0 0 
0 0 88 95.5825 23.9629 0 0 0 8.03136 0 0 0 0 0 0 0 0 
0 0 0 256.42 256.067 192.357 95.9377 64.2115 0 0 0 0 0 0 0 0 0 
0 0 0 207.997 736.486 688.068 705.244 624.253 770.913 0 0 0 0 0 0 0 0 
0 0 0 0 576.394 1665.99 1826.76 1925.65 1597.94 0 0 0 0 0 0 0 0 
0 0 0 0 227.091 1247.27 2930 3682.06 4361.53 0 0 0 0 0 0 0 0 
0 0 0 0 0 446.572 1564.89 3134.09 3261.34 0 0 0 0 0 0 0 0 
0 0 0 0 0 127.736 765.348 1387.23 2109.43 0 0 0 0 0 0 0 0 
0 0 0 0 0 0 64.0659 510.727 575.15 0 0 0 0 0 0 0 0 
0 0 0 0 0 0 55.7558 95.8599 119.58 0 0 0 0 0 0 0 0 
0 0 0 0 0 0 0 0 64.1062 0 0 0 0 0 0 0 0 
0 0 0 0 0 0 0 15.9144 0 0 0 0 0 0 0 0 0 
0 0 0 0 0 0 0 0 0 0 0 0 0 0 0 0 0 
0 0 0 0 0 0 0 0 1.99258 0 0 0 0 0 0 0 0 
