1 0 0 0 0 0 0 0 0 0 0 0 0 0 0 0 0 
0 0 0 0 0 0 0 0 0 0 0 0 0 0 0 0 0 
0 16 0 0 0 0 0 0 0 0 0 0 0 0 0 0 0 
0 0 32 0 0 0 0 0 0 0 0 0 0 0 0 0 0 
0 0 88 96.2871 24.0705 0 0 0 7.99133 0 0 0 0 0 0 0 0 
0 0 0 255.812 256.701 192.498 96.3545 63.8896 0 0 0 0 0 0 0 0 0 
0 0 0 207.901 734.557 688.154 703.154 624.475 768.702 0 0 0 0 0 0 0 0 
0 0 0 0 576.381 1662.32 1825.91 1919.06 1599.62 0 0 0 0 0 0 0 0 
0 0 0 0 228.29 1247.62 2924.19 3680.85 4352.24 0 0 0 0 0 0 0 0 
0 0 0 0 0 449.13 1567.44 3133.54 3266.77 0 0 0 0 0 0 0 0 
0 0 0 0 0 128.282 770.155 1392.61 2111.17 0 0 0 0 0 0 0 0 
0 0 0 0 0 0 64.6428 512.985 577.164 0 0 0 0 0 0 0 0 
0 0 0 0 0 0 56.1461 96.5532 120.199 0 0 0 0 0 0 0 0 
0 0 0 0 0 0 0 0 64.1379 0 0 0 0 0 0 0 0 
0 0 0 0 0 0 0 16.0439 0 0 0 0 0 0 0 0 0 
0 0 0 0 0 0 0 0 0 0 0 0 0 0 0 0 0 
0 0 0 0 0 0 0 0 2.00467 0 0 0 0 0 0 0 0 
