1 0 0 0 0 0 0 0 0 0 0 0 0 0 0 0 0 
0 0 0 0 0 0 0 0 0 0 0 0 0 0 0 0 0 
0 16 0 0 0 0 0 0 0 0 0 0 0 0 0 0 0 
0 0 32 0 0 0 0 0 0 0 0 0 0 0 0 0 0 
0 0 88 96.0315 23.9774 0 0 0 8.03546 0 0 0 0 0 0 0 0 
0 0 0 256.117 255.821 191.899 96.1115 64.1365 0 0 0 0 0 0 0 0 0 
0 0 0 207.851 736.636 688.244 705.116 625.051 769.133 0 0 0 0 0 0 0 0 
0 0 0 0 575.777 1667.14 1825.36 1917.74 1596.67 0 0 0 0 0 0 0 0 
0 0 0 0 227.79 1247.46 2927.05 3684.53 4358.29 0 0 0 0 0 0 0 0 
0 0 0 0 0 446.121 1567.94 3133.16 3265.35 0 0 0 0 0 0 0 0 
0 0 0 0 0 127.135 766.961 1392.35 2110.82 0 0 0 0 0 0 0 0 
0 0 0 0 0 0 63.6203 511.261 575.641 0 0 0 0 0 0 0 0 
0 0 0 0 0 0 55.8319 95.8264 120.137 0 0 0 0 0 0 0 0 
0 0 0 0 0 0 0 0 63.9332 0 0 0 0 0 0 0 0 
0 0 0 0 0 0 0 15.9408 0 0 0 0 0 0 0 0 0 
0 0 0 0 0 0 0 0 0 0 0 0 0 0 0 0 0 
0 0 0 0 0 0 0 0 1.99357 0 0 0 0 0 0 0 0 
