1 0 0 0 0 0 0 0 0 0 0 0 0 0 0 0 0 
0 0 0 0 0 0 0 0 0 0 0 0 0 0 0 0 0 
0 16 0 0 0 0 0 0 0 0 0 0 0 0 0 0 0 
0 0 32 0 0 0 0 0 0 0 0 0 0 0 0 0 0 
0 0 88 95.9931 24.0062 0 0 0 8.05289 0 0 0 0 0 0 0 0 
0 0 0 256.003 256.473 192.109 96.0709 64.3858 0 0 0 0 0 0 0 0 0 
0 0 0 208.004 736.098 689.104 704.548 624.183 767.89 0 0 0 0 0 0 0 0 
0 0 0 0 575.56 1665.25 1823.94 1918.22 1597.71 0 0 0 0 0 0 0 0 
0 0 0 0 227.863 1246.47 2928.96 3683.81 4353.77 0 0 0 0 0 0 0 0 
0 0 0 0 0 446.909 1568.51 3136.09 3265.7 0 0 0 0 0 0 0 0 
0 0 0 0 0 128.159 766.106 1388.51 2112.53 0 0 0 0 0 0 0 0 
0 0 0 0 0 0 63.6659 512.744 578.21 0 0 0 0 0 0 0 0 
0 0 0 0 0 0 56.2034 96.0012 120.149 0 0 0 0 0 0 0 0 
0 0 0 0 0 0 0 0 63.9769 0 0 0 0 0 0 0 0 
0 0 0 0 0 0 0 16.0634 0 0 0 0 0 0 0 0 0 
0 0 0 0 0 0 0 0 0 0 0 0 0 0 0 0 0 
0 0 0 0 0 0 0 0 2.00817 0 0 0 0 0 0 0 0 
