1 0 0 0 0 0 0 0 0 0 0 0 0 0 0 0 1 
0 0 0 0 0 0 0 0 0 0 0 0 0 0 0 0 0 
0 16 0 0 0 0 0 0 0 0 0 0 0 0 0 16 0 
0 0 31.9904 0 0 0 0 0 0 0 0 0 0 0 31.9393 0 0 
0 0 88.0096 96.4655 23.9186 0 0 0 8.00905 0 0 0 23.8519 95.405 88.0607 0 0 
0 0 0 256.009 257.633 192.427 96.473 64.1878 0 63.4808 95.8802 191.821 256.62 255.906 0 0 0 
0 0 0 207.525 736.44 687.405 703.122 623.772 767.648 625.842 707.125 689.321 732.707 208.689 0 0 0 
0 0 0 0 574.346 1663.99 1814.85 1926.31 1612.91 1926.85 1824.54 1659.69 577.694 0 0 0 0 
0 0 0 0 227.662 1246.44 2921.26 3661.75 4338.35 3681.65 2921.35 1243.9 229.126 0 0 0 0 
0 0 0 0 0 450.041 1578.21 3142.31 3263.49 3118.67 1562.54 454.1 0 0 0 0 0 
0 0 0 0 0 127.702 772.983 1391.46 2108.58 1396.25 775.44 129.168 0 0 0 0 0 
0 0 0 0 0 0 65.1068 517.741 583.479 514.639 64.3925 0 0 0 0 0 0 
0 0 0 0 0 0 55.9913 96.4264 120.687 96.409 56.7309 0 0 0 0 0 0 
0 0 0 0 0 0 0 0 64.8313 0 0 0 0 0 0 0 0 
0 0 0 0 0 0 0 16.0377 0 16.2097 0 0 0 0 0 0 0 
0 0 0 0 0 0 0 0 0 0 0 0 0 0 0 0 0 
0 0 0 0 0 0 0 0 2.02485 0 0 0 0 0 0 0 0 
