1 0 0 0 0 0 0 0 0 0 0 0 0 0 0 0 1 
0 0 0 0 0 0 0 0 0 0 0 0 0 0 0 0 0 
0 16 0 0 0 0 0 0 0 0 0 0 0 0 0 16 0 
0 0 31.8831 0 0 0 0 0 0 0 0 0 0 0 32.0033 0 0 
0 0 88.1169 96.0696 24.1272 0 0 0 7.93011 0 0 0 23.3187 95.8243 87.9967 0 0 
0 0 0 256.707 257.9 193.657 97.4027 64.6696 0 64.1064 95.7402 190.593 256.3 255.603 0 0 0 
0 0 0 207.223 733.58 691.272 707.638 626.3 773.124 628.701 707.44 688.514 736.813 208.573 0 0 0 
0 0 0 0 576.523 1658.28 1812.21 1913.49 1592.87 1920.38 1833.03 1660.33 574.672 0 0 0 0 
0 0 0 0 227.87 1245.22 2932.94 3684.29 4351.53 3675.46 2919.85 1252.48 228.896 0 0 0 0 
0 0 0 0 0 451.112 1574.35 3129.16 3272.75 3135.55 1568.52 447.246 0 0 0 0 0 
0 0 0 0 0 128.465 763.471 1395.42 2107.03 1389.8 763.351 128.842 0 0 0 0 0 
0 0 0 0 0 0 64.097 514.591 578.849 513.428 64.0419 0 0 0 0 0 0 
0 0 0 0 0 0 55.891 96.1812 119.646 96.3791 56.0317 0 0 0 0 0 0 
0 0 0 0 0 0 0 0 64.2825 0 0 0 0 0 0 0 0 
0 0 0 0 0 0 0 15.9085 0 16.2029 0 0 0 0 0 0 0 
0 0 0 0 0 0 0 0 0 0 0 0 0 0 0 0 0 
0 0 0 0 0 0 0 0 1.98438 0 0 0 0 0 0 0 0 
