1 0 0 0 0 0 0 0 0 0 0 0 0 0 0 0 1 
0 0 0 0 0 0 0 0 0 0 0 0 0 0 0 0 0 
0 16 0 0 0 0 0 0 0 0 0 0 0 0 0 16 0 
0 0 32.1985 0 0 0 0 0 0 0 0 0 0 0 32.0305 0 0 
0 0 87.8015 96.0353 23.9561 0 0 0 8.01147 0 0 0 23.8517 94.8143 87.9695 0 0 
0 0 0 256.945 256.102 191.513 95.3396 63.2738 0 63.5901 95.9412 191.048 253.47 257.021 0 0 0 
0 0 0 207.02 735.603 686.641 700.557 616.543 754.719 616.908 694.694 678.265 740.263 208.164 0 0 0 
0 0 0 0 577.302 1671.11 1816.69 1913.13 1599.86 1914.03 1823.72 1675.29 574.551 0 0 0 0 
0 0 0 0 227.036 1243.74 2940.74 3685.41 4347.82 3667.23 2927.27 1251.07 227.865 0 0 0 0 
0 0 0 0 0 446.908 1563.82 3148.12 3271.16 3152.72 1575.53 444.051 0 0 0 0 0 
0 0 0 0 0 128.08 769.987 1386.01 2121.42 1400.57 771.107 128.275 0 0 0 0 0 
0 0 0 0 0 0 65.2764 515.81 580.007 513.201 63.5091 0 0 0 0 0 0 
0 0 0 0 0 0 55.5975 95.6309 120.951 95.5679 56.2179 0 0 0 0 0 0 
0 0 0 0 0 0 0 0 64.0553 0 0 0 0 0 0 0 0 
0 0 0 0 0 0 0 16.061 0 16.178 0 0 0 0 0 0 0 
0 0 0 0 0 0 0 0 0 0 0 0 0 0 0 0 0 
0 0 0 0 0 0 0 0 2.00345 0 0 0 0 0 0 0 0 
