1 0 0 0 0 0 0 0 0 0 0 0 0 0 0 0 1 
0 0 0 0 0 0 0 0 0 0 0 0 0 0 0 0 0 
0 16 0 0 0 0 0 0 0 0 0 0 0 0 0 16 0 
0 0 32.3883 0 0 0 0 0 0 0 0 0 0 0 32.2798 0 0 
0 0 87.6117 96.1887 24.0316 0 0 0 7.89714 0 0 0 23.4736 95.6091 87.7202 0 0 
0 0 0 256.426 257.027 192.545 95.8752 63.8292 0 63.7967 94.7718 189.865 253.681 256.125 0 0 0 
0 0 0 207.385 733.666 683.048 698.446 619.521 767.634 624.481 698.332 685.097 733.457 208.266 0 0 0 
0 0 0 0 578.45 1668.37 1817.94 1923.37 1600.67 1912.18 1825.71 1657.14 583.622 0 0 0 0 
0 0 0 0 226.825 1248.83 2940.79 3677.03 4369.7 3690.84 2926.88 1258.16 225.766 0 0 0 0 
0 0 0 0 0 447.776 1575.44 3152.96 3260.94 3141.56 1574.68 451.173 0 0 0 0 0 
0 0 0 0 0 127.437 760.716 1385.75 2111.5 1392.19 768.479 126.566 0 0 0 0 0 
0 0 0 0 0 0 63.3136 507.037 569.457 505.357 62.9825 0 0 0 0 0 0 
0 0 0 0 0 0 55.479 94.6694 117.367 93.6045 56.1633 0 0 0 0 0 0 
0 0 0 0 0 0 0 0 62.8336 0 0 0 0 0 0 0 0 
0 0 0 0 0 0 0 15.8223 0 15.9916 0 0 0 0 0 0 0 
0 0 0 0 0 0 0 0 0 0 0 0 0 0 0 0 0 
0 0 0 0 0 0 0 0 2.00774 0 0 0 0 0 0 0 0 
