1 0 0 0 0 0 0 0 0 0 0 0 0 0 0 0 1 
0 0 0 0 0 0 0 0 0 0 0 0 0 0 0 0 0 
0 16 0 0 0 0 0 0 0 0 0 0 0 0 0 16 0 
0 0 31.7483 0 0 0 0 0 0 0 0 0 0 0 32.1629 0 0 
0 0 88.2517 95.9541 24.2637 0 0 0 8.11328 0 0 0 24.0826 96.8835 87.8371 0 0 
0 0 0 255.977 256.264 193.309 96.8448 64.1925 0 65.1362 95.9153 193.478 255.931 255.695 0 0 0 
0 0 0 208.069 733.981 690.538 710.706 625.572 777.508 623.508 701.719 688.843 732.504 207.422 0 0 0 
0 0 0 0 577.799 1664.52 1833.84 1926.87 1603.01 1934.8 1820.34 1660 580.981 0 0 0 0 
0 0 0 0 227.693 1246.34 2914.19 3673.1 4334.61 3662.27 2929.12 1246.71 226.501 0 0 0 0 
0 0 0 0 0 446.45 1563.12 3128.24 3257.29 3131.93 1572.04 451.885 0 0 0 0 0 
0 0 0 0 0 126.837 770.206 1400.19 2131.07 1399.64 769.383 127.085 0 0 0 0 0 
0 0 0 0 0 0 64.0193 510.639 574.367 511.875 63.8388 0 0 0 0 0 0 
0 0 0 0 0 0 55.0855 95.4294 119.022 94.9333 55.6472 0 0 0 0 0 0 
0 0 0 0 0 0 0 0 63.0301 0 0 0 0 0 0 0 0 
0 0 0 0 0 0 0 15.7731 0 15.9013 0 0 0 0 0 0 0 
0 0 0 0 0 0 0 0 0 0 0 0 0 0 0 0 0 
0 0 0 0 0 0 0 0 1.98749 0 0 0 0 0 0 0 0 
