1 0 0 0 0 0 0 0 0 0 0 0 0 0 0 0 1 
0 0 0 0 0 0 0 0 0 0 0 0 0 0 0 0 0 
0 16 0 0 0 0 0 0 0 0 0 0 0 0 0 16 0 
0 0 32.0148 0 0 0 0 0 0 0 0 0 0 0 31.7515 0 0 
0 0 87.9852 95.7564 23.7602 0 0 0 7.96969 0 0 0 24.1563 95.8257 88.2485 0 0 
0 0 0 255.029 256.47 193.313 97.1103 64.5116 0 65.0011 95.7525 192.839 256.409 255.213 0 0 0 
0 0 0 209.215 737.953 695.826 714.091 632.472 771.313 629.981 706.83 687.137 738.003 208.961 0 0 0 
0 0 0 0 574.455 1670.17 1831.69 1927.75 1604.44 1930.23 1830.95 1663.62 573.592 0 0 0 0 
0 0 0 0 227.362 1235.57 2926.9 3664.98 4348.1 3681.65 2915.82 1247.15 227.839 0 0 0 0 
0 0 0 0 0 446.049 1551.43 3139.32 3257.72 3114.58 1569.32 448.509 0 0 0 0 0 
0 0 0 0 0 127.072 767.453 1383.11 2116.22 1391.23 768.135 128.745 0 0 0 0 0 
0 0 0 0 0 0 64.0148 516.421 578.613 514.757 64.7864 0 0 0 0 0 0 
0 0 0 0 0 0 55.3005 95.4627 119.107 96.5385 56.4138 0 0 0 0 0 0 
0 0 0 0 0 0 0 0 64.4763 0 0 0 0 0 0 0 0 
0 0 0 0 0 0 0 15.9719 0 16.0314 0 0 0 0 0 0 0 
0 0 0 0 0 0 0 0 0 0 0 0 0 0 0 0 0 
0 0 0 0 0 0 0 0 2.02789 0 0 0 0 0 0 0 0 
