1 0 0 0 0 0 0 0 0 0 0 0 0 0 0 0 1 
0 0 0 0 0 0 0 0 0 0 0 0 0 0 0 0 0 
0 16 0 0 0 0 0 0 0 0 0 0 0 0 0 16 0 
0 0 32.168 0 0 0 0 0 0 0 0 0 0 0 32.1328 0 0 
0 0 87.832 96.3966 24.7085 0 0 0 8.04137 0 0 0 23.3902 96.1749 87.8672 0 0 
0 0 0 256.299 256.121 192.355 95.2098 64.148 0 63.6357 95.5861 189.981 255.358 256.789 0 0 0 
0 0 0 207.304 739.043 690.26 706.264 624.537 773.408 624.665 702.926 692.584 737.101 207.036 0 0 0 
0 0 0 0 572.441 1665.86 1830.4 1933.24 1594.16 1925.81 1830.25 1664.06 576.917 0 0 0 0 
0 0 0 0 227.687 1250.57 2923.05 3671.17 4357.65 3688.44 2929.55 1249.12 227.234 0 0 0 0 
0 0 0 0 0 440.466 1573.14 3134.9 3281.71 3138.13 1566.23 445.456 0 0 0 0 0 
0 0 0 0 0 128.496 760.444 1387.92 2095.78 1379.11 765.024 126.795 0 0 0 0 0 
0 0 0 0 0 0 63.5774 511.759 572.333 508.982 63.1275 0 0 0 0 0 0 
0 0 0 0 0 0 55.9103 96.1185 120.468 95.3435 55.3008 0 0 0 0 0 0 
0 0 0 0 0 0 0 0 64.4161 0 0 0 0 0 0 0 0 
0 0 0 0 0 0 0 16.1905 0 15.8883 0 0 0 0 0 0 0 
0 0 0 0 0 0 0 0 0 0 0 0 0 0 0 0 0 
0 0 0 0 0 0 0 0 2.0315 0 0 0 0 0 0 0 0 
