1 0 0 0 0 0 0 0 0 0 0 0 0 0 0 0 1 
0 0 0 0 0 0 0 0 0 0 0 0 0 0 0 0 0 
0 16 0 0 0 0 0 0 0 0 0 0 0 0 0 16 0 
0 0 32.1177 0 0 0 0 0 0 0 0 0 0 0 32.0764 0 0 
0 0 87.8823 95.2054 24.105 0 0 0 8.12164 0 0 0 23.8669 95.3243 87.9236 0 0 
0 0 0 255.753 255.135 189.82 95.7899 64.4394 0 64.4137 96.7794 192.627 255.698 256.455 0 0 0 
0 0 0 209.042 739.082 689.267 697.472 624.471 767.623 622.956 704.709 689.14 739.267 208.22 0 0 0 
0 0 0 0 570.047 1665.34 1826.13 1907.14 1595.87 1906.73 1821.39 1662.16 574.759 0 0 0 0 
0 0 0 0 231.631 1246.39 2934.09 3685.99 4342.25 3680.93 2922.14 1251.65 226.408 0 0 0 0 
0 0 0 0 0 447.489 1562.29 3139.31 3269.96 3147.74 1578.81 445.9 0 0 0 0 0 
0 0 0 0 0 129.697 772.35 1393.87 2129.53 1392.23 764.931 126.523 0 0 0 0 0 
0 0 0 0 0 0 64.0087 513.174 571.416 513.025 63.6819 0 0 0 0 0 0 
0 0 0 0 0 0 55.8661 95.6416 118.956 95.9732 55.5571 0 0 0 0 0 0 
0 0 0 0 0 0 0 0 64.2865 0 0 0 0 0 0 0 0 
0 0 0 0 0 0 0 15.9624 0 16.0055 0 0 0 0 0 0 0 
0 0 0 0 0 0 0 0 0 0 0 0 0 0 0 0 0 
0 0 0 0 0 0 0 0 1.99443 0 0 0 0 0 0 0 0 
