1 0 0 0 0 0 0 0 0 0 0 0 0 0 0 0 1 
0 0 0 0 0 0 0 0 0 0 0 0 0 0 0 0 0 
0 16 0 0 0 0 0 0 0 0 0 0 0 0 0 16 0 
0 0 31.8699 0 0 0 0 0 0 0 0 0 0 0 31.422 0 0 
0 0 88.1301 95.508 23.992 0 0 0 8.05579 0 0 0 24.2414 95.1887 88.578 0 0 
0 0 0 256.386 254.929 192.611 95.6998 64.2413 0 62.9905 95.4068 192.266 258.157 256.646 0 0 0 
0 0 0 208.106 737.02 692.15 703.655 620.351 768.145 625.764 706.819 692.301 734.738 208.165 0 0 0 
0 0 0 0 578.37 1662.16 1830.52 1929.36 1604.4 1914.18 1822.92 1668.18 574.498 0 0 0 0 
0 0 0 0 225.689 1243.8 2922.45 3681.84 4351.77 3671.04 2934.02 1242.45 228.366 0 0 0 0 
0 0 0 0 0 449.217 1564.15 3127.36 3264.55 3149.22 1562.49 444.731 0 0 0 0 0 
0 0 0 0 0 128.072 771.718 1394.91 2112.16 1393.22 766.098 128.063 0 0 0 0 0 
0 0 0 0 0 0 64.0003 510.66 574.559 510.936 63.4519 0 0 0 0 0 0 
0 0 0 0 0 0 55.7991 95.4683 120.499 96.4249 56.7973 0 0 0 0 0 0 
0 0 0 0 0 0 0 0 63.8354 0 0 0 0 0 0 0 0 
0 0 0 0 0 0 0 15.8012 0 16.2235 0 0 0 0 0 0 0 
0 0 0 0 0 0 0 0 0 0 0 0 0 0 0 0 0 
0 0 0 0 0 0 0 0 2.02279 0 0 0 0 0 0 0 0 
