1 0 0 0 0 0 0 0 0 0 0 0 0 0 0 0 1 
0 0 0 0 0 0 0 0 0 0 0 0 0 0 0 0 0 
0 16 0 0 0 0 0 0 0 0 0 0 0 0 0 16 0 
0 0 32.1331 0 0 0 0 0 0 0 0 0 0 0 32.0585 0 0 
0 0 87.8669 95.7247 24.2209 0 0 0 7.89539 0 0 0 24.1193 96.307 87.9415 0 0 
0 0 0 256.415 254.472 191.514 96.3254 64.0876 0 63.6283 96.3535 193.826 256.833 256.319 0 0 0 
0 0 0 207.86 738.523 690.784 706.333 626.477 771.056 628.455 707.64 694.285 734.615 207.374 0 0 0 
0 0 0 0 575.101 1662.07 1822.64 1915.4 1590.84 1923.06 1819.95 1663.29 576.254 0 0 0 0 
0 0 0 0 227.683 1248.31 2933.53 3691.86 4368.13 3676.55 2927.41 1239.85 228.178 0 0 0 0 
0 0 0 0 0 448.632 1564.2 3133.29 3258.73 3135.33 1561.53 448.271 0 0 0 0 0 
0 0 0 0 0 126.689 765.572 1386.91 2115 1388.49 774.149 128.471 0 0 0 0 0 
0 0 0 0 0 0 64.057 510.559 572.983 513.298 65.1424 0 0 0 0 0 0 
0 0 0 0 0 0 55.3471 95.5733 120.206 95.6662 55.8264 0 0 0 0 0 0 
0 0 0 0 0 0 0 0 63.2072 0 0 0 0 0 0 0 0 
0 0 0 0 0 0 0 15.8459 0 15.5239 0 0 0 0 0 0 0 
0 0 0 0 0 0 0 0 0 0 0 0 0 0 0 0 0 
0 0 0 0 0 0 0 0 1.95026 0 0 0 0 0 0 0 0 
