1 0 0 0 0 0 0 0 0 0 0 0 0 0 0 0 1 
0 0 0 0 0 0 0 0 0 0 0 0 0 0 0 0 0 
0 16 0 0 0 0 0 0 0 0 0 0 0 0 0 16 0 
0 0 29.4102 0 0 0 0 0 0 0 0 0 0 0 29.4102 0 0 
0 0 90.5898 119.584 16.2512 0 0 0 0.998109 0 0 0 9.64072 182.838 90.5898 0 0 
0 0 0 286.867 105.971 206.901 176.08 31.4936 0 13.5872 51.959 83.8109 281.743 234.768 0 0 0 
0 0 0 153.549 609.822 818.309 1301.07 716.792 402.666 397.076 632.991 795.176 983.38 142.394 0 0 0 
0 0 0 0 1005.43 1963.02 3121.09 2207.87 2625.71 2285.01 1949.75 2161.51 464.516 0 0 0 0 
0 0 0 0 82.5304 1190.63 2145.09 4674.07 7137.43 4268.97 3642.61 901.052 80.7207 0 0 0 0 
0 0 0 0 0 161.135 894.208 2834.97 1592.57 3324.68 717.272 331.479 0 0 0 0 0 
0 0 0 0 0 28.001 328.961 716.792 852.444 577.742 920.996 94.9702 0 0 0 0 0 
0 0 0 0 0 0 6.82736 232.708 130.727 509.856 40.4657 0 0 0 0 0 0 
0 0 0 0 0 0 34.6722 19.1019 89.8469 53.7384 51.959 0 0 0 0 0 0 
0 0 0 0 0 0 0 0 37.4538 0 0 0 0 0 0 0 0 
0 0 0 0 0 0 0 6.20146 0 9.33833 0 0 0 0 0 0 0 
0 0 0 0 0 0 0 0 0 0 0 0 0 0 0 0 0 
0 0 0 0 0 0 0 0 0.153065 0 0 0 0 0 0 0 0 
