1 0 0 0 0 0 0 0 0 0 0 0 0 0 0 0 1 
0 0 0 0 0 0 0 0 0 0 0 0 0 0 0 0 0 
0 16 0 0 0 0 0 0 0 0 0 0 0 0 0 16 0 
0 0 19.742 0 0 0 0 0 0 0 0 0 0 0 60 0 0 
0 0 100.258 55.813 39.4446 0 0 0 11.6542 0 0 0 10.2136 88.0699 60 0 0 
0 0 0 220.745 480.534 88.6995 41.6015 74.2127 0 224.646 40.9305 305.627 338.228 307.394 0 0 0 
0 0 0 283.442 424.07 953.609 650.758 332.598 721.018 610.651 931.575 647.012 716.028 164.536 0 0 0 
0 0 0 0 699.173 742.672 946.847 1689.07 1188.76 1292.75 1740.41 941.396 492.118 0 0 0 0 
0 0 0 0 176.779 2018.79 3304.82 3575.77 4149.17 3514.05 2869.45 1758.76 263.412 0 0 0 0 
0 0 0 0 0 510.43 2573.8 4051.88 3231.38 3101.14 1535.91 647.012 0 0 0 0 0 
0 0 0 0 0 53.7989 447.259 1315.45 3231.38 1880.94 822.112 68.1945 0 0 0 0 0 
0 0 0 0 0 0 32.3993 376.883 300.565 784.091 15.0575 0 0 0 0 0 0 
0 0 0 0 0 0 10.5185 21.2623 27.9569 30.4025 52.5558 0 0 0 0 0 0 
0 0 0 0 0 0 0 0 8.00979 0 0 0 0 0 0 0 0 
0 0 0 0 0 0 0 2.87754 0 1.33579 0 0 0 0 0 0 0 
0 0 0 0 0 0 0 0 0 0 0 0 0 0 0 0 0 
0 0 0 0 0 0 0 0 0.100828 0 0 0 0 0 0 0 0 
