1 0 0 0 0 0 0 0 0 0 0 0 0 0 0 0 1 
0 0 0 0 0 0 0 0 0 0 0 0 0 0 0 0 0 
0 16 0 0 0 0 0 0 0 0 0 0 0 0 0 16 0 
0 0 31.3861 0 0 0 0 0 0 0 0 0 0 0 31.9385 0 0 
0 0 88.6139 96.6521 24.9365 0 0 0 8.05856 0 0 0 24.4629 95.8281 88.0615 0 0 
0 0 0 254.446 258.254 194.186 94.6412 65.2045 0 62.3196 96.0444 190.497 253.249 257.85 0 0 0 
0 0 0 208.902 731.651 690.92 699.477 615.36 762.305 630.795 711.892 692.147 743.244 206.322 0 0 0 
0 0 0 0 576.266 1652.51 1825.67 1906.76 1611.6 1910.19 1834.29 1649.92 577.113 0 0 0 0 
0 0 0 0 228.892 1251.13 2912.3 3681.13 4347.81 3680.82 2897.28 1263.78 221.931 0 0 0 0 
0 0 0 0 0 454.038 1593.94 3129.87 3256.72 3139.79 1578.77 448.159 0 0 0 0 0 
0 0 0 0 0 125.218 764.623 1402.17 2109.4 1381.64 768.921 123.493 0 0 0 0 0 
0 0 0 0 0 0 62.9862 526.975 586.109 521.172 65.3536 0 0 0 0 0 0 
0 0 0 0 0 0 54.3529 96.2452 121.366 97.0169 55.4474 0 0 0 0 0 0 
0 0 0 0 0 0 0 0 64.5539 0 0 0 0 0 0 0 0 
0 0 0 0 0 0 0 16.2894 0 16.2592 0 0 0 0 0 0 0 
0 0 0 0 0 0 0 0 0 0 0 0 0 0 0 0 0 
0 0 0 0 0 0 0 0 2.07188 0 0 0 0 0 0 0 0 
