1 0 0 0 0 0 0 0 0 0 0 0 0 0 0 0 1 
0 0 0 0 0 0 0 0 0 0 0 0 0 0 0 0 0 
0 16 0 0 0 0 0 0 0 0 0 0 0 0 0 16 0 
0 0 32.4383 0 0 0 0 0 0 0 0 0 0 0 31.5428 0 0 
0 0 87.5617 97.9273 24.0894 0 0 0 8.21509 0 0 0 24.5255 95.2254 88.4572 0 0 
0 0 0 257.643 262.744 196.378 97.2693 64.8932 0 64.8379 95.024 193.004 255.101 258.255 0 0 0 
0 0 0 204.43 736.083 690.551 708.609 625.196 779.833 618.086 698.141 684.419 739.597 206.52 0 0 0 
0 0 0 0 571.642 1650.16 1814.89 1931.98 1588.59 1914.57 1823.66 1674.04 575.969 0 0 0 0 
0 0 0 0 225.441 1252.04 2890.67 3677.7 4312.68 3665.61 2940.08 1242.58 224.808 0 0 0 0 
0 0 0 0 0 449.379 1587.87 3124.81 3273.95 3147.52 1562.81 446.202 0 0 0 0 0 
0 0 0 0 0 129.492 787.271 1385.16 2135.86 1412.2 770.516 127.763 0 0 0 0 0 
0 0 0 0 0 0 65.0216 516.327 584.821 508.813 61.9859 0 0 0 0 0 0 
0 0 0 0 0 0 56.3965 98.0659 119.825 92.4368 55.7799 0 0 0 0 0 0 
0 0 0 0 0 0 0 0 64.1775 0 0 0 0 0 0 0 0 
0 0 0 0 0 0 0 15.8801 0 15.9295 0 0 0 0 0 0 0 
0 0 0 0 0 0 0 0 0 0 0 0 0 0 0 0 0 
0 0 0 0 0 0 0 0 2.05576 0 0 0 0 0 0 0 0 
