1 0 0 0 0 0 0 0 0 0 0 0 0 0 0 0 1 
0 0 0 0 0 0 0 0 0 0 0 0 0 0 0 0 0 
0 16 0 0 0 0 0 0 0 0 0 0 0 0 0 16 0 
0 0 31.0698 0 0 0 0 0 0 0 0 0 0 0 32.5831 0 0 
0 0 88.9302 95.5868 23.9031 0 0 0 7.9771 0 0 0 24.1751 96.7077 87.4169 0 0 
0 0 0 257.642 260.192 191.733 95.7578 63.13 0 63.3177 95.171 192.442 253.397 256.585 0 0 0 
0 0 0 206.772 735.765 695.479 708.943 624.88 765.934 630.399 698.901 693.885 734.33 206.708 0 0 0 
0 0 0 0 573.908 1660.11 1812.36 1916.19 1608.68 1898.09 1803.53 1650.82 579.746 0 0 0 0 
0 0 0 0 226.232 1239.38 2919.59 3684.99 4379.84 3689.51 2953.23 1249.86 228.352 0 0 0 0 
0 0 0 0 0 451.011 1570.03 3135.33 3228.41 3129.98 1571.7 452.839 0 0 0 0 0 
0 0 0 0 0 130.284 778.724 1388.42 2114.18 1398.55 768.194 128.152 0 0 0 0 0 
0 0 0 0 0 0 65.7164 514.387 579.207 519.247 63.1626 0 0 0 0 0 0 
0 0 0 0 0 0 56.8798 97.1009 120.294 95.3979 54.1151 0 0 0 0 0 0 
0 0 0 0 0 0 0 0 63.5404 0 0 0 0 0 0 0 0 
0 0 0 0 0 0 0 15.5633 0 15.5107 0 0 0 0 0 0 0 
0 0 0 0 0 0 0 0 0 0 0 0 0 0 0 0 0 
0 0 0 0 0 0 0 0 1.93463 0 0 0 0 0 0 0 0 
