1 0 0 0 0 0 0 0 0 0 0 0 0 0 0 0 1 
0 0 0 0 0 0 0 0 0 0 0 0 0 0 0 0 0 
0 16 0 0 0 0 0 0 0 0 0 0 0 0 0 16 0 
0 0 31.1848 0 0 0 0 0 0 0 0 0 0 0 31.3817 0 0 
0 0 88.8152 94.8591 22.9592 0 0 0 7.81966 0 0 0 24.2154 97.3563 88.6183 0 0 
0 0 0 256.04 253.978 186.808 88.7893 59.8739 0 63.0214 100.471 196.475 261.637 254.328 0 0 0 
0 0 0 209.101 737.882 687.639 705.393 631.869 777.873 628.844 702.938 691.489 731.865 208.316 0 0 0 
0 0 0 0 572.556 1664.6 1838.52 1889.38 1597.98 1909.83 1819.77 1674.31 574.323 0 0 0 0 
0 0 0 0 232.625 1248.56 2934.07 3727.79 4367.57 3724.4 2963.85 1232.26 227.96 0 0 0 0 
0 0 0 0 0 453.911 1556.76 3162.16 3274.01 3123.2 1541.54 445.696 0 0 0 0 0 
0 0 0 0 0 126.481 764.901 1351.79 2094.87 1385.43 762.403 127.775 0 0 0 0 0 
0 0 0 0 0 0 64.4739 506.488 565.368 494.928 62.4827 0 0 0 0 0 0 
0 0 0 0 0 0 55.0884 95.1748 118.434 94.6592 54.5504 0 0 0 0 0 0 
0 0 0 0 0 0 0 0 64.1817 0 0 0 0 0 0 0 0 
0 0 0 0 0 0 0 15.4767 0 15.6971 0 0 0 0 0 0 0 
0 0 0 0 0 0 0 0 0 0 0 0 0 0 0 0 0 
0 0 0 0 0 0 0 0 1.8929 0 0 0 0 0 0 0 0 
