1 0 0 0 0 0 0 0 0 0 0 0 0 0 0 0 1 
0 0 0 0 0 0 0 0 0 0 0 0 0 0 0 0 0 
0 16 0 0 0 0 0 0 0 0 0 0 0 0 0 16 0 
0 0 32.3029 0 0 0 0 0 0 0 0 0 0 0 31.9185 0 0 
0 0 87.6971 97.5029 23.787 0 0 0 7.89268 0 0 0 23.9361 94.8146 88.0815 0 0 
0 0 0 257.432 255.161 192.344 96.8706 63.9698 0 63.3328 95.8169 189.402 254.115 256.356 0 0 0 
0 0 0 205.065 740.221 684.202 702.901 622.091 767.722 631.127 705.262 693.043 736.973 208.829 0 0 0 
0 0 0 0 576.002 1668.94 1829.74 1915.2 1591.81 1912.14 1839.72 1667.78 574.54 0 0 0 0 
0 0 0 0 224.829 1254.48 2918.19 3674.17 4338.07 3674.16 2913.99 1236.01 230.436 0 0 0 0 
0 0 0 0 0 441.657 1573.68 3145.13 3258.96 3122.5 1563.6 451.957 0 0 0 0 0 
0 0 0 0 0 126.381 770.078 1395.22 2146.98 1410.89 768.14 129.815 0 0 0 0 0 
0 0 0 0 0 0 61.5448 515.222 575.736 514.859 64.7488 0 0 0 0 0 0 
0 0 0 0 0 0 54.9906 93.4382 118.223 95.1873 56.7221 0 0 0 0 0 0 
0 0 0 0 0 0 0 0 62.6227 0 0 0 0 0 0 0 0 
0 0 0 0 0 0 0 15.5475 0 15.8022 0 0 0 0 0 0 0 
0 0 0 0 0 0 0 0 0 0 0 0 0 0 0 0 0 
0 0 0 0 0 0 0 0 1.97056 0 0 0 0 0 0 0 0 
