1 0 0 0 0 0 0 0 0 0 0 0 0 0 0 0 1 
0 0 0 0 0 0 0 0 0 0 0 0 0 0 0 0 0 
0 16 0 0 0 0 0 0 0 0 0 0 0 0 0 16 0 
0 0 31.8108 0 0 0 0 0 0 0 0 0 0 0 31.6039 0 0 
0 0 88.1892 95.9807 24.3545 0 0 0 7.40775 0 0 0 23.3978 94.732 88.3961 0 0 
0 0 0 255.91 255.147 194.746 96.1297 62.6303 0 61.5789 94.3326 189.763 253.087 256.9 0 0 0 
0 0 0 208.11 734.812 685.42 696.312 621.441 755.324 624.648 704.771 686.887 740.062 208.368 0 0 0 
0 0 0 0 579.953 1660.57 1826.52 1908.1 1598.8 1921.12 1816.88 1662.78 577.026 0 0 0 0 
0 0 0 0 225.733 1257.09 2928.5 3680.27 4361.18 3677.23 2923.5 1251.68 226.426 0 0 0 0 
0 0 0 0 0 445.215 1572.99 3159.82 3272.94 3134.61 1577.66 450.218 0 0 0 0 0 
0 0 0 0 0 124.961 768.401 1384.77 2116.38 1399.35 771.66 126.673 0 0 0 0 0 
0 0 0 0 0 0 64.4418 510.651 573.37 511.704 64.3705 0 0 0 0 0 0 
0 0 0 0 0 0 54.7096 96.5656 119.349 94.213 54.8253 0 0 0 0 0 0 
0 0 0 0 0 0 0 0 63.2761 0 0 0 0 0 0 0 0 
0 0 0 0 0 0 0 15.7567 0 15.544 0 0 0 0 0 0 0 
0 0 0 0 0 0 0 0 0 0 0 0 0 0 0 0 0 
0 0 0 0 0 0 0 0 1.9819 0 0 0 0 0 0 0 0 
