1 0 0 0 0 0 0 0 0 0 0 0 0 0 0 0 0 
0 0 0 0 0 0 0 0 0 0 0 0 0 0 0 0 0 
0 16 0 0 0 0 0 0 0 0 0 0 0 0 0 0 0 
0 0 32 0 0 0 0 0 0 0 0 0 0 0 0 0 0 
0 0 88 94.5653 23.6413 0 0 0 7.66744 0 0 0 0 0 0 0 0 
0 0 0 258.869 252.862 193.212 94.6217 61.3395 0 0 0 0 0 0 0 0 0 
0 0 0 206.565 744.33 686.762 698.061 618.672 751.986 0 0 0 0 0 0 0 0 
0 0 0 0 570.189 1663.31 1839.71 1935.7 1616.74 0 0 0 0 0 0 0 0 
0 0 0 0 228.978 1245.87 2924.08 3688.32 4360.46 0 0 0 0 0 0 0 0 
0 0 0 0 0 453.235 1557.72 3104.98 3257.67 0 0 0 0 0 0 0 0 
0 0 0 0 0 125.617 774.785 1405.44 2132.84 0 0 0 0 0 0 0 0 
0 0 0 0 0 0 63.6876 516.578 550.915 0 0 0 0 0 0 0 0 
0 0 0 0 0 0 55.3344 93.1497 125.23 0 0 0 0 0 0 0 0 
0 0 0 0 0 0 0 0 64.5116 0 0 0 0 0 0 0 0 
0 0 0 0 0 0 0 15.8098 0 0 0 0 0 0 0 0 0 
0 0 0 0 0 0 0 0 0 0 0 0 0 0 0 0 0 
0 0 0 0 0 0 0 0 1.97623 0 0 0 0 0 0 0 0 
