1 0 0 0 0 0 0 0 0 0 0 0 0 0 0 0 0 
0 0 0 0 0 0 0 0 0 0 0 0 0 0 0 0 0 
0 16 0 0 0 0 0 0 0 0 0 0 0 0 0 0 0 
0 0 32 0 0 0 0 0 0 0 0 0 0 0 0 0 0 
0 0 88 95.7973 23.9493 0 0 0 8.12773 0 0 0 0 0 0 0 0 
0 0 0 256.405 259.622 191.605 97.2143 65.0218 0 0 0 0 0 0 0 0 0 
0 0 0 207.797 728.966 692.305 708.489 622.063 759.505 0 0 0 0 0 0 0 0 
0 0 0 0 579.405 1659.88 1814.05 1913.75 1609.21 0 0 0 0 0 0 0 0 
0 0 0 0 228.058 1242.01 2927.56 3693.08 4369.63 0 0 0 0 0 0 0 0 
0 0 0 0 0 457.085 1569.78 3130.49 3252.6 0 0 0 0 0 0 0 0 
0 0 0 0 0 125.112 773.673 1388.79 2098.55 0 0 0 0 0 0 0 0 
0 0 0 0 0 0 63.3668 517.157 584.981 0 0 0 0 0 0 0 0 
0 0 0 0 0 0 53.8609 94.2689 122.662 0 0 0 0 0 0 0 0 
0 0 0 0 0 0 0 0 62.8082 0 0 0 0 0 0 0 0 
0 0 0 0 0 0 0 15.3888 0 0 0 0 0 0 0 0 0 
0 0 0 0 0 0 0 0 0 0 0 0 0 0 0 0 0 
0 0 0 0 0 0 0 0 1.9236 0 0 0 0 0 0 0 0 
