1 0 0 0 0 0 0 0 0 0 0 0 0 0 0 0 1 
0 0 0 0 0 0 0 0 0 0 0 0 0 0 0 0 0 
0 16 0 0 0 0 0 0 0 0 0 0 0 0 0 16 0 
0 0 35.6964 0 0 0 0 0 0 0 0 0 0 0 46.1895 0 0 
0 0 84.3036 95.5576 31.4551 0 0 0 11.5048 0 0 0 18.7094 115.298 73.8105 0 0 
0 0 0 255.725 255.268 215.65 151.343 118.288 0 57.5654 83.9166 169.693 235.163 229.297 0 0 0 
0 0 0 208.717 762.088 586.199 722.018 702.31 899.772 746.519 783.835 620.71 735.759 215.405 0 0 0 
0 0 0 0 523.775 1669.92 1627.09 1850.34 1707.47 2029.25 2033.11 1824.37 619.571 0 0 0 0 
0 0 0 0 247.414 1300.54 3087.68 3679.84 4292.57 3617.53 2651.68 1196.45 210.798 0 0 0 0 
0 0 0 0 0 478.441 1627.09 3003.4 3091.83 2773.66 1487.46 440.15 0 0 0 0 0 
0 0 0 0 0 117.247 657.405 1463.74 2158.44 1531.76 847.528 116.628 0 0 0 0 0 
0 0 0 0 0 0 86.2328 513.821 563.063 581.39 77.6102 0 0 0 0 0 0 
0 0 0 0 0 0 49.134 96.5441 72.7128 87.7767 42.8604 0 0 0 0 0 0 
0 0 0 0 0 0 0 0 70.4756 0 0 0 0 0 0 0 0 
0 0 0 0 0 0 0 11.7121 0 14.5548 0 0 0 0 0 0 0 
0 0 0 0 0 0 0 0 0 0 0 0 0 0 0 0 0 
0 0 0 0 0 0 0 0 2.16169 0 0 0 0 0 0 0 0 
