1 0 0 0 0 0 0 0 0 0 0 0 0 0 0 0 1 
0 0 0 0 0 0 0 0 0 0 0 0 0 0 0 0 0 
0 16 0 0 0 0 0 0 0 0 0 0 0 0 0 16 0 
0 0 31.5043 0 0 0 0 0 0 0 0 0 0 0 32.4503 0 0 
0 0 88.4957 93.9529 22.3054 0 0 0 7.80658 0 0 0 23.6504 96.5155 87.5497 0 0 
0 0 0 251.794 258.153 200.209 101.734 65.6694 0 64.8481 97.2545 195.568 260.928 262.154 0 0 0 
0 0 0 214.253 743.618 690.556 710.701 616.52 771.757 643.466 706.657 696.307 746.653 201.331 0 0 0 
0 0 0 0 562.486 1661.91 1860.13 1934.81 1602.78 1966.72 1868.29 1672.3 568.338 0 0 0 0 
0 0 0 0 233.437 1240.13 2936.4 3696.12 4382.42 3688.86 2935.06 1248.28 220.431 0 0 0 0 
0 0 0 0 0 446.588 1502.75 3147.56 3236.53 3098.73 1560.6 433.062 0 0 0 0 0 
0 0 0 0 0 128.602 775.361 1362.74 2122.22 1383.31 729.525 122.481 0 0 0 0 0 
0 0 0 0 0 0 66.1897 507.216 567.158 487.805 58.7606 0 0 0 0 0 0 
0 0 0 0 0 0 54.7418 94.0606 115.679 91.4089 51.8459 0 0 0 0 0 0 
0 0 0 0 0 0 0 0 61.8726 0 0 0 0 0 0 0 0 
0 0 0 0 0 0 0 15.2998 0 14.8508 0 0 0 0 0 0 0 
0 0 0 0 0 0 0 0 0 0 0 0 0 0 0 0 0 
0 0 0 0 0 0 0 0 1.77161 0 0 0 0 0 0 0 0 
