1 0 0 0 0 0 0 0 0 0 0 0 0 0 0 0 1 
0 0 0 0 0 0 0 0 0 0 0 0 0 0 0 0 0 
0 16 0 0 0 0 0 0 0 0 0 0 0 0 0 16 0 
0 0 31.6769 0 0 0 0 0 0 0 0 0 0 0 31.8051 0 0 
0 0 88.3231 89.0734 23.765 0 0 0 7.40782 0 0 0 25.9068 98.8421 88.1949 0 0 
0 0 0 261.613 259.646 181.745 84.0906 54.0476 0 66.4641 98.3125 193.439 263.806 254.917 0 0 0 
0 0 0 209.313 737.422 687.521 676.667 600.41 748.834 613.997 727.008 715.761 728.465 206.241 0 0 0 
0 0 0 0 577.76 1636.54 1796.03 1918.7 1594 1909.11 1832.18 1642.51 568.09 0 0 0 0 
0 0 0 0 221.407 1272.49 2955.47 3652.4 4330.76 3699.56 2914.35 1250.48 233.733 0 0 0 0 
0 0 0 0 0 456.509 1590.27 3153.91 3280.13 3148.02 1560.99 440.705 0 0 0 0 0 
0 0 0 0 0 133.19 782.359 1431.73 2147.84 1391.73 757.334 125.109 0 0 0 0 0 
0 0 0 0 0 0 64.3918 512.633 574.277 496.981 62.2679 0 0 0 0 0 0 
0 0 0 0 0 0 58.7302 101.376 121.082 99.3976 55.5518 0 0 0 0 0 0 
0 0 0 0 0 0 0 0 63.7331 0 0 0 0 0 0 0 0 
0 0 0 0 0 0 0 14.783 0 14.7358 0 0 0 0 0 0 0 
0 0 0 0 0 0 0 0 0 0 0 0 0 0 0 0 0 
0 0 0 0 0 0 0 0 1.93524 0 0 0 0 0 0 0 0 
