1 0 0 0 0 0 0 0 0 0 0 0 0 0 0 0 1 
0 0 0 0 0 0 0 0 0 0 0 0 0 0 0 0 0 
0 16 0 0 0 0 0 0 0 0 0 0 0 0 0 16 0 
0 0 32.0812 0 0 0 0 0 0 0 0 0 0 0 32.3372 0 0 
0 0 87.9188 96.1648 23.6253 0 0 0 7.98798 0 0 0 22.2178 96.26 87.6628 0 0 
0 0 0 256.663 258.106 192.256 92.6 61.0973 0 64.8337 97.9741 194.807 261.023 252.032 0 0 0 
0 0 0 207.172 747.885 687.853 705.217 613.679 754.022 621.891 710.148 674.924 731.903 211.708 0 0 0 
0 0 0 0 567.466 1649.69 1824.62 1928.52 1591.07 1898.61 1819.18 1656.93 577.835 0 0 0 0 
0 0 0 0 222.917 1265.98 2960.06 3635.3 4322.91 3656.77 2869.14 1243.14 227.02 0 0 0 0 
0 0 0 0 0 449.053 1526.77 3177.7 3317.79 3152.36 1583.69 467.798 0 0 0 0 0 
0 0 0 0 0 123.173 780.606 1394.21 2099.82 1399.38 808.906 130.394 0 0 0 0 0 
0 0 0 0 0 0 63.4763 513.62 582.437 535.825 62.7507 0 0 0 0 0 0 
0 0 0 0 0 0 54.6613 100.191 124.832 94.5115 56.2125 0 0 0 0 0 0 
0 0 0 0 0 0 0 0 67.2355 0 0 0 0 0 0 0 0 
0 0 0 0 0 0 0 15.6832 0 15.8272 0 0 0 0 0 0 0 
0 0 0 0 0 0 0 0 0 0 0 0 0 0 0 0 0 
0 0 0 0 0 0 0 0 1.89197 0 0 0 0 0 0 0 0 
