1 0 0 0 0 0 0 0 0 0 0 0 0 0 0 0 0 
0 0 0 0 0 0 0 0 0 0 0 0 0 0 0 0 0 
0 16 0 0 0 0 0 0 0 0 0 0 0 0 0 0 0 
0 0 32 0 0 0 0 0 0 0 0 0 0 0 0 0 0 
0 0 88 96.2068 24.0517 0 0 0 7.99513 0 0 0 0 0 0 0 0 
0 0 0 255.586 256.442 192.338 96.3523 63.961 0 0 0 0 0 0 0 0 0 
0 0 0 208.207 735.28 688.096 704.989 624.958 767.463 0 0 0 0 0 0 0 0 
0 0 0 0 575.907 1663.28 1822.2 1918.8 1603.09 0 0 0 0 0 0 0 0 
0 0 0 0 228.32 1247.86 2927.87 3679.39 4354.54 0 0 0 0 0 0 0 0 
0 0 0 0 0 448.372 1568.19 3137.24 3260.96 0 0 0 0 0 0 0 0 
0 0 0 0 0 128.057 768.286 1391.72 2113.39 0 0 0 0 0 0 0 0 
0 0 0 0 0 0 64.0003 511.868 576.092 0 0 0 0 0 0 0 0 
0 0 0 0 0 0 56.117 96.0302 120.361 0 0 0 0 0 0 0 0 
0 0 0 0 0 0 0 0 64.1024 0 0 0 0 0 0 0 0 
0 0 0 0 0 0 0 16.0334 0 0 0 0 0 0 0 0 0 
0 0 0 0 0 0 0 0 0 0 0 0 0 0 0 0 0 
0 0 0 0 0 0 0 0 2.00418 0 0 0 0 0 0 0 0 
