1 0 0 0 0 0 0 0 0 0 0 0 0 0 0 0 0 
0 0 0 0 0 0 0 0 0 0 0 0 0 0 0 0 0 
0 16 0 0 0 0 0 0 0 0 0 0 0 0 0 0 0 
0 0 32 0 0 0 0 0 0 0 0 0 0 0 0 0 0 
0 0 88 96.0801 24.02 0 0 0 8.00305 0 0 0 0 0 0 0 0 
0 0 0 255.84 255.981 192.117 95.9275 64.0244 0 0 0 0 0 0 0 0 0 
0 0 0 208.08 735.988 687.597 704.397 624.062 767.623 0 0 0 0 0 0 0 0 
0 0 0 0 576.003 1664.52 1822.18 1917.13 1598.57 0 0 0 0 0 0 0 0 
0 0 0 0 228.009 1247.27 2929.17 3684.29 4357.8 0 0 0 0 0 0 0 0 
0 0 0 0 0 448.923 1569.64 3136.12 3267.63 0 0 0 0 0 0 0 0 
0 0 0 0 0 127.571 766.824 1389.76 2106.84 0 0 0 0 0 0 0 0 
0 0 0 0 0 0 63.9881 512.727 577.561 0 0 0 0 0 0 0 0 
0 0 0 0 0 0 55.8748 95.9282 120.042 0 0 0 0 0 0 0 0 
0 0 0 0 0 0 0 0 63.9423 0 0 0 0 0 0 0 0 
0 0 0 0 0 0 0 15.9642 0 0 0 0 0 0 0 0 0 
0 0 0 0 0 0 0 0 0 0 0 0 0 0 0 0 0 
0 0 0 0 0 0 0 0 1.99553 0 0 0 0 0 0 0 0 
