1 0 0 0 0 0 0 0 0 0 0 0 0 0 0 0 0 
0 0 0 0 0 0 0 0 0 0 0 0 0 0 0 0 0 
0 16 0 0 0 0 0 0 0 0 0 0 0 0 0 0 0 
0 0 32 0 0 0 0 0 0 0 0 0 0 0 0 0 0 
0 0 88 95.9604 23.9901 0 0 0 8.02769 0 0 0 0 0 0 0 0 
0 0 0 256.079 256.036 192.192 96.1559 64.2215 0 0 0 0 0 0 0 0 0 
0 0 0 207.96 735.639 687.341 704.996 625.147 768.576 0 0 0 0 0 0 0 0 
0 0 0 0 576.653 1664.57 1822.86 1920.98 1602.74 0 0 0 0 0 0 0 0 
0 0 0 0 227.682 1247.94 2926.87 3676.51 4350.43 0 0 0 0 0 0 0 0 
0 0 0 0 0 448.074 1568.88 3135.58 3266.95 0 0 0 0 0 0 0 0 
0 0 0 0 0 127.878 768.27 1392.65 2109.4 0 0 0 0 0 0 0 0 
0 0 0 0 0 0 63.9717 512.591 577.454 0 0 0 0 0 0 0 0 
0 0 0 0 0 0 55.9941 96.3228 120.242 0 0 0 0 0 0 0 0 
0 0 0 0 0 0 0 0 64.1847 0 0 0 0 0 0 0 0 
0 0 0 0 0 0 0 15.9983 0 0 0 0 0 0 0 0 0 
0 0 0 0 0 0 0 0 0 0 0 0 0 0 0 0 0 
0 0 0 0 0 0 0 0 1.99979 0 0 0 0 0 0 0 0 
