1 0 0 0 0 0 0 0 0 0 0 0 0 0 0 0 0 
0 0 0 0 0 0 0 0 0 0 0 0 0 0 0 0 0 
0 16 0 0 0 0 0 0 0 0 0 0 0 0 0 0 0 
0 0 32 0 0 0 0 0 0 0 0 0 0 0 0 0 0 
0 0 88 96.103 24.0257 0 0 0 8.03056 0 0 0 0 0 0 0 0 
0 0 0 255.794 256.124 192.237 96.3644 64.2444 0 0 0 0 0 0 0 0 0 
0 0 0 208.103 735.805 688.363 704.602 624.361 768.829 0 0 0 0 0 0 0 0 
0 0 0 0 575.916 1662.62 1822.7 1917.18 1600.08 0 0 0 0 0 0 0 0 
0 0 0 0 228.13 1248.51 2927.55 3684.77 4355.45 0 0 0 0 0 0 0 0 
0 0 0 0 0 448.487 1568.67 3131.93 3260.57 0 0 0 0 0 0 0 0 
0 0 0 0 0 127.783 768.014 1393.93 2115.68 0 0 0 0 0 0 0 0 
0 0 0 0 0 0 64.1354 511.491 575.598 0 0 0 0 0 0 0 0 
0 0 0 0 0 0 55.9723 96.1034 119.67 0 0 0 0 0 0 0 0 
0 0 0 0 0 0 0 0 64.0923 0 0 0 0 0 0 0 0 
0 0 0 0 0 0 0 15.9921 0 0 0 0 0 0 0 0 0 
0 0 0 0 0 0 0 0 0 0 0 0 0 0 0 0 0 
0 0 0 0 0 0 0 0 1.99901 0 0 0 0 0 0 0 0 
