1 0 0 0 0 0 0 0 0 0 0 0 0 0 0 0 0 
0 0 0 0 0 0 0 0 0 0 0 0 0 0 0 0 0 
0 16 0 0 0 0 0 0 0 0 0 0 0 0 0 0 0 
0 0 32 0 0 0 0 0 0 0 0 0 0 0 0 0 0 
0 0 88 96.0291 24.0073 0 0 0 7.96883 0 0 0 0 0 0 0 0 
0 0 0 255.942 256.251 191.811 96.0196 63.7507 0 0 0 0 0 0 0 0 0 
0 0 0 208.029 735.636 687.486 703.691 625.177 769.042 0 0 0 0 0 0 0 0 
0 0 0 0 575.945 1665.98 1823.99 1920.84 1597.97 0 0 0 0 0 0 0 0 
0 0 0 0 228.16 1246.67 2928.46 3676.04 4357.57 0 0 0 0 0 0 0 0 
0 0 0 0 0 447.734 1568.62 3137.66 3262.12 0 0 0 0 0 0 0 0 
0 0 0 0 0 128.323 767.145 1392.88 2113.7 0 0 0 0 0 0 0 0 
0 0 0 0 0 0 63.7883 511.733 576.194 0 0 0 0 0 0 0 0 
0 0 0 0 0 0 56.2877 95.8342 119.375 0 0 0 0 0 0 0 0 
0 0 0 0 0 0 0 0 64.0469 0 0 0 0 0 0 0 0 
0 0 0 0 0 0 0 16.0822 0 0 0 0 0 0 0 0 0 
0 0 0 0 0 0 0 0 0 0 0 0 0 0 0 0 0 
0 0 0 0 0 0 0 0 2.01027 0 0 0 0 0 0 0 0 
