1 0 0 0 0 0 0 0 0 0 0 0 0 0 0 0 0 
0 0 0 0 0 0 0 0 0 0 0 0 0 0 0 0 0 
0 16 0 0 0 0 0 0 0 0 0 0 0 0 0 0 0 
0 0 32 0 0 0 0 0 0 0 0 0 0 0 0 0 0 
0 0 88 95.8713 23.9678 0 0 0 7.91805 0 0 0 0 0 0 0 0 
0 0 0 256.257 255.915 191.815 95.8231 63.3444 0 0 0 0 0 0 0 0 0 
0 0 0 207.871 736.264 688.312 704.276 625.733 768.267 0 0 0 0 0 0 0 0 
0 0 0 0 575.855 1664.03 1824.72 1921.44 1599.74 0 0 0 0 0 0 0 0 
0 0 0 0 227.998 1247.62 2926.13 3675.33 4355.44 0 0 0 0 0 0 0 0 
0 0 0 0 0 448.339 1569.2 3136.97 3264.28 0 0 0 0 0 0 0 0 
0 0 0 0 0 127.881 767.905 1393.46 2113.71 0 0 0 0 0 0 0 0 
0 0 0 0 0 0 64.0446 511.751 574.412 0 0 0 0 0 0 0 0 
0 0 0 0 0 0 55.9001 95.9907 120.13 0 0 0 0 0 0 0 0 
0 0 0 0 0 0 0 0 64.1054 0 0 0 0 0 0 0 0 
0 0 0 0 0 0 0 15.9715 0 0 0 0 0 0 0 0 0 
0 0 0 0 0 0 0 0 0 0 0 0 0 0 0 0 0 
0 0 0 0 0 0 0 0 1.99643 0 0 0 0 0 0 0 0 
