1 0 0 0 0 0 0 0 0 0 0 0 0 0 0 0 0 
0 0 0 0 0 0 0 0 0 0 0 0 0 0 0 0 0 
0 16 0 0 0 0 0 0 0 0 0 0 0 0 0 0 0 
0 0 32 0 0 0 0 0 0 0 0 0 0 0 0 0 0 
0 0 88 96.1505 24.0376 0 0 0 7.99173 0 0 0 0 0 0 0 0 
0 0 0 255.699 256.478 192.136 95.8901 63.9339 0 0 0 0 0 0 0 0 0 
0 0 0 208.151 735.036 687.915 704.021 623.819 768.836 0 0 0 0 0 0 0 0 
0 0 0 0 576.344 1664.25 1824.87 1919.95 1599.23 0 0 0 0 0 0 0 0 
0 0 0 0 228.104 1247.49 2927.33 3681.3 4355.65 0 0 0 0 0 0 0 0 
0 0 0 0 0 447.938 1567.69 3134.93 3264.95 0 0 0 0 0 0 0 0 
0 0 0 0 0 128.275 767.845 1391.7 2110.95 0 0 0 0 0 0 0 0 
0 0 0 0 0 0 64.2021 512.484 575.705 0 0 0 0 0 0 0 0 
0 0 0 0 0 0 56.1472 95.8384 120.529 0 0 0 0 0 0 0 0 
0 0 0 0 0 0 0 0 64.1486 0 0 0 0 0 0 0 0 
0 0 0 0 0 0 0 16.0421 0 0 0 0 0 0 0 0 0 
0 0 0 0 0 0 0 0 0 0 0 0 0 0 0 0 0 
0 0 0 0 0 0 0 0 2.00526 0 0 0 0 0 0 0 0 
