1 0 0 0 0 0 0 0 0 0 0 0 0 0 0 0 0 
0 0 0 0 0 0 0 0 0 0 0 0 0 0 0 0 0 
0 16 0 0 0 0 0 0 0 0 0 0 0 0 0 0 0 
0 0 32 0 0 0 0 0 0 0 0 0 0 0 0 0 0 
0 0 88 96.2203 24.0551 0 0 0 8.01284 0 0 0 0 0 0 0 0 
0 0 0 255.559 256.38 191.96 96.1657 64.1027 0 0 0 0 0 0 0 0 0 
0 0 0 208.22 735.23 687.687 704.052 623.819 768.588 0 0 0 0 0 0 0 0 
0 0 0 0 576.18 1664.68 1824.61 1918.94 1600.31 0 0 0 0 0 0 0 0 
0 0 0 0 228.155 1247.37 2925.52 3682.75 4355.27 0 0 0 0 0 0 0 0 
0 0 0 0 0 448.683 1569.68 3134.19 3263.3 0 0 0 0 0 0 0 0 
0 0 0 0 0 127.624 768.258 1391.73 2111.85 0 0 0 0 0 0 0 0 
0 0 0 0 0 0 63.8837 512.56 576.03 0 0 0 0 0 0 0 0 
0 0 0 0 0 0 55.8411 95.9552 120.771 0 0 0 0 0 0 0 0 
0 0 0 0 0 0 0 0 63.8826 0 0 0 0 0 0 0 0 
0 0 0 0 0 0 0 15.9546 0 0 0 0 0 0 0 0 0 
0 0 0 0 0 0 0 0 0 0 0 0 0 0 0 0 0 
0 0 0 0 0 0 0 0 1.99433 0 0 0 0 0 0 0 0 
