1 0 0 0 0 0 0 0 0 0 0 0 0 0 0 0 0 
0 0 0 0 0 0 0 0 0 0 0 0 0 0 0 0 0 
0 16 0 0 0 0 0 0 0 0 0 0 0 0 0 0 0 
0 0 32 0 0 0 0 0 0 0 0 0 0 0 0 0 0 
0 0 88 95.9968 23.9992 0 0 0 8.03712 0 0 0 0 0 0 0 0 
0 0 0 256.006 255.998 191.843 96.0421 64.297 0 0 0 0 0 0 0 0 0 
0 0 0 207.997 735.797 687.808 702.791 623.257 768.157 0 0 0 0 0 0 0 0 
0 0 0 0 576.416 1664.91 1826.11 1919.03 1599.93 0 0 0 0 0 0 0 0 
0 0 0 0 227.79 1247.09 2926.78 3680.81 4356.9 0 0 0 0 0 0 0 0 
0 0 0 0 0 448.657 1568.5 3137.03 3261.17 0 0 0 0 0 0 0 0 
0 0 0 0 0 127.698 767.901 1393.09 2114.2 0 0 0 0 0 0 0 0 
0 0 0 0 0 0 63.9677 510.684 575.329 0 0 0 0 0 0 0 0 
0 0 0 0 0 0 55.9038 95.8348 120.488 0 0 0 0 0 0 0 0 
0 0 0 0 0 0 0 0 63.7823 0 0 0 0 0 0 0 0 
0 0 0 0 0 0 0 15.9725 0 0 0 0 0 0 0 0 0 
0 0 0 0 0 0 0 0 0 0 0 0 0 0 0 0 0 
0 0 0 0 0 0 0 0 1.99657 0 0 0 0 0 0 0 0 
