1 0 0 0 0 0 0 0 0 0 0 0 0 0 0 0 0 
0 0 0 0 0 0 0 0 0 0 0 0 0 0 0 0 0 
0 16 0 0 0 0 0 0 0 0 0 0 0 0 0 0 0 
0 0 32 0 0 0 0 0 0 0 0 0 0 0 0 0 0 
0 0 88 95.917 23.9793 0 0 0 8.00015 0 0 0 0 0 0 0 0 
0 0 0 256.166 255.896 192.02 96.2361 64.0012 0 0 0 0 0 0 0 0 0 
0 0 0 207.917 735.998 687.218 703.181 623.682 769.018 0 0 0 0 0 0 0 0 
0 0 0 0 576.399 1665.22 1823.07 1918.12 1599.06 0 0 0 0 0 0 0 0 
0 0 0 0 227.728 1247.49 2930.67 3682.47 4356.56 0 0 0 0 0 0 0 0 
0 0 0 0 0 448.392 1567.23 3136.23 3260.5 0 0 0 0 0 0 0 0 
0 0 0 0 0 127.663 767.785 1393.08 2115.75 0 0 0 0 0 0 0 0 
0 0 0 0 0 0 63.9526 510.479 575.339 0 0 0 0 0 0 0 0 
0 0 0 0 0 0 55.8723 95.969 119.778 0 0 0 0 0 0 0 0 
0 0 0 0 0 0 0 0 64.0002 0 0 0 0 0 0 0 0 
0 0 0 0 0 0 0 15.9635 0 0 0 0 0 0 0 0 0 
0 0 0 0 0 0 0 0 0 0 0 0 0 0 0 0 0 
0 0 0 0 0 0 0 0 1.99544 0 0 0 0 0 0 0 0 
