1 0 0 0 0 0 0 0 0 0 0 0 0 0 0 0 1 
0 0 0 0 0 0 0 0 0 0 0 0 0 0 0 0 0 
0 16 0 0 0 0 0 0 0 0 0 0 0 0 0 16 0 
0 0 31.3824 0 0 0 0 0 0 0 0 0 0 0 29.6335 0 0 
0 0 88.6176 98.2182 25.7985 0 0 0 8.08487 0 0 0 25.6361 96.0796 90.3665 0 0 
0 0 0 251.793 254.12 195.325 97.9998 67.3268 0 67.4462 102.978 201.916 262.2 256.404 0 0 0 
0 0 0 209.989 724.925 689.437 687.511 584.892 734.695 628.045 711.034 669.14 730.471 207.517 0 0 0 
0 0 0 0 591.474 1662.05 1813.47 1881.82 1537.98 1874.79 1857.35 1662.58 571.295 0 0 0 0 
0 0 0 0 223.682 1235.81 2885.05 3675.21 4441.77 3778.58 2870.87 1239 230.398 0 0 0 0 
0 0 0 0 0 462.277 1628.1 3153.72 3217.44 3058.44 1541.62 460.881 0 0 0 0 0 
0 0 0 0 0 123.103 777.24 1436.1 2155.22 1376.15 803.502 134.475 0 0 0 0 0 
0 0 0 0 0 0 60.1458 526.014 587.869 547.196 63.0674 0 0 0 0 0 0 
0 0 0 0 0 0 58.4775 98.6948 119.912 92.9343 57.5802 0 0 0 0 0 0 
0 0 0 0 0 0 0 0 64.8686 0 0 0 0 0 0 0 0 
0 0 0 0 0 0 0 16.2299 0 16.4165 0 0 0 0 0 0 0 
0 0 0 0 0 0 0 0 0 0 0 0 0 0 0 0 0 
0 0 0 0 0 0 0 0 2.17693 0 0 0 0 0 0 0 0 
