1 0 0 0 0 0 0 0 0 0 0 0 0 0 0 0 1 
0 0 0 0 0 0 0 0 0 0 0 0 0 0 0 0 0 
0 16 0 0 0 0 0 0 0 0 0 0 0 0 0 16 0 
0 0 35.0582 0 0 0 0 0 0 0 0 0 0 0 30.5876 0 0 
0 0 84.9418 96.6083 24.9665 0 0 0 8.83223 0 0 0 21.569 91.5593 89.4124 0 0 
0 0 0 258.415 250.295 186.401 104.88 65.1394 0 68.7426 103.461 203.83 258.963 261.154 0 0 0 
0 0 0 204.977 734.801 681.887 719.725 655.663 800.625 629 705.932 676.196 737.024 207.287 0 0 0 
0 0 0 0 586.672 1652.36 1870 1980.28 1631.19 1935.23 1873.77 1678.59 574.485 0 0 0 0 
0 0 0 0 223.266 1272.54 2862.01 3749.74 4340.83 3740.42 2946.15 1270.45 227.959 0 0 0 0 
0 0 0 0 0 444.76 1557.2 3002.77 3277.58 3085.59 1558.48 423.099 0 0 0 0 0 
0 0 0 0 0 130.055 778.218 1386.26 2085.73 1393.46 716.587 115.83 0 0 0 0 0 
0 0 0 0 0 0 61.7154 495.228 551.628 485.148 51.2664 0 0 0 0 0 0 
0 0 0 0 0 0 54.2487 89.116 110.115 87.1645 52.3494 0 0 0 0 0 0 
0 0 0 0 0 0 0 0 61.5708 0 0 0 0 0 0 0 0 
0 0 0 0 0 0 0 15.7955 0 15.2511 0 0 0 0 0 0 0 
0 0 0 0 0 0 0 0 0 0 0 0 0 0 0 0 0 
0 0 0 0 0 0 0 0 1.90419 0 0 0 0 0 0 0 0 
