1 0 0 0 0 0 0 0 0 0 0 0 0 0 0 0 1 
0 0 0 0 0 0 0 0 0 0 0 0 0 0 0 0 0 
0 16 0 0 0 0 0 0 0 0 0 0 0 0 0 16 0 
0 0 31.7804 0 0 0 0 0 0 0 0 0 0 0 31.7788 0 0 
0 0 88.2196 99.0972 23.6723 0 0 0 8.28101 0 0 0 23.5595 92.7988 88.2212 0 0 
0 0 0 262.865 257.42 197.243 101.379 61.3665 0 66.9322 99.132 190.365 245.153 248.351 0 0 0 
0 0 0 198.038 744.157 702.693 692.657 593.927 774.702 623.83 697.469 685.939 715.713 218.85 0 0 0 
0 0 0 0 577.091 1691.38 1876.38 1983.08 1598.87 1915.14 1777.82 1601.4 585.21 0 0 0 0 
0 0 0 0 217.66 1181.01 2923.32 3700.82 4343.03 3602.67 2987.57 1288.85 250.365 0 0 0 0 
0 0 0 0 0 460.031 1527.71 3084.41 3230.63 3151.57 1499.24 465.734 0 0 0 0 0 
0 0 0 0 0 135.64 762.251 1373.26 2134.69 1416.9 815.794 135.716 0 0 0 0 0 
0 0 0 0 0 0 69.8511 523.971 586.046 540.905 71.4104 0 0 0 0 0 0 
0 0 0 0 0 0 54.4471 102.856 121.617 104.885 59.5758 0 0 0 0 0 0 
0 0 0 0 0 0 0 0 70.0467 0 0 0 0 0 0 0 0 
0 0 0 0 0 0 0 16.3096 0 17.1666 0 0 0 0 0 0 0 
0 0 0 0 0 0 0 0 0 0 0 0 0 0 0 0 0 
0 0 0 0 0 0 0 0 2.08736 0 0 0 0 0 0 0 0 
