1 0 0 0 0 0 0 0 0 0 0 0 0 0 0 0 1 
0 0 0 0 0 0 0 0 0 0 0 0 0 0 0 0 0 
0 16 0 0 0 0 0 0 0 0 0 0 0 0 0 16 0 
0 0 31.9679 0 0 0 0 0 0 0 0 0 0 0 34.5752 0 0 
0 0 88.0321 93.7825 21.9926 0 0 0 7.37281 0 0 0 23.8213 93.3517 85.4248 0 0 
0 0 0 257.469 254.619 177.108 90.8326 61.3486 0 60.5398 93.5062 189.481 250.758 258.519 0 0 0 
0 0 0 208.748 737.59 711.209 699.872 602.686 737.321 618.989 686.16 682.552 723.615 208.129 0 0 0 
0 0 0 0 577.516 1663.83 1838.23 1878.82 1556.09 1859.03 1841.72 1649.58 601.034 0 0 0 0 
0 0 0 0 228.283 1220.46 2951.5 3731.95 4382.43 3721.81 2940.01 1250.59 220.771 0 0 0 0 
0 0 0 0 0 461.47 1540.02 3115.44 3294.95 3129.36 1540.31 469.429 0 0 0 0 0 
0 0 0 0 0 133.916 763.302 1401.17 2127.96 1422.57 785.998 126.362 0 0 0 0 0 
0 0 0 0 0 0 66.015 534.192 571.429 516.914 63.4495 0 0 0 0 0 0 
0 0 0 0 0 0 58.228 97.413 125.598 94.6302 56.8388 0 0 0 0 0 0 
0 0 0 0 0 0 0 0 64.6285 0 0 0 0 0 0 0 0 
0 0 0 0 0 0 0 16.9814 0 16.1638 0 0 0 0 0 0 0 
0 0 0 0 0 0 0 0 0 0 0 0 0 0 0 0 0 
0 0 0 0 0 0 0 0 2.20933 0 0 0 0 0 0 0 0 
