1 0 0 0 0 0 0 0 0 0 0 0 0 0 0 0 0 
0 0 0 0 0 0 0 0 0 0 0 0 0 0 0 0 0 
0 16 0 0 0 0 0 0 0 0 0 0 0 0 0 0 0 
0 0 32 0 0 0 0 0 0 0 0 0 0 0 0 0 0 
0 0 88 95.9801 24.0001 0 0 0 7.99427 0 0 0 0 0 0 0 0 
0 0 0 256.023 256.095 192.038 95.9632 63.956 0 0 0 0 0 0 0 0 0 
0 0 0 207.997 735.777 688.115 704.034 624.053 767.807 0 0 0 0 0 0 0 0 
0 0 0 0 576.177 1663.48 1823.89 1920.15 1600.31 0 0 0 0 0 0 0 0 
0 0 0 0 227.95 1248.29 2927.36 3679.76 4355.62 0 0 0 0 0 0 0 0 
0 0 0 0 0 448.049 1568.45 3135.7 3264.37 0 0 0 0 0 0 0 0 
0 0 0 0 0 128.02 768.216 1391.93 2111.66 0 0 0 0 0 0 0 0 
0 0 0 0 0 0 64.0262 512.326 576.033 0 0 0 0 0 0 0 0 
0 0 0 0 0 0 56.0637 96.1069 120.149 0 0 0 0 0 0 0 0 
0 0 0 0 0 0 0 0 64.059 0 0 0 0 0 0 0 0 
0 0 0 0 0 0 0 16.0237 0 0 0 0 0 0 0 0 0 
0 0 0 0 0 0 0 0 0 0 0 0 0 0 0 0 0 
0 0 0 0 0 0 0 0 2.00216 0 0 0 0 0 0 0 0 
