1 0 0 0 0 0 0 0 0 0 0 0 0 0 0 0 0 
0 0 0 0 0 0 0 0 0 0 0 0 0 0 0 0 0 
0 16 0 0 0 0 0 0 0 0 0 0 0 0 0 0 0 
0 0 32 0 0 0 0 0 0 0 0 0 0 0 0 0 0 
0 0 88 96.0306 24.0011 0 0 0 8.00318 0 0 0 0 0 0 0 0 
0 0 0 256.023 256.023 191.986 96.0085 64.0361 0 0 0 0 0 0 0 0 0 
0 0 0 207.947 735.85 688.07 704.204 623.533 767.758 0 0 0 0 0 0 0 0 
0 0 0 0 576.039 1664.03 1823.91 1920.44 1598.91 0 0 0 0 0 0 0 0 
0 0 0 0 228.087 1247.77 2928.07 3678.82 4355.73 0 0 0 0 0 0 0 0 
0 0 0 0 0 448.156 1568.18 3136.59 3264.28 0 0 0 0 0 0 0 0 
0 0 0 0 0 127.987 767.624 1392.42 2112.73 0 0 0 0 0 0 0 0 
0 0 0 0 0 0 63.9622 512.165 576.704 0 0 0 0 0 0 0 0 
0 0 0 0 0 0 56.0286 95.9941 119.903 0 0 0 0 0 0 0 0 
0 0 0 0 0 0 0 0 63.9818 0 0 0 0 0 0 0 0 
0 0 0 0 0 0 0 16.0064 0 0 0 0 0 0 0 0 0 
0 0 0 0 0 0 0 0 0 0 0 0 0 0 0 0 0 
0 0 0 0 0 0 0 0 2.00024 0 0 0 0 0 0 0 0 
