1 0 0 0 0 0 0 0 0 0 0 0 0 0 0 0 0 
0 0 0 0 0 0 0 0 0 0 0 0 0 0 0 0 0 
0 16 0 0 0 0 0 0 0 0 0 0 0 0 0 0 0 
0 0 32 0 0 0 0 0 0 0 0 0 0 0 0 0 0 
0 0 88 95.9607 23.9639 0 0 0 7.9941 0 0 0 0 0 0 0 0 
0 0 0 256.083 256.052 191.989 95.8692 63.9573 0 0 0 0 0 0 0 0 0 
0 0 0 207.957 736.272 687.941 703.673 623.626 767.962 0 0 0 0 0 0 0 0 
0 0 0 0 576.051 1664.48 1824.69 1919.49 1599.75 0 0 0 0 0 0 0 0 
0 0 0 0 227.662 1247.76 2927.95 3680.6 4356.89 0 0 0 0 0 0 0 0 
0 0 0 0 0 447.898 1568.71 3136.79 3264.17 0 0 0 0 0 0 0 0 
0 0 0 0 0 127.924 767.142 1392.07 2111.44 0 0 0 0 0 0 0 0 
0 0 0 0 0 0 64.01 511.675 576.08 0 0 0 0 0 0 0 0 
0 0 0 0 0 0 55.9591 95.815 119.842 0 0 0 0 0 0 0 0 
0 0 0 0 0 0 0 0 63.868 0 0 0 0 0 0 0 0 
0 0 0 0 0 0 0 15.9865 0 0 0 0 0 0 0 0 0 
0 0 0 0 0 0 0 0 0 0 0 0 0 0 0 0 0 
0 0 0 0 0 0 0 0 1.99887 0 0 0 0 0 0 0 0 
