1 0 0 0 0 0 0 0 0 0 0 0 0 0 0 0 0 
0 0 0 0 0 0 0 0 0 0 0 0 0 0 0 0 0 
0 16 0 0 0 0 0 0 0 0 0 0 0 0 0 0 0 
0 0 32 0 0 0 0 0 0 0 0 0 0 0 0 0 0 
0 0 88 95.9791 24.0132 0 0 0 8.01396 0 0 0 0 0 0 0 0 
0 0 0 256.009 256.088 192 96.0474 64.0935 0 0 0 0 0 0 0 0 0 
0 0 0 208.011 736.111 688.339 704.07 624.03 768.388 0 0 0 0 0 0 0 0 
0 0 0 0 575.866 1664.08 1825.1 1919.12 1599.84 0 0 0 0 0 0 0 0 
0 0 0 0 227.922 1247.73 2927.76 3680.2 4357.23 0 0 0 0 0 0 0 0 
0 0 0 0 0 447.866 1567.46 3136.06 3262.64 0 0 0 0 0 0 0 0 
0 0 0 0 0 127.985 767.647 1392.55 2111.12 0 0 0 0 0 0 0 0 
0 0 0 0 0 0 63.9707 511.995 576.627 0 0 0 0 0 0 0 0 
0 0 0 0 0 0 55.9476 95.974 120.143 0 0 0 0 0 0 0 0 
0 0 0 0 0 0 0 0 63.9978 0 0 0 0 0 0 0 0 
0 0 0 0 0 0 0 15.977 0 0 0 0 0 0 0 0 0 
0 0 0 0 0 0 0 0 0 0 0 0 0 0 0 0 0 
0 0 0 0 0 0 0 0 1.99699 0 0 0 0 0 0 0 0 
