1 0 0 0 0 0 0 0 0 0 0 0 0 0 0 0 0 
0 0 0 0 0 0 0 0 0 0 0 0 0 0 0 0 0 
0 16 0 0 0 0 0 0 0 0 0 0 0 0 0 0 0 
0 0 32 0 0 0 0 0 0 0 0 0 0 0 0 0 0 
0 0 88 95.978 23.9783 0 0 0 8.00701 0 0 0 0 0 0 0 0 
0 0 0 255.993 255.994 191.966 96.0257 64.066 0 0 0 0 0 0 0 0 0 
0 0 0 208.029 735.933 687.961 704.455 624.176 768.314 0 0 0 0 0 0 0 0 
0 0 0 0 576.136 1664.03 1823.42 1920.32 1600.22 0 0 0 0 0 0 0 0 
0 0 0 0 227.959 1248.37 2928.35 3679.37 4355.25 0 0 0 0 0 0 0 0 
0 0 0 0 0 447.927 1568 3136.44 3264.6 0 0 0 0 0 0 0 0 
0 0 0 0 0 127.743 767.909 1392.24 2111.88 0 0 0 0 0 0 0 0 
0 0 0 0 0 0 63.9345 511.524 575.99 0 0 0 0 0 0 0 0 
0 0 0 0 0 0 55.9084 95.8988 119.829 0 0 0 0 0 0 0 0 
0 0 0 0 0 0 0 0 63.9196 0 0 0 0 0 0 0 0 
0 0 0 0 0 0 0 15.9705 0 0 0 0 0 0 0 0 0 
0 0 0 0 0 0 0 0 0 0 0 0 0 0 0 0 0 
0 0 0 0 0 0 0 0 1.99549 0 0 0 0 0 0 0 0 
