1 0 0 0 0 0 0 0 0 0 0 0 0 0 0 0 0 
0 0 0 0 0 0 0 0 0 0 0 0 0 0 0 0 0 
0 16 0 0 0 0 0 0 0 0 0 0 0 0 0 0 0 
0 0 32 0 0 0 0 0 0 0 0 0 0 0 0 0 0 
0 0 88 95.9536 23.9764 0 0 0 7.99603 0 0 0 0 0 0 0 0 
0 0 0 256.036 255.789 191.938 95.8686 63.9685 0 0 0 0 0 0 0 0 0 
0 0 0 208.011 735.892 687.818 703.149 623.35 768.298 0 0 0 0 0 0 0 0 
0 0 0 0 576.188 1663.81 1824.2 1919.96 1600.13 0 0 0 0 0 0 0 0 
0 0 0 0 228.155 1248.29 2928.3 3680.33 4356.14 0 0 0 0 0 0 0 0 
0 0 0 0 0 448.103 1568.54 3136.04 3263.26 0 0 0 0 0 0 0 0 
0 0 0 0 0 128.04 767.967 1392.42 2112.15 0 0 0 0 0 0 0 0 
0 0 0 0 0 0 64.0115 512.05 576.102 0 0 0 0 0 0 0 0 
0 0 0 0 0 0 55.9697 95.8929 119.951 0 0 0 0 0 0 0 0 
0 0 0 0 0 0 0 0 63.9702 0 0 0 0 0 0 0 0 
0 0 0 0 0 0 0 15.9829 0 0 0 0 0 0 0 0 0 
0 0 0 0 0 0 0 0 0 0 0 0 0 0 0 0 0 
0 0 0 0 0 0 0 0 1.99822 0 0 0 0 0 0 0 0 
