1 0 0 0 0 0 0 0 0 0 0 0 0 0 0 0 0 
0 0 0 0 0 0 0 0 0 0 0 0 0 0 0 0 0 
0 16 0 0 0 0 0 0 0 0 0 0 0 0 0 0 0 
0 0 32 0 0 0 0 0 0 0 0 0 0 0 0 0 0 
0 0 88 95.9836 23.9993 0 0 0 7.9922 0 0 0 0 0 0 0 0 
0 0 0 255.966 256.007 191.886 95.9118 63.9394 0 0 0 0 0 0 0 0 0 
0 0 0 208.05 735.649 687.58 703.538 623.964 768.217 0 0 0 0 0 0 0 0 
0 0 0 0 576.309 1664.05 1823.65 1920.86 1599.88 0 0 0 0 0 0 0 0 
0 0 0 0 228.036 1248.11 2928.56 3679.25 4357.25 0 0 0 0 0 0 0 0 
0 0 0 0 0 448.375 1568.09 3136.31 3263.3 0 0 0 0 0 0 0 0 
0 0 0 0 0 128.004 768.311 1391.7 2111.64 0 0 0 0 0 0 0 0 
0 0 0 0 0 0 63.95 511.951 575.926 0 0 0 0 0 0 0 0 
0 0 0 0 0 0 55.9898 96.0405 119.794 0 0 0 0 0 0 0 0 
0 0 0 0 0 0 0 0 63.9969 0 0 0 0 0 0 0 0 
0 0 0 0 0 0 0 15.992 0 0 0 0 0 0 0 0 0 
0 0 0 0 0 0 0 0 0 0 0 0 0 0 0 0 0 
0 0 0 0 0 0 0 0 1.99966 0 0 0 0 0 0 0 0 
