1 0 0 0 0 0 0 0 0 0 0 0 0 0 0 0 0 
0 0 0 0 0 0 0 0 0 0 0 0 0 0 0 0 0 
0 16 0 0 0 0 0 0 0 0 0 0 0 0 0 0 0 
0 0 32 0 0 0 0 0 0 0 0 0 0 0 0 0 0 
0 0 88 96.0057 24.0051 0 0 0 7.99602 0 0 0 0 0 0 0 0 
0 0 0 255.96 256.014 192.021 96.0612 63.958 0 0 0 0 0 0 0 0 0 
0 0 0 208.035 736.357 688.235 703.776 624.002 768.275 0 0 0 0 0 0 0 0 
0 0 0 0 575.71 1663.72 1825.26 1920.66 1600.72 0 0 0 0 0 0 0 0 
0 0 0 0 227.914 1248.34 2928.43 3681.37 4358.47 0 0 0 0 0 0 0 0 
0 0 0 0 0 447.705 1567.15 3135.64 3262.84 0 0 0 0 0 0 0 0 
0 0 0 0 0 127.979 767.373 1390.77 2110.26 0 0 0 0 0 0 0 0 
0 0 0 0 0 0 63.8821 511.652 575.61 0 0 0 0 0 0 0 0 
0 0 0 0 0 0 56.0642 95.9379 119.857 0 0 0 0 0 0 0 0 
0 0 0 0 0 0 0 0 63.9743 0 0 0 0 0 0 0 0 
0 0 0 0 0 0 0 16.0117 0 0 0 0 0 0 0 0 0 
0 0 0 0 0 0 0 0 0 0 0 0 0 0 0 0 0 
0 0 0 0 0 0 0 0 2.00139 0 0 0 0 0 0 0 0 
