1 0 0 0 0 0 0 0 0 0 0 0 0 0 0 0 0 
0 0 0 0 0 0 0 0 0 0 0 0 0 0 0 0 0 
0 16 0 0 0 0 0 0 0 0 0 0 0 0 0 0 0 
0 0 32 0 0 0 0 0 0 0 0 0 0 0 0 0 0 
0 0 88 95.9949 23.9802 0 0 0 7.97368 0 0 0 0 0 0 0 0 
0 0 0 255.969 255.822 191.913 95.8933 63.7962 0 0 0 0 0 0 0 0 0 
0 0 0 208.036 735.836 687.621 704.015 624.297 767.537 0 0 0 0 0 0 0 0 
0 0 0 0 576.04 1664.32 1823.78 1919 1599.09 0 0 0 0 0 0 0 0 
0 0 0 0 228.322 1247.86 2927.67 3680.1 4355.47 0 0 0 0 0 0 0 0 
0 0 0 0 0 448.091 1568.24 3135.12 3263.67 0 0 0 0 0 0 0 0 
0 0 0 0 0 128.19 768.226 1392.71 2113.62 0 0 0 0 0 0 0 0 
0 0 0 0 0 0 64.0527 512.684 576.462 0 0 0 0 0 0 0 0 
0 0 0 0 0 0 56.1178 96.2604 120.065 0 0 0 0 0 0 0 0 
0 0 0 0 0 0 0 0 64.1092 0 0 0 0 0 0 0 0 
0 0 0 0 0 0 0 16.0354 0 0 0 0 0 0 0 0 0 
0 0 0 0 0 0 0 0 0 0 0 0 0 0 0 0 0 
0 0 0 0 0 0 0 0 2.00367 0 0 0 0 0 0 0 0 
