1 0 0 0 0 0 0 0 0 0 0 0 0 0 0 0 0 
0 0 0 0 0 0 0 0 0 0 0 0 0 0 0 0 0 
0 16 0 0 0 0 0 0 0 0 0 0 0 0 0 0 0 
0 0 32 0 0 0 0 0 0 0 0 0 0 0 0 0 0 
0 0 88 96.0282 24.0181 0 0 0 7.9976 0 0 0 0 0 0 0 0 
0 0 0 255.935 256.096 192.146 96.0499 63.9897 0 0 0 0 0 0 0 0 0 
0 0 0 208.037 735.473 687.717 704.023 624.307 767.981 0 0 0 0 0 0 0 0 
0 0 0 0 576.257 1663.52 1823.99 1920.62 1599.57 0 0 0 0 0 0 0 0 
0 0 0 0 228.156 1248.41 2928.38 3679.5 4357.34 0 0 0 0 0 0 0 0 
0 0 0 0 0 448.137 1567.57 3136.03 3263.92 0 0 0 0 0 0 0 0 
0 0 0 0 0 128.073 767.942 1391.7 2111.74 0 0 0 0 0 0 0 0 
0 0 0 0 0 0 64.0678 511.802 575.488 0 0 0 0 0 0 0 0 
0 0 0 0 0 0 55.9797 96.05 119.951 0 0 0 0 0 0 0 0 
0 0 0 0 0 0 0 0 64.0225 0 0 0 0 0 0 0 0 
0 0 0 0 0 0 0 15.9999 0 0 0 0 0 0 0 0 0 
0 0 0 0 0 0 0 0 0 0 0 0 0 0 0 0 0 
0 0 0 0 0 0 0 0 1.99958 0 0 0 0 0 0 0 0 
