1 0 0 0 0 0 0 0 0 0 0 0 0 0 0 0 0 
0 0 0 0 0 0 0 0 0 0 0 0 0 0 0 0 0 
0 16 0 0 0 0 0 0 0 0 0 0 0 0 0 0 0 
0 0 32 0 0 0 0 0 0 0 0 0 0 0 0 0 0 
0 0 88 96.0183 23.9939 0 0 0 8.0013 0 0 0 0 0 0 0 0 
0 0 0 256.046 256.039 191.96 95.9466 64.0253 0 0 0 0 0 0 0 0 0 
0 0 0 207.936 735.935 688.327 704.231 624.1 768.093 0 0 0 0 0 0 0 0 
0 0 0 0 576.09 1663.88 1824.66 1921.5 1600.4 0 0 0 0 0 0 0 0 
0 0 0 0 227.942 1248.02 2928.04 3679.43 4356.78 0 0 0 0 0 0 0 0 
0 0 0 0 0 447.845 1567.23 3135.1 3264.48 0 0 0 0 0 0 0 0 
0 0 0 0 0 127.968 767.947 1391.64 2110.58 0 0 0 0 0 0 0 0 
0 0 0 0 0 0 63.9519 512.112 575.663 0 0 0 0 0 0 0 0 
0 0 0 0 0 0 55.9871 96.1055 119.9 0 0 0 0 0 0 0 0 
0 0 0 0 0 0 0 0 64.1006 0 0 0 0 0 0 0 0 
0 0 0 0 0 0 0 15.9889 0 0 0 0 0 0 0 0 0 
0 0 0 0 0 0 0 0 0 0 0 0 0 0 0 0 0 
0 0 0 0 0 0 0 0 1.99798 0 0 0 0 0 0 0 0 
