1 0 0 0 0 0 0 0 0 0 0 0 0 0 0 0 0 
0 0 0 0 0 0 0 0 0 0 0 0 0 0 0 0 0 
0 16 0 0 0 0 0 0 0 0 0 0 0 0 0 0 0 
0 0 32 0 0 0 0 0 0 0 0 0 0 0 0 0 0 
0 0 88 96.0146 24.0397 0 0 0 8.00251 0 0 0 0 0 0 0 0 
0 0 0 256.02 256.195 192.256 96.1518 64.022 0 0 0 0 0 0 0 0 0 
0 0 0 207.966 736.024 688.107 704.198 623.99 767.87 0 0 0 0 0 0 0 0 
0 0 0 0 575.745 1663.47 1823.15 1919.18 1598.5 0 0 0 0 0 0 0 0 
0 0 0 0 227.997 1247.72 2927.66 3680.02 4355.92 0 0 0 0 0 0 0 0 
0 0 0 0 0 448.398 1568.04 3136.19 3265.19 0 0 0 0 0 0 0 0 
0 0 0 0 0 128.045 768.722 1392.48 2112.39 0 0 0 0 0 0 0 0 
0 0 0 0 0 0 64.0571 512.083 576.027 0 0 0 0 0 0 0 0 
0 0 0 0 0 0 56.0189 96.0188 120.057 0 0 0 0 0 0 0 0 
0 0 0 0 0 0 0 0 64.0516 0 0 0 0 0 0 0 0 
0 0 0 0 0 0 0 16.0069 0 0 0 0 0 0 0 0 0 
0 0 0 0 0 0 0 0 0 0 0 0 0 0 0 0 0 
0 0 0 0 0 0 0 0 2.00039 0 0 0 0 0 0 0 0 
