1 0 0 0 0 0 0 0 0 0 0 0 0 0 0 0 0 
0 0 0 0 0 0 0 0 0 0 0 0 0 0 0 0 0 
0 16 0 0 0 0 0 0 0 0 0 0 0 0 0 0 0 
0 0 32 0 0 0 0 0 0 0 0 0 0 0 0 0 0 
0 0 88 95.9435 23.9941 0 0 0 8.00669 0 0 0 0 0 0 0 0 
0 0 0 256.04 255.943 191.958 95.991 64.0248 0 0 0 0 0 0 0 0 0 
0 0 0 208.016 735.967 687.915 704.348 623.992 767.772 0 0 0 0 0 0 0 0 
0 0 0 0 576.025 1663.95 1822.98 1919.59 1599.31 0 0 0 0 0 0 0 0 
0 0 0 0 228.07 1248.19 2928.79 3679.51 4354.73 0 0 0 0 0 0 0 0 
0 0 0 0 0 447.854 1567.68 3136.76 3263.64 0 0 0 0 0 0 0 0 
0 0 0 0 0 128.139 768.132 1391.69 2114.19 0 0 0 0 0 0 0 0 
0 0 0 0 0 0 64.0562 512.45 576.256 0 0 0 0 0 0 0 0 
0 0 0 0 0 0 56.0246 95.9722 120.107 0 0 0 0 0 0 0 0 
0 0 0 0 0 0 0 0 63.9912 0 0 0 0 0 0 0 0 
0 0 0 0 0 0 0 16.0138 0 0 0 0 0 0 0 0 0 
0 0 0 0 0 0 0 0 0 0 0 0 0 0 0 0 0 
0 0 0 0 0 0 0 0 2.00174 0 0 0 0 0 0 0 0 
