1 0 0 0 0 0 0 0 0 0 0 0 0 0 0 0 0 
0 0 0 0 0 0 0 0 0 0 0 0 0 0 0 0 0 
0 16 0 0 0 0 0 0 0 0 0 0 0 0 0 0 0 
0 0 32 0 0 0 0 0 0 0 0 0 0 0 0 0 0 
0 0 88 95.9786 24.0003 0 0 0 7.99131 0 0 0 0 0 0 0 0 
0 0 0 256.037 255.875 191.956 95.8982 63.9313 0 0 0 0 0 0 0 0 0 
0 0 0 207.984 735.991 687.782 704.459 623.91 768.266 0 0 0 0 0 0 0 0 
0 0 0 0 575.951 1664.31 1823.39 1920.34 1600.76 0 0 0 0 0 0 0 0 
0 0 0 0 228.183 1247.89 2928.13 3678.95 4355.95 0 0 0 0 0 0 0 0 
0 0 0 0 0 448.061 1568.07 3137.13 3262.8 0 0 0 0 0 0 0 0 
0 0 0 0 0 127.996 768.095 1391.46 2111.97 0 0 0 0 0 0 0 0 
0 0 0 0 0 0 64.0006 512.218 576.34 0 0 0 0 0 0 0 0 
0 0 0 0 0 0 55.9644 96.078 119.889 0 0 0 0 0 0 0 0 
0 0 0 0 0 0 0 0 64.0367 0 0 0 0 0 0 0 0 
0 0 0 0 0 0 0 15.9824 0 0 0 0 0 0 0 0 0 
0 0 0 0 0 0 0 0 0 0 0 0 0 0 0 0 0 
0 0 0 0 0 0 0 0 1.99857 0 0 0 0 0 0 0 0 
