1 0 0 0 0 0 0 0 0 0 0 0 0 0 0 0 1 
0 0 0 0 0 0 0 0 0 0 0 0 0 0 0 0 0 
0 16 0 0 0 0 0 0 0 0 0 0 0 0 0 16 0 
0 0 30.3746 0 0 0 0 0 0 0 0 0 0 0 36.485 0 0 
0 0 89.6254 81.6756 24.4471 0 0 0 7.31337 0 0 0 23.626 100.42 83.515 0 0 
0 0 0 263.138 253.751 213.621 105.936 72.3286 0 62.6052 86.7194 192.919 267.235 238.089 0 0 0 
0 0 0 215.187 714.448 729.764 738.222 706.637 837.096 611.641 672.839 679.96 734.983 221.491 0 0 0 
0 0 0 0 605.161 1628.57 1767.45 1913.35 1684.39 2029.13 1977.58 1722.83 562.431 0 0 0 0 
0 0 0 0 222.192 1226.91 2919.73 3567.63 4429.11 3843.11 2894.28 1170.29 231.725 0 0 0 0 
0 0 0 0 0 450.474 1663.61 3273.84 3215.19 3069.98 1528.16 467.329 0 0 0 0 0 
0 0 0 0 0 118.666 692.143 1309.9 1984.69 1264.85 733.218 134.679 0 0 0 0 0 
0 0 0 0 0 0 63.8783 489.473 540.47 449.237 56.9832 0 0 0 0 0 0 
0 0 0 0 0 0 57.0369 90.1904 111.75 92.1638 58.2207 0 0 0 0 0 0 
0 0 0 0 0 0 0 0 58.43 0 0 0 0 0 0 0 0 
0 0 0 0 0 0 0 16.651 0 17.2833 0 0 0 0 0 0 0 
0 0 0 0 0 0 0 0 0 0 0 0 0 0 0 0 0 
0 0 0 0 0 0 0 0 1.55407 0 0 0 0 0 0 0 0 
