1 0 0 0 0 0 0 0 0 0 0 0 0 0 0 0 1 
0 0 0 0 0 0 0 0 0 0 0 0 0 0 0 0 0 
0 16 0 0 0 0 0 0 0 0 0 0 0 0 0 16 0 
0 0 31.723 0 0 0 0 0 0 0 0 0 0 0 33.9586 0 0 
0 0 88.277 94.717 25.462 0 0 0 7.13417 0 0 0 26.5746 110.189 86.0414 0 0 
0 0 0 243.765 229.616 179.841 80.9409 58.8753 0 52.3231 83.6632 184.557 274.223 252.224 0 0 0 
0 0 0 221.518 703.134 656.546 675.068 551.008 746.419 607.049 663.224 654.31 725.309 197.587 0 0 0 
0 0 0 0 614.483 1618.63 1764.73 1911.97 1552.63 1925.43 1904.17 1654.6 548.562 0 0 0 0 
0 0 0 0 247.306 1331.45 2972.73 3692.62 4371.51 3660.98 2892.19 1329.51 245.332 0 0 0 0 
0 0 0 0 0 443.374 1542.23 3152.31 3364.87 3205.66 1572.46 407.065 0 0 0 0 0 
0 0 0 0 0 138.158 840.136 1409.8 2028.98 1307.91 779.944 137.957 0 0 0 0 0 
0 0 0 0 0 0 69.5034 528.865 588.164 571.385 60.6145 0 0 0 0 0 0 
0 0 0 0 0 0 62.6686 117.316 136.465 94.56 51.7452 0 0 0 0 0 0 
0 0 0 0 0 0 0 0 71.3524 0 0 0 0 0 0 0 0 
0 0 0 0 0 0 0 17.2344 0 14.7009 0 0 0 0 0 0 0 
0 0 0 0 0 0 0 0 0 0 0 0 0 0 0 0 0 
0 0 0 0 0 0 0 0 2.4655 0 0 0 0 0 0 0 0 
