1 0 0 0 0 0 0 0 0 0 0 0 0 0 0 0 1 
0 0 0 0 0 0 0 0 0 0 0 0 0 0 0 0 0 
0 16 0 0 0 0 0 0 0 0 0 0 0 0 0 16 0 
0 0 31.5865 0 0 0 0 0 0 0 0 0 0 0 31.1791 0 0 
0 0 88.4135 98.3378 21.0877 0 0 0 9.48977 0 0 0 23.5311 96.8349 88.8209 0 0 
0 0 0 244.341 262.48 183.784 78.6278 66.6088 0 75.2701 94.9079 171.12 231.246 260.158 0 0 0 
0 0 0 217.321 724.729 693.593 727.297 666.187 819.913 656.616 734.935 687.453 749.391 203.007 0 0 0 
0 0 0 0 580.066 1663.84 1775.63 1961.86 1712.19 1975.67 1851.24 1620.38 605.691 0 0 0 0 
0 0 0 0 231.637 1236.46 2933.25 3679.58 4372.22 3785.95 2981.47 1309.66 210.141 0 0 0 0 
0 0 0 0 0 434.039 1613.58 3062.42 3112.5 2965.83 1470.18 451.724 0 0 0 0 0 
0 0 0 0 0 156.28 748.92 1372.28 2049.22 1349.92 740.699 127.664 0 0 0 0 0 
0 0 0 0 0 0 69.933 504.832 571.275 512.373 78.2218 0 0 0 0 0 0 
0 0 0 0 0 0 60.7589 108.752 147.866 100.107 56.341 0 0 0 0 0 0 
0 0 0 0 0 0 0 0 73.0563 0 0 0 0 0 0 0 0 
0 0 0 0 0 0 0 17.478 0 18.2665 0 0 0 0 0 0 0 
0 0 0 0 0 0 0 0 0 0 0 0 0 0 0 0 0 
0 0 0 0 0 0 0 0 2.26726 0 0 0 0 0 0 0 0 
