1 0 0 0 0 0 0 0 0 0 0 0 0 0 0 0 1 
0 0 0 0 0 0 0 0 0 0 0 0 0 0 0 0 0 
0 16 0 0 0 0 0 0 0 0 0 0 0 0 0 16 0 
0 0 33.3908 0 0 0 0 0 0 0 0 0 0 0 29.4536 0 0 
0 0 86.6092 93.2198 21.4252 0 0 0 7.88094 0 0 0 18.8206 90.136 90.5464 0 0 
0 0 0 253.398 257.971 196.148 102.369 56.9846 0 63.2269 96.3652 177.066 237.95 252.793 0 0 0 
0 0 0 213.382 730.599 689.993 727.432 658.554 764.075 563.535 675.471 656.598 698.008 217.071 0 0 0 
0 0 0 0 589.35 1585.59 1751.85 1898.16 1507.72 1978.49 1821.83 1673.41 644.293 0 0 0 0 
0 0 0 0 220.655 1309.38 2939.53 3450.57 4337.24 3391.92 3050.99 1275.55 220.929 0 0 0 0 
0 0 0 0 0 481.693 1598.2 3443.84 3312.51 3378.7 1513.3 469.25 0 0 0 0 0 
0 0 0 0 0 105.196 774.348 1302.04 2134.55 1408.45 738.968 116.123 0 0 0 0 0 
0 0 0 0 0 0 66.4828 520.959 619.976 537.729 57.43 0 0 0 0 0 0 
0 0 0 0 0 0 47.7923 95.6177 125.465 102.028 53.6353 0 0 0 0 0 0 
0 0 0 0 0 0 0 0 58.9191 0 0 0 0 0 0 0 0 
0 0 0 0 0 0 0 13.2732 0 15.9239 0 0 0 0 0 0 0 
0 0 0 0 0 0 0 0 0 0 0 0 0 0 0 0 0 
0 0 0 0 0 0 0 0 1.66814 0 0 0 0 0 0 0 0 
