1 0 0 0 0 0 0 0 0 0 0 0 0 0 0 0 1 
0 0 0 0 0 0 0 0 0 0 0 0 0 0 0 0 0 
0 16 0 0 0 0 0 0 0 0 0 0 0 0 0 16 0 
0 0 33.6267 0 0 0 0 0 0 0 0 0 0 0 33.5794 0 0 
0 0 86.3733 104.913 24.2845 0 0 0 8.38157 0 0 0 28.2917 99.0989 86.4206 0 0 
0 0 0 251.673 265.195 201.019 97.9387 72.6249 0 71.9659 106.641 198.778 249.71 241.47 0 0 0 
0 0 0 203.414 712.476 678.711 660.202 633.54 786.074 665.676 694.029 614.675 676.137 219.432 0 0 0 
0 0 0 0 584.923 1640.91 1815.77 2013.39 1622.4 1903.76 1850.08 1575.77 622.886 0 0 0 0 
0 0 0 0 233.121 1295.54 2941.53 3617.4 4375.82 3641.03 2739.58 1371.73 242.975 0 0 0 0 
0 0 0 0 0 418.959 1553.11 3070.05 3108.98 3169.56 1691.11 486.248 0 0 0 0 0 
0 0 0 0 0 132.865 805.742 1364.99 2128.44 1329.04 808.239 120.8 0 0 0 0 0 
0 0 0 0 0 0 74.0726 548.283 615.793 526.593 64.1776 0 0 0 0 0 0 
0 0 0 0 0 0 59.6353 102.818 144.842 114.329 54.1486 0 0 0 0 0 0 
0 0 0 0 0 0 0 0 77.0755 0 0 0 0 0 0 0 0 
0 0 0 0 0 0 0 16.9163 0 18.0542 0 0 0 0 0 0 0 
0 0 0 0 0 0 0 0 0 0 0 0 0 0 0 0 0 
0 0 0 0 0 0 0 0 2.19502 0 0 0 0 0 0 0 0 
