1 0 0 0 0 0 0 0 0 0 0 0 0 0 0 0 1 
0 0 0 0 0 0 0 0 0 0 0 0 0 0 0 0 0 
0 16 0 0 0 0 0 0 0 0 0 0 0 0 0 16 0 
0 0 31.1791 0 0 0 0 0 0 0 0 0 0 0 28.2974 0 0 
0 0 88.8209 92.5262 24.9545 0 0 0 7.83493 0 0 0 23.8695 102.392 91.7026 0 0 
0 0 0 243.774 252.032 185.799 89.0139 58.7197 0 67.7695 99.4666 189.951 263.735 257.916 0 0 0 
0 0 0 223.7 669.223 660.001 681.263 604.745 701.157 572.995 677.081 676.071 709.939 199.692 0 0 0 
0 0 0 0 611.719 1620.81 1729.5 1892.08 1546.5 1942.21 1880.47 1657.03 585.121 0 0 0 0 
0 0 0 0 262.071 1233.04 2965.06 3618.69 4388.38 3773.07 2828.43 1253.24 237.336 0 0 0 0 
0 0 0 0 0 521.085 1574.73 3256.47 3345.03 3109.71 1583.51 448.605 0 0 0 0 0 
0 0 0 0 0 147.266 837.968 1333.85 2089.18 1409.89 810.36 143.103 0 0 0 0 0 
0 0 0 0 0 0 67.5861 556.03 598.561 447.122 59.5104 0 0 0 0 0 0 
0 0 0 0 0 0 62.8742 100.866 123.762 99.7663 69.1682 0 0 0 0 0 0 
0 0 0 0 0 0 0 0 67.288 0 0 0 0 0 0 0 0 
0 0 0 0 0 0 0 18.5493 0 17.4728 0 0 0 0 0 0 0 
0 0 0 0 0 0 0 0 0 0 0 0 0 0 0 0 0 
0 0 0 0 0 0 0 0 2.29798 0 0 0 0 0 0 0 0 
