1 0 0 0 0 0 0 0 0 0 0 0 0 0 0 0 1 
0 0 0 0 0 0 0 0 0 0 0 0 0 0 0 0 0 
0 16 0 0 0 0 0 0 0 0 0 0 0 0 0 16 0 
0 0 29.4102 0 0 0 0 0 0 0 0 0 0 0 32.9688 0 0 
0 0 90.5898 82.6381 23.6679 0 0 0 6.94036 0 0 0 27.1344 90.8449 87.0312 0 0 
0 0 0 264.683 215.11 171.406 89.7329 58.6383 0 66.9532 102.327 190.176 242.793 256.278 0 0 0 
0 0 0 212.679 747.88 644.356 643.898 596.871 763.968 676.203 691.134 647.138 723.432 212.877 0 0 0 
0 0 0 0 613.989 1632.62 1885.14 2091.44 1681.75 1952.84 1768.32 1662.24 602.094 0 0 0 0 
0 0 0 0 219.353 1327.31 2902.71 3684.96 4404.93 3619.99 3013.9 1312.37 224.547 0 0 0 0 
0 0 0 0 0 465.929 1657.15 3019.34 3241.65 3157.41 1591.32 426.897 0 0 0 0 0 
0 0 0 0 0 126.387 716.919 1454.37 2072.63 1373.99 721.479 129.183 0 0 0 0 0 
0 0 0 0 0 0 61.9139 435.828 532.295 485.152 65.1704 0 0 0 0 0 0 
0 0 0 0 0 0 50.5326 84.3243 106.674 93.137 54.3457 0 0 0 0 0 0 
0 0 0 0 0 0 0 0 57.3219 0 0 0 0 0 0 0 0 
0 0 0 0 0 0 0 14.2303 0 14.3109 0 0 0 0 0 0 0 
0 0 0 0 0 0 0 0 0 0 0 0 0 0 0 0 0 
0 0 0 0 0 0 0 0 1.84982 0 0 0 0 0 0 0 0 
