1 0 0 0 0 0 0 0 0 0 0 0 0 0 0 0 1 
0 0 0 0 0 0 0 0 0 0 0 0 0 0 0 0 0 
0 16 0 0 0 0 0 0 0 0 0 0 0 0 0 16 0 
0 0 30.9094 0 0 0 0 0 0 0 0 0 0 0 33.3438 0 0 
0 0 89.0906 97.7443 26.16 0 0 0 7.78392 0 0 0 23.8958 98.0386 86.6562 0 0 
0 0 0 262.089 265.759 183.006 88.972 60.1907 0 65.1907 104.584 200.619 267.138 262.365 0 0 0 
0 0 0 200.167 689.327 729.479 753.735 687.502 781.672 613.699 695.425 718.236 758.038 199.597 0 0 0 
0 0 0 0 616.703 1577.85 1822.3 1997.14 1694.04 2039.94 1988.84 1647.27 554.593 0 0 0 0 
0 0 0 0 222.05 1318.34 3022.12 3812.17 4359.81 3629.49 3003.14 1236.16 216.335 0 0 0 0 
0 0 0 0 0 445.922 1543.55 3051.23 3227.31 3266.19 1415.82 441.629 0 0 0 0 0 
0 0 0 0 0 113.409 675.644 1274.43 2108.27 1227.66 694.068 124.082 0 0 0 0 0 
0 0 0 0 0 0 50.5958 465.187 534.096 503.83 54.2575 0 0 0 0 0 0 
0 0 0 0 0 0 51.0923 76.2369 100.55 78.4816 51.8741 0 0 0 0 0 0 
0 0 0 0 0 0 0 0 54.668 0 0 0 0 0 0 0 0 
0 0 0 0 0 0 0 15.9178 0 15.5144 0 0 0 0 0 0 0 
0 0 0 0 0 0 0 0 0 0 0 0 0 0 0 0 0 
0 0 0 0 0 0 0 0 1.79897 0 0 0 0 0 0 0 0 
