1 0 0 0 0 0 0 0 0 0 0 0 0 0 0 0 1 
0 0 0 0 0 0 0 0 0 0 0 0 0 0 0 0 0 
0 16 0 0 0 0 0 0 0 0 0 0 0 0 0 16 0 
0 0 33.7213 0 0 0 0 0 0 0 0 0 0 0 38.7543 0 0 
0 0 86.2787 93.0763 30.3612 0 0 0 7.45042 0 0 0 26.1242 109.704 81.2457 0 0 
0 0 0 260.021 244.95 205.883 97.1272 63.2517 0 77.4406 109.323 200.951 262.303 253.579 0 0 0 
0 0 0 206.902 714.346 658.139 661.156 637.573 812.143 623.563 718.464 700.019 720.012 196.717 0 0 0 
0 0 0 0 595.694 1591.18 1807.77 1896.02 1624.63 1793.8 1686.87 1640.36 591.11 0 0 0 0 
0 0 0 0 234.648 1329.48 2883.17 3521.54 4313.9 3827.25 3036.69 1250.36 220.451 0 0 0 0 
0 0 0 0 0 454.99 1601.6 3263.26 3262.67 3105.46 1541.93 449.326 0 0 0 0 0 
0 0 0 0 0 128.336 822.822 1428.4 2148.09 1419.01 784.468 126.986 0 0 0 0 0 
0 0 0 0 0 0 73.4588 509.311 506.245 478.102 62.7787 0 0 0 0 0 0 
0 0 0 0 0 0 60.8995 102.068 130.014 98.8548 67.4834 0 0 0 0 0 0 
0 0 0 0 0 0 0 0 63.1169 0 0 0 0 0 0 0 0 
0 0 0 0 0 0 0 18.5879 0 16.5203 0 0 0 0 0 0 0 
0 0 0 0 0 0 0 0 0 0 0 0 0 0 0 0 0 
0 0 0 0 0 0 0 0 1.73879 0 0 0 0 0 0 0 0 
