1 0 0 0 0 0 0 0 0 0 0 0 0 0 0 0 1 
0 0 0 0 0 0 0 0 0 0 0 0 0 0 0 0 0 
0 16 0 0 0 0 0 0 0 0 0 0 0 0 0 16 0 
0 0 30.8198 0 0 0 0 0 0 0 0 0 0 0 31.9514 0 0 
0 0 89.1802 92.7798 21.5724 0 0 0 6.3382 0 0 0 23.5417 98.407 88.0486 0 0 
0 0 0 255.673 252.245 175.943 81.8595 53.2167 0 71.1501 95.571 181.954 249.173 268.545 0 0 0 
0 0 0 211.547 751.594 716.555 708.541 586.846 722.649 614.643 725.756 660.381 754.135 193.048 0 0 0 
0 0 0 0 564.019 1698.9 1819.95 1901.78 1566.13 1960.98 1707.32 1656.96 577.087 0 0 0 0 
0 0 0 0 230.57 1233.27 3053.81 3804.36 4496.47 3620.9 3171.07 1295.49 216.063 0 0 0 0 
0 0 0 0 0 427.04 1575.04 3247.69 3354.57 3233.1 1489.15 439.05 0 0 0 0 0 
0 0 0 0 0 116.291 656.574 1274.3 2026.72 1337.27 700.684 134.165 0 0 0 0 0 
0 0 0 0 0 0 61.7908 474.315 517.464 492.916 64.4145 0 0 0 0 0 0 
0 0 0 0 0 0 50.4322 83.5582 121.476 92.9786 54.031 0 0 0 0 0 0 
0 0 0 0 0 0 0 0 56.0522 0 0 0 0 0 0 0 0 
0 0 0 0 0 0 0 13.9367 0 16.0629 0 0 0 0 0 0 0 
0 0 0 0 0 0 0 0 0 0 0 0 0 0 0 0 0 
0 0 0 0 0 0 0 0 2.12718 0 0 0 0 0 0 0 0 
