1 0 0 0 0 0 0 0 0 0 0 0 0 0 0 0 1 
0 0 0 0 0 0 0 0 0 0 0 0 0 0 0 0 0 
0 16 0 0 0 0 0 0 0 0 0 0 0 0 0 16 0 
0 0 29.584 0 0 0 0 0 0 0 0 0 0 0 33.3438 0 0 
0 0 90.416 90.6752 16.3923 0 0 0 6.38535 0 0 0 19.255 85.9268 86.6562 0 0 
0 0 0 259.321 241.826 171.71 83.8307 54.3936 0 59.7181 94.4495 164.338 243.442 260.57 0 0 0 
0 0 0 210.004 761.054 663.394 650.426 628.611 779.532 603.131 650.508 658.916 748.391 213.503 0 0 0 
0 0 0 0 580.111 1638.71 1813.51 1955.26 1550.28 1861.41 1764.81 1715.79 571.574 0 0 0 0 
0 0 0 0 220.616 1288.75 2984.13 3645.78 4459.69 3687.42 3037.44 1250.4 237.339 0 0 0 0 
0 0 0 0 0 477.825 1578.68 3211.11 3156.22 3228.81 1542.31 441.512 0 0 0 0 0 
0 0 0 0 0 127.604 772.4 1346.46 2169.24 1383.28 795.464 137.042 0 0 0 0 0 
0 0 0 0 0 0 68.9573 486.702 572.55 504.92 67.5 0 0 0 0 0 0 
0 0 0 0 0 0 56.0618 96.589 107.369 97.8833 55.524 0 0 0 0 0 0 
0 0 0 0 0 0 0 0 66.6669 0 0 0 0 0 0 0 0 
0 0 0 0 0 0 0 15.1046 0 13.4294 0 0 0 0 0 0 0 
0 0 0 0 0 0 0 0 0 0 0 0 0 0 0 0 0 
0 0 0 0 0 0 0 0 2.06494 0 0 0 0 0 0 0 0 
