1 0 0 0 0 0 0 0 0 0 0 0 0 0 0 0 1 
0 0 0 0 0 0 0 0 0 0 0 0 0 0 0 0 0 
0 16 0 0 0 0 0 0 0 0 0 0 0 0 0 16 0 
0 0 34.2446 0 0 0 0 0 0 0 0 0 0 0 31.3145 0 0 
0 0 85.7554 104.665 24.4572 0 0 0 7.99164 0 0 0 23.5668 91.0563 88.6855 0 0 
0 0 0 249.61 268.126 187.725 83.2784 62.3489 0 51.9664 85.4487 181.377 258.365 272.375 0 0 0 
0 0 0 205.725 707.799 679.995 701.38 578.977 702.72 535.194 611.96 684.511 750.529 196.568 0 0 0 
0 0 0 0 596.027 1663.4 1910.27 2032.7 1511.09 1741.18 1791.64 1714.15 557.746 0 0 0 0 
0 0 0 0 223.591 1282.87 2779.43 3630.77 4441.33 3893.27 3101.72 1220.27 229.794 0 0 0 0 
0 0 0 0 0 435.621 1643.55 3057.41 3326.4 3165.2 1559.65 448.037 0 0 0 0 0 
0 0 0 0 0 118.396 764.32 1472.7 2102.04 1457.65 741.054 119.649 0 0 0 0 0 
0 0 0 0 0 0 67.9699 490.412 580.304 478.809 65.006 0 0 0 0 0 0 
0 0 0 0 0 0 57.7981 98.2804 127.975 100.757 51.5245 0 0 0 0 0 0 
0 0 0 0 0 0 0 0 68.0998 0 0 0 0 0 0 0 0 
0 0 0 0 0 0 0 16.3923 0 15.9732 0 0 0 0 0 0 0 
0 0 0 0 0 0 0 0 0 0 0 0 0 0 0 0 0 
0 0 0 0 0 0 0 0 2.06448 0 0 0 0 0 0 0 0 
