1 0 0 0 0 0 0 0 0 0 0 0 0 0 0 0 1 
0 0 0 0 0 0 0 0 0 0 0 0 0 0 0 0 0 
0 16 0 0 0 0 0 0 0 0 0 0 0 0 0 16 0 
0 0 30.2419 0 0 0 0 0 0 0 0 0 0 0 33.2968 0 0 
0 0 89.7581 86.8328 20.7454 0 0 0 8.13181 0 0 0 21.9502 100.813 86.7032 0 0 
0 0 0 270.089 264.342 202.608 107.568 69.1913 0 70.5527 105.177 216.938 259.688 253.941 0 0 0 
0 0 0 203.079 758.947 693.494 735.095 675.986 736.304 556.025 703.478 688.083 751.432 205.246 0 0 0 
0 0 0 0 549.861 1716.41 1791.17 1998.51 1608.23 1866.37 1842.59 1612.39 566.104 0 0 0 0 
0 0 0 0 226.104 1168.21 2918.74 3611.77 4536.91 3733.53 2887.5 1285.51 220.825 0 0 0 0 
0 0 0 0 0 447.753 1541.07 2965.17 3040 3250.09 1579.13 443.393 0 0 0 0 0 
0 0 0 0 0 139.523 784.035 1479.38 2193.91 1357.49 771.111 121.691 0 0 0 0 0 
0 0 0 0 0 0 70.6829 516.276 577.931 489.733 63.9178 0 0 0 0 0 0 
0 0 0 0 0 0 59.6373 107.795 108.802 98.3361 55.1006 0 0 0 0 0 0 
0 0 0 0 0 0 0 0 57.6718 0 0 0 0 0 0 0 0 
0 0 0 0 0 0 0 15.9287 0 17.8734 0 0 0 0 0 0 0 
0 0 0 0 0 0 0 0 0 0 0 0 0 0 0 0 0 
0 0 0 0 0 0 0 0 2.10892 0 0 0 0 0 0 0 0 
