1 0 0 0 0 0 0 0 0 0 0 0 0 0 0 0 1 
0 0 0 0 0 0 0 0 0 0 0 0 0 0 0 0 0 
0 16 0 0 0 0 0 0 0 0 0 0 0 0 0 16 0 
0 0 31.3597 0 0 0 0 0 0 0 0 0 0 0 30.6412 0 0 
0 0 88.6403 101.931 26.9847 0 0 0 9.30156 0 0 0 22.5952 83.0862 89.3588 0 0 
0 0 0 253.765 281.737 184.457 86.7544 67.0908 0 56.7174 91.7833 195.269 270.999 269.255 0 0 0 
0 0 0 204.304 746.641 697.496 679.716 565.046 687.4 597.975 650.939 699.082 742.429 207.658 0 0 0 
0 0 0 0 549.464 1726.32 1801.34 1907.79 1516.15 1628.64 1698.33 1670.47 551.726 0 0 0 0 
0 0 0 0 215.173 1216.99 3118.52 3794.1 4277.15 3801.53 3105.45 1193.83 232.251 0 0 0 0 
0 0 0 0 0 412.446 1464.48 3309.28 3518.29 3296.38 1540.32 490.906 0 0 0 0 0 
0 0 0 0 0 130.29 749.444 1210.3 2146.49 1482.9 814.867 118.437 0 0 0 0 0 
0 0 0 0 0 0 52.7221 484.254 552.342 490.921 56.2157 0 0 0 0 0 0 
0 0 0 0 0 0 55.0368 88.0171 109.188 71.9781 50.097 0 0 0 0 0 0 
0 0 0 0 0 0 0 0 51.8799 0 0 0 0 0 0 0 0 
0 0 0 0 0 0 0 14.118 0 12.9555 0 0 0 0 0 0 0 
0 0 0 0 0 0 0 0 0 0 0 0 0 0 0 0 0 
0 0 0 0 0 0 0 0 1.81379 0 0 0 0 0 0 0 0 
