1 0 0 0 0 0 0 0 0 0 0 0 0 0 0 0 1 
0 0 0 0 0 0 0 0 0 0 0 0 0 0 0 0 0 
0 16 0 0 0 0 0 0 0 0 0 0 0 0 0 16 0 
0 0 28.4667 0 0 0 0 0 0 0 0 0 0 0 33.9586 0 0 
0 0 91.5333 91.3929 30.1556 0 0 0 5.87201 0 0 0 28.4377 104.692 86.0414 0 0 
0 0 0 252.344 254.967 214.805 88.3706 56.011 0 69.5097 109.887 217.335 263.559 253.114 0 0 0 
0 0 0 216.263 774.69 688.003 732.727 644.779 798.157 635.465 732.118 697.468 722.047 202.194 0 0 0 
0 0 0 0 540.821 1676.43 1893.14 1955.27 1699.63 2112.29 1970.76 1605.9 567.85 0 0 0 0 
0 0 0 0 219.367 1253.13 2903.66 3540.53 4297.98 3743.57 2884.29 1282.84 238.106 0 0 0 0 
0 0 0 0 0 410.826 1545.14 3293.7 3327.71 3019.81 1467.41 433.914 0 0 0 0 0 
0 0 0 0 0 124.806 729.87 1386.49 2002.65 1283.67 726.42 130.539 0 0 0 0 0 
0 0 0 0 0 0 61.8132 459.006 547.495 470.396 60.2134 0 0 0 0 0 0 
0 0 0 0 0 0 53.2863 86.4133 128.778 88.9042 56.8976 0 0 0 0 0 0 
0 0 0 0 0 0 0 0 59.8872 0 0 0 0 0 0 0 0 
0 0 0 0 0 0 0 17.7976 0 16.3815 0 0 0 0 0 0 0 
0 0 0 0 0 0 0 0 0 0 0 0 0 0 0 0 0 
0 0 0 0 0 0 0 0 1.84051 0 0 0 0 0 0 0 0 
