1 0 0 0 0 0 0 0 0 0 0 0 0 0 0 0 1 
0 0 0 0 0 0 0 0 0 0 0 0 0 0 0 0 0 
0 16 0 0 0 0 0 0 0 0 0 0 0 0 0 16 0 
0 0 31.723 0 0 0 0 0 0 0 0 0 0 0 34.5321 0 0 
0 0 88.277 83.1697 23.7481 0 0 0 8.24304 0 0 0 21.4174 101.831 85.4679 0 0 
0 0 0 270.581 272.313 201.19 90.4424 64.3896 0 61.392 91.7483 185.971 255.871 258.012 0 0 0 
0 0 0 206.249 711.867 746.054 769.191 667.035 803.878 648.526 718.843 724.126 743.285 200.157 0 0 0 
0 0 0 0 606.518 1594.9 1881.59 1878.07 1668.89 2040.98 1846.42 1740.49 582.272 0 0 0 0 
0 0 0 0 205.553 1281.54 2925.66 3891.36 4492.44 3681.33 3008.76 1203.25 217.155 0 0 0 0 
0 0 0 0 0 417.682 1445.48 3024.68 3167 3045.98 1507 387.597 0 0 0 0 0 
0 0 0 0 0 126.642 779.779 1263.34 1974.13 1322.91 720.248 126.574 0 0 0 0 0 
0 0 0 0 0 0 65.9111 541.238 548.197 529.311 59.0062 0 0 0 0 0 0 
0 0 0 0 0 0 49.9471 93.5035 138.606 94.1618 55.9752 0 0 0 0 0 0 
0 0 0 0 0 0 0 0 66.6339 0 0 0 0 0 0 0 0 
0 0 0 0 0 0 0 16.3759 0 15.4015 0 0 0 0 0 0 0 
0 0 0 0 0 0 0 0 0 0 0 0 0 0 0 0 0 
0 0 0 0 0 0 0 0 1.97325 0 0 0 0 0 0 0 0 
