1 0 0 0 0 0 0 0 0 0 0 0 0 0 0 0 1 
0 0 0 0 0 0 0 0 0 0 0 0 0 0 0 0 0 
0 16 0 0 0 0 0 0 0 0 0 0 0 0 0 16 0 
0 0 27.3375 0 0 0 0 0 0 0 0 0 0 0 29.6712 0 0 
0 0 92.6625 92.9611 23.7677 0 0 0 7.96166 0 0 0 32.2927 97.8666 90.3288 0 0 
0 0 0 248.777 249.121 182.471 93.483 70.1444 0 78.1959 106.73 212.122 258.506 268.64 0 0 0 
0 0 0 218.262 713.85 662.259 718.268 615.498 857.76 695.593 736.523 752.039 796.254 193.494 0 0 0 
0 0 0 0 604.655 1648.74 1729.78 1910.74 1590.04 1993.2 1888.14 1668.47 516.112 0 0 0 0 
0 0 0 0 228.606 1294.11 2930.98 3611.8 4347.57 3560.22 2913.01 1183.12 216.835 0 0 0 0 
0 0 0 0 0 454.275 1640.92 3237.6 3268.92 3191.36 1523.1 424.335 0 0 0 0 0 
0 0 0 0 0 126.148 788.863 1403.4 2045.64 1346.04 723.69 127.907 0 0 0 0 0 
0 0 0 0 0 0 52.5418 485 583.8 456.181 60.4575 0 0 0 0 0 0 
0 0 0 0 0 0 53.1611 90.7736 104.058 103.391 56.3526 0 0 0 0 0 0 
0 0 0 0 0 0 0 0 62.3791 0 0 0 0 0 0 0 0 
0 0 0 0 0 0 0 15.0517 0 15.8245 0 0 0 0 0 0 0 
0 0 0 0 0 0 0 0 0 0 0 0 0 0 0 0 0 
0 0 0 0 0 0 0 0 1.88001 0 0 0 0 0 0 0 0 
