1 0 0 0 0 0 0 0 0 0 0 0 0 0 0 0 1 
0 0 0 0 0 0 0 0 0 0 0 0 0 0 0 0 0 
0 16 0 0 0 0 0 0 0 0 0 0 0 0 0 16 0 
0 0 28.9358 0 0 0 0 0 0 0 0 0 0 0 32.5039 0 0 
0 0 91.0642 95.948 27.233 0 0 0 8.39585 0 0 0 24.103 86.381 87.4961 0 0 
0 0 0 237.01 276.659 214.001 106.159 76.3676 0 75.0551 116.109 222.699 254.12 256.881 0 0 0 
0 0 0 227.042 691.458 709.954 833.375 800.445 942.41 758.03 730.971 709.118 714.091 216.738 0 0 0 
0 0 0 0 573.239 1679.97 1915.08 2012.32 1767.54 1973.87 1781.12 1677.99 582.824 0 0 0 0 
0 0 0 0 251.41 1188.95 2813.77 3580.35 4061.79 3377.41 2930.84 1194.53 244.863 0 0 0 0 
0 0 0 0 0 439.102 1414.85 2927.91 3169.51 3148.09 1587.26 441.162 0 0 0 0 0 
0 0 0 0 0 136.027 804.586 1383.04 2169.88 1458.29 752.703 122.506 0 0 0 0 0 
0 0 0 0 0 0 65.5305 549.064 568.261 543.86 52.9514 0 0 0 0 0 0 
0 0 0 0 0 0 54.6459 95.413 112.995 89.479 56.0371 0 0 0 0 0 0 
0 0 0 0 0 0 0 0 67.4726 0 0 0 0 0 0 0 0 
0 0 0 0 0 0 0 15.0965 0 15.9179 0 0 0 0 0 0 0 
0 0 0 0 0 0 0 0 0 0 0 0 0 0 0 0 0 
0 0 0 0 0 0 0 0 1.753 0 0 0 0 0 0 0 0 
