1 0 0 0 0 0 0 0 0 0 0 0 0 0 0 0 1 
0 0 0 0 0 0 0 0 0 0 0 0 0 0 0 0 0 
0 16 0 0 0 0 0 0 0 0 0 0 0 0 0 16 0 
0 0 33.2968 0 0 0 0 0 0 0 0 0 0 0 34.0538 0 0 
0 0 86.7032 91.6537 21.7524 0 0 0 7.58052 0 0 0 26.6502 103.484 85.9462 0 0 
0 0 0 260.588 252.863 200.319 96.0821 60.1279 0 66.2103 94.8389 195.951 286.517 265.808 0 0 0 
0 0 0 207.759 735.983 758.957 790.468 648.965 802.468 638.079 731.538 685.274 711.912 190.708 0 0 0 
0 0 0 0 555.549 1625.65 1837.89 1967.96 1640.14 1946.32 1886.38 1624.73 576.524 0 0 0 0 
0 0 0 0 253.853 1198.68 2936.94 3584.46 4295.94 3818.16 2804.27 1267.82 218.397 0 0 0 0 
0 0 0 0 0 440.109 1471.03 3132.54 3280.97 2916.07 1539.62 460.071 0 0 0 0 0 
0 0 0 0 0 144.285 757.222 1439.79 2081.44 1429.53 825.709 134.15 0 0 0 0 0 
0 0 0 0 0 0 56.9268 496.608 577.996 506.737 66.9887 0 0 0 0 0 0 
0 0 0 0 0 0 61.4324 92.5838 115.606 99.3935 58.6573 0 0 0 0 0 0 
0 0 0 0 0 0 0 0 65.6137 0 0 0 0 0 0 0 0 
0 0 0 0 0 0 0 16.9598 0 19.4954 0 0 0 0 0 0 0 
0 0 0 0 0 0 0 0 0 0 0 0 0 0 0 0 0 
0 0 0 0 0 0 0 0 2.24518 0 0 0 0 0 0 0 0 
