1 0 0 0 0 0 0 0 0 0 0 0 0 0 0 0 1 
0 0 0 0 0 0 0 0 0 0 0 0 0 0 0 0 0 
0 16 0 0 0 0 0 0 0 0 0 0 0 0 0 16 0 
0 0 33.6267 0 0 0 0 0 0 0 0 0 0 0 27.919 0 0 
0 0 86.3733 91.7346 20.7075 0 0 0 7.36795 0 0 0 23.2741 90.5576 92.081 0 0 
0 0 0 258.283 265.41 190.646 90.4556 57.5436 0 61.2142 104.622 206.677 244.424 266.163 0 0 0 
0 0 0 209.983 742.908 748.15 651.625 613.838 786.082 620.661 734.782 722.783 725.451 203.279 0 0 0 
0 0 0 0 575.197 1605.64 1845.46 1920.53 1468.59 1900.6 1701.76 1606.7 607.322 0 0 0 0 
0 0 0 0 215.777 1262.74 2966.37 3574.03 4367.32 3613.76 2951.88 1256.2 219.528 0 0 0 0 
0 0 0 0 0 445.869 1575.43 3099.11 3277.37 3060.98 1611.19 445.294 0 0 0 0 0 
0 0 0 0 0 114.957 760.34 1516.3 2128.46 1530.16 765.546 130.349 0 0 0 0 0 
0 0 0 0 0 0 67.484 541.71 632.87 532.958 70.9293 0 0 0 0 0 0 
0 0 0 0 0 0 50.8402 100.992 131.882 101.32 67.2858 0 0 0 0 0 0 
0 0 0 0 0 0 0 0 68.0196 0 0 0 0 0 0 0 0 
0 0 0 0 0 0 0 15.9481 0 18.344 0 0 0 0 0 0 0 
0 0 0 0 0 0 0 0 0 0 0 0 0 0 0 0 0 
0 0 0 0 0 0 0 0 2.03405 0 0 0 0 0 0 0 0 
