1 0 0 0 0 0 0 0 0 0 0 0 0 0 0 0 1 
0 0 0 0 0 0 0 0 0 0 0 0 0 0 0 0 0 
0 16 0 0 0 0 0 0 0 0 0 0 0 0 0 16 0 
0 0 33.6167 0 0 0 0 0 0 0 0 0 0 0 31.4177 0 0 
0 0 86.3833 94.7549 21.5504 0 0 0 7.62257 0 0 0 25.7033 98.4556 88.5823 0 0 
0 0 0 248.6 256.888 190.225 96.8492 64.6306 0 55.8014 96.643 200.392 264.842 253.99 0 0 0 
0 0 0 216.645 729.144 707.768 746.039 617.215 720.053 572.953 664.452 678.596 734.422 207.555 0 0 0 
0 0 0 0 573.836 1631.57 1846.82 1982.23 1582.29 1881.07 1826.64 1655.33 571.328 0 0 0 0 
0 0 0 0 238.582 1242.67 2891.51 3656.45 4374.14 3761.25 2977.86 1254.07 223.705 0 0 0 0 
0 0 0 0 0 464.643 1534.27 3123.23 3285.01 3204.08 1569.71 450.139 0 0 0 0 0 
0 0 0 0 0 131.123 770.221 1351.09 2134.16 1343.43 757.655 129.464 0 0 0 0 0 
0 0 0 0 0 0 65.9293 526.239 577.989 513.336 61.2224 0 0 0 0 0 0 
0 0 0 0 0 0 56.3569 101.616 122.901 90.7442 53.8223 0 0 0 0 0 0 
0 0 0 0 0 0 0 0 63.6919 0 0 0 0 0 0 0 0 
0 0 0 0 0 0 0 17.3002 0 17.3444 0 0 0 0 0 0 0 
0 0 0 0 0 0 0 0 0 0 0 0 0 0 0 0 0 
0 0 0 0 0 0 0 0 2.14184 0 0 0 0 0 0 0 0 
