1 0 0 0 0 0 0 0 0 0 0 0 0 0 0 0 1 
0 0 0 0 0 0 0 0 0 0 0 0 0 0 0 0 0 
0 16 0 0 0 0 0 0 0 0 0 0 0 0 0 16 0 
0 0 41.4126 0 0 0 0 0 0 0 0 0 0 0 29.4102 0 0 
0 0 78.5874 104.675 27.1392 0 0 0 4.10678 0 0 0 22.6895 120.291 90.5898 0 0 
0 0 0 298.19 245.699 149.707 88.534 43.1711 0 30.9649 67.5083 117.274 222.106 231.866 0 0 0 
0 0 0 157.135 768.723 714.212 614.548 542.627 581.589 612.303 630.571 664.401 632.72 207.843 0 0 0 
0 0 0 0 598.682 1911.33 1892.94 1697.73 1373.53 1771.76 1853.35 1696.61 652.805 0 0 0 0 
0 0 0 0 179.757 1023.06 3536.48 4009.5 4946.27 4250.23 3055.66 1203.08 289.68 0 0 0 0 
0 0 0 0 0 468.392 1166.21 3538.37 3507.43 2831.26 1489.21 586.332 0 0 0 0 0 
0 0 0 0 0 101.297 614.548 1079.14 1848.29 1337.39 809.67 100.31 0 0 0 0 0 
0 0 0 0 0 0 58.9763 442.879 467.32 484.372 53.4035 0 0 0 0 0 0 
0 0 0 0 0 0 35.771 74.593 87.8068 109.78 48.6244 0 0 0 0 0 0 
0 0 0 0 0 0 0 0 52.4318 0 0 0 0 0 0 0 0 
0 0 0 0 0 0 0 11.9882 0 11.938 0 0 0 0 0 0 0 
0 0 0 0 0 0 0 0 0 0 0 0 0 0 0 0 0 
0 0 0 0 0 0 0 0 1.23308 0 0 0 0 0 0 0 0 
