1 0 0 0 0 0 0 0 0 0 0 0 0 0 0 0 1 
0 0 0 0 0 0 0 0 0 0 0 0 0 0 0 0 0 
0 16 0 0 0 0 0 0 0 0 0 0 0 0 0 16 0 
0 0 40.9899 0 0 0 0 0 0 0 0 0 0 0 44.8651 0 0 
0 0 79.0101 97.5985 12.526 0 0 0 9.17277 0 0 0 30.1425 96.1435 75.1349 0 0 
0 0 0 213.175 222.028 134.941 73.8459 59.7994 0 87.2863 92.5095 175.285 252.38 269.641 0 0 0 
0 0 0 249.227 774.955 604.764 520.665 567.361 695.315 494.511 683.558 641.168 596.042 194.215 0 0 0 
0 0 0 0 584.966 1892.14 1904.51 1775.12 1471.98 2148.06 1745.53 1611.9 741.786 0 0 0 0 
0 0 0 0 225.525 1260.44 3140.01 3938.27 3878.15 2801.59 2923.21 1235.88 199.649 0 0 0 0 
0 0 0 0 0 384.412 1654.67 3214.32 4064.27 4013.1 1639.77 602.321 0 0 0 0 0 
0 0 0 0 0 91.3058 608.718 1319.15 2108.52 1167.88 799.16 101.447 0 0 0 0 0 
0 0 0 0 0 0 64.1585 485.29 508.703 665.437 73.181 0 0 0 0 0 0 
0 0 0 0 0 0 41.4238 67.7616 94.1006 52.9418 51.0886 0 0 0 0 0 0 
0 0 0 0 0 0 0 0 37.4306 0 0 0 0 0 0 0 0 
0 0 0 0 0 0 0 12.9325 0 9.19991 0 0 0 0 0 0 0 
0 0 0 0 0 0 0 0 0 0 0 0 0 0 0 0 0 
0 0 0 0 0 0 0 0 2.35576 0 0 0 0 0 0 0 0 
