1 0 0 0 0 0 0 0 0 0 0 0 0 0 0 0 1 
0 0 0 0 0 0 0 0 0 0 0 0 0 0 0 0 0 
0 16 0 0 0 0 0 0 0 0 0 0 0 0 0 16 0 
0 0 28.3819 0 0 0 0 0 0 0 0 0 0 0 43.5563 0 0 
0 0 91.6181 96.1435 30.5231 0 0 0 8.43514 0 0 0 7.16602 115.754 76.4437 0 0 
0 0 0 269.641 205.354 209.859 98.1633 92.5906 0 46.1964 61.7345 156.217 233.627 264.963 0 0 0 
0 0 0 194.215 812.189 616.81 796.623 632.742 659.698 562.788 493.226 496.458 754.157 179.283 0 0 0 
0 0 0 0 508.255 1650.67 1465.21 2278.59 1684.6 1845.31 1567.47 1815.97 625.218 0 0 0 0 
0 0 0 0 263.679 1116.9 2868.75 3213.33 4169.42 3289.62 3021.38 1287.71 199.832 0 0 0 0 
0 0 0 0 0 588.564 1686.45 2971.84 3003.12 3188.41 1776.18 504.276 0 0 0 0 0 
0 0 0 0 0 185.2 902.693 1517.87 2528.88 1874.37 996.345 107.367 0 0 0 0 0 
0 0 0 0 0 0 106.14 558.393 530.082 537.016 38.0335 0 0 0 0 0 0 
0 0 0 0 0 0 83.9635 152.656 201.196 84.9682 53.6359 0 0 0 0 0 0 
0 0 0 0 0 0 0 0 82.5709 0 0 0 0 0 0 0 0 
0 0 0 0 0 0 0 21.9922 0 11.3209 0 0 0 0 0 0 0 
0 0 0 0 0 0 0 0 0 0 0 0 0 0 0 0 0 
0 0 0 0 0 0 0 0 2.00352 0 0 0 0 0 0 0 0 
