1 0 0 0 0 0 0 0 0 0 0 0 0 0 0 0 1 
0 0 0 0 0 0 0 0 0 0 0 0 0 0 0 0 0 
0 16 0 0 0 0 0 0 0 0 0 0 0 0 0 16 0 
0 0 40.5693 0 0 0 0 0 0 0 0 0 0 0 36.883 0 0 
0 0 79.4307 111.098 19.9916 0 0 0 12.1581 0 0 0 13.7791 87.4682 83.117 0 0 
0 0 0 227.958 236.054 186.221 91.518 53.6895 0 55.4129 83.7769 151.148 264.086 249.174 0 0 0 
0 0 0 220.944 811.136 555.952 551.924 614.444 893.255 534.022 638.683 791.958 776.192 223.358 0 0 0 
0 0 0 0 476.843 1822.9 2149.06 1892.62 1592.4 2047.12 2094.16 1841.36 550.402 0 0 0 0 
0 0 0 0 275.975 1292.63 2847.04 4006.68 4328.59 4200.41 2953.24 1016.89 215.541 0 0 0 0 
0 0 0 0 0 376.176 1500.29 2753.75 3166.86 2669.94 1352.09 437.361 0 0 0 0 0 
0 0 0 0 0 134.13 742.695 1451.12 2076.88 1261.19 794.853 129.284 0 0 0 0 0 
0 0 0 0 0 0 87.3271 542.245 595.036 586.509 43.4629 0 0 0 0 0 0 
0 0 0 0 0 0 38.1504 113.661 145.82 73.4102 47.7347 0 0 0 0 0 0 
0 0 0 0 0 0 0 0 57.1039 0 0 0 0 0 0 0 0 
0 0 0 0 0 0 0 11.794 0 11.9839 0 0 0 0 0 0 0 
0 0 0 0 0 0 0 0 0 0 0 0 0 0 0 0 0 
0 0 0 0 0 0 0 0 1.89387 0 0 0 0 0 0 0 0 
