1 0 0 0 0 0 0 0 0 0 0 0 0 0 0 0 1 
0 0 0 0 0 0 0 0 0 0 0 0 0 0 0 0 0 
0 16 0 0 0 0 0 0 0 0 0 0 0 0 0 16 0 
0 0 34.5321 0 0 0 0 0 0 0 0 0 0 0 39.3202 0 0 
0 0 85.4679 134.955 23.1279 0 0 0 10.1546 0 0 0 13.5286 107.35 80.6798 0 0 
0 0 0 184.462 244.793 188.813 92.6458 41.207 0 34.318 43.0758 148.978 243.577 245.727 0 0 0 
0 0 0 240.583 730.817 619.095 763.687 586.902 757.805 647.533 695.209 617.497 727.187 206.923 0 0 0 
0 0 0 0 644.944 1532.27 1566.98 2113.52 1629.54 1577.81 1494.93 1348.74 651.846 0 0 0 0 
0 0 0 0 176.318 1508.52 2973.61 3430.58 4161.17 3187.27 2665.01 1678.53 183.862 0 0 0 0 
0 0 0 0 0 393.521 1860.84 3027.47 3291.75 3611.65 2279.5 473.452 0 0 0 0 0 
0 0 0 0 0 125.777 673.952 1725 2408.3 1963.62 763.537 100.804 0 0 0 0 0 
0 0 0 0 0 0 35.1644 429.387 496.981 346.6 31.0264 0 0 0 0 0 0 
0 0 0 0 0 0 41.1113 78.1971 76.2144 64.1145 35.7111 0 0 0 0 0 0 
0 0 0 0 0 0 0 0 37.144 0 0 0 0 0 0 0 0 
0 0 0 0 0 0 0 7.74257 0 7.08192 0 0 0 0 0 0 0 
0 0 0 0 0 0 0 0 0 0 0 0 0 0 0 0 0 
0 0 0 0 0 0 0 0 0.944524 0 0 0 0 0 0 0 0 
