1 0 0 0 0 0 0 0 0 0 0 0 0 0 0 0 1 
0 0 0 0 0 0 0 0 0 0 0 0 0 0 0 0 0 
0 16 0 0 0 0 0 0 0 0 0 0 0 0 0 16 0 
0 0 32.1062 0 0 0 0 0 0 0 0 0 0 0 31.6403 0 0 
0 0 87.8938 94.3072 23.0441 0 0 0 8.04495 0 0 0 24.4242 96.2083 88.3597 0 0 
0 0 0 258.367 254.803 191.438 95.878 64.13 0 66.4217 98.5972 195.596 258.023 258.15 0 0 0 
0 0 0 207.326 735.515 684.776 703.516 626.74 768.037 633.745 710.56 694.007 741.074 205.641 0 0 0 
0 0 0 0 581.754 1667.36 1823.87 1927.26 1623.52 1936.93 1844.11 1660.08 568.031 0 0 0 0 
0 0 0 0 224.885 1254.86 2940.48 3693.87 4349.3 3687.18 2909.86 1248.28 228.447 0 0 0 0 
0 0 0 0 0 443.891 1565.88 3129.69 3264.56 3111.05 1561.37 444.757 0 0 0 0 0 
0 0 0 0 0 125.672 760.768 1380.52 2095.69 1384.4 766.078 125.28 0 0 0 0 0 
0 0 0 0 0 0 62.3243 508.942 577.656 509.914 62.9332 0 0 0 0 0 0 
0 0 0 0 0 0 55.2852 92.7899 119.302 94.578 54.4859 0 0 0 0 0 0 
0 0 0 0 0 0 0 0 61.9328 0 0 0 0 0 0 0 0 
0 0 0 0 0 0 0 16.0619 0 15.7803 0 0 0 0 0 0 0 
0 0 0 0 0 0 0 0 0 0 0 0 0 0 0 0 0 
0 0 0 0 0 0 0 0 1.96406 0 0 0 0 0 0 0 0 
