1 0 0 0 0 0 0 0 0 0 0 0 0 0 0 0 1 
0 0 0 0 0 0 0 0 0 0 0 0 0 0 0 0 0 
0 16 0 0 0 0 0 0 0 0 0 0 0 0 0 16 0 
0 0 32.5679 0 0 0 0 0 0 0 0 0 0 0 32.9309 0 0 
0 0 87.4321 97.46 25.4358 0 0 0 7.61384 0 0 0 24.2286 94.2036 87.0691 0 0 
0 0 0 254.922 250.9 188.332 100.139 65.1726 0 61.3159 95.6287 187.481 257.145 254.013 0 0 0 
0 0 0 207.618 737.998 673.064 690.664 607.102 763.112 612.755 692.041 676.176 731.241 211.783 0 0 0 
0 0 0 0 585.249 1684.97 1824.8 1961.19 1586.29 1916.15 1814.85 1676 577.869 0 0 0 0 
0 0 0 0 220.417 1245.06 2936.52 3703.15 4409.47 3674.25 2930.19 1247.97 229.517 0 0 0 0 
0 0 0 0 0 452.232 1579.4 3086.04 3205.43 3164.45 1572.8 457.768 0 0 0 0 0 
0 0 0 0 0 124.343 752.746 1379.74 2111.14 1383.27 781.736 122.599 0 0 0 0 0 
0 0 0 0 0 0 66.9029 525.043 593.805 513.737 66.128 0 0 0 0 0 0 
0 0 0 0 0 0 56.8265 96.4247 126.39 97.6825 54.6333 0 0 0 0 0 0 
0 0 0 0 0 0 0 0 64.7627 0 0 0 0 0 0 0 0 
0 0 0 0 0 0 0 16.1366 0 16.3963 0 0 0 0 0 0 0 
0 0 0 0 0 0 0 0 0 0 0 0 0 0 0 0 0 
0 0 0 0 0 0 0 0 1.99107 0 0 0 0 0 0 0 0 
