1 0 0 0 0 0 0 0 0 0 0 0 0 0 0 0 1 
0 0 0 0 0 0 0 0 0 0 0 0 0 0 0 0 0 
0 16 0 0 0 0 0 0 0 0 0 0 0 0 0 16 0 
0 0 32.6662 0 0 0 0 0 0 0 0 0 0 0 32.3768 0 0 
0 0 87.3338 96.6878 26.647 0 0 0 7.95894 0 0 0 22.3963 94.023 87.6232 0 0 
0 0 0 256.372 259.064 192.99 92.6081 63.4797 0 63.7237 96.3762 175.852 253.203 255.565 0 0 0 
0 0 0 206.94 741.527 703.713 706.881 616.731 744.129 619.101 700.233 693.973 741.789 210.412 0 0 0 
0 0 0 0 561.916 1643.26 1833.45 1890.24 1538.92 1907.96 1837.17 1650.51 575.515 0 0 0 0 
0 0 0 0 230.846 1249.12 2859.67 3674.35 4381.44 3695.29 2910.77 1278.71 227.097 0 0 0 0 
0 0 0 0 0 446.128 1594.61 3134.12 3291.43 3107.66 1566.63 444.047 0 0 0 0 0 
0 0 0 0 0 132.79 792.757 1423.67 2139.55 1400.99 776.947 124.902 0 0 0 0 0 
0 0 0 0 0 0 69.6615 525.934 584.885 532.511 65.1627 0 0 0 0 0 0 
0 0 0 0 0 0 58.36 95.4879 116.872 96.868 54.7119 0 0 0 0 0 0 
0 0 0 0 0 0 0 0 62.7023 0 0 0 0 0 0 0 0 
0 0 0 0 0 0 0 15.9881 0 15.8994 0 0 0 0 0 0 0 
0 0 0 0 0 0 0 0 0 0 0 0 0 0 0 0 0 
0 0 0 0 0 0 0 0 2.11419 0 0 0 0 0 0 0 0 
