1 0 0 0 0 0 0 0 0 0 0 0 0 0 0 0 1 
0 0 0 0 0 0 0 0 0 0 0 0 0 0 0 0 0 
0 16 0 0 0 0 0 0 0 0 0 0 0 0 0 16 0 
0 0 31.8514 0 0 0 0 0 0 0 0 0 0 0 32.0434 0 0 
0 0 88.1486 91.5231 23.2702 0 0 0 8.41246 0 0 0 22.6923 93.8001 87.9566 0 0 
0 0 0 258.566 250.285 190.383 92.8271 62.7761 0 65.0004 101.122 194.526 260.077 254.505 0 0 0 
0 0 0 209.911 736.798 684.248 707.721 633.001 773.593 643.489 719.958 696.475 741.772 211.695 0 0 0 
0 0 0 0 570.51 1654.22 1814.22 1889.04 1597.17 1917.94 1801.57 1683.65 565.483 0 0 0 0 
0 0 0 0 239.137 1246.31 2924.62 3690.95 4321.48 3674.43 2966.98 1227.08 229.976 0 0 0 0 
0 0 0 0 0 462.547 1547.5 3139.12 3298.76 3126.69 1541.58 434.528 0 0 0 0 0 
0 0 0 0 0 130.286 798.692 1391.6 2096.56 1382.89 756.977 131.739 0 0 0 0 0 
0 0 0 0 0 0 64.3849 522.013 589.112 516.916 63.976 0 0 0 0 0 0 
0 0 0 0 0 0 58.033 95.1454 117.697 96.123 55.8434 0 0 0 0 0 0 
0 0 0 0 0 0 0 0 65.1353 0 0 0 0 0 0 0 0 
0 0 0 0 0 0 0 16.3504 0 16.5212 0 0 0 0 0 0 0 
0 0 0 0 0 0 0 0 0 0 0 0 0 0 0 0 0 
0 0 0 0 0 0 0 0 2.07181 0 0 0 0 0 0 0 0 
