1 0 0 0 0 0 0 0 0 0 0 0 0 0 0 0 1 
0 0 0 0 0 0 0 0 0 0 0 0 0 0 0 0 0 
0 16 0 0 0 0 0 0 0 0 0 0 0 0 0 16 0 
0 0 31.2774 0 0 0 0 0 0 0 0 0 0 0 33.1238 0 0 
0 0 88.7226 93.4863 23.7131 0 0 0 8.87746 0 0 0 23.3428 95.5636 86.8762 0 0 
0 0 0 253.274 250.743 190.401 94.4447 67.3959 0 65.6048 100.273 193.007 251.599 261.188 0 0 0 
0 0 0 213.239 737.401 686.069 706.989 631.57 780.16 650.97 719.357 697.904 735.497 203.249 0 0 0 
0 0 0 0 565.704 1679.07 1835.86 1955.25 1639.72 1891.1 1807.55 1639.53 585.996 0 0 0 0 
0 0 0 0 242.439 1232.74 2993.71 3668.25 4301.08 3679.06 2981.56 1250.11 223.566 0 0 0 0 
0 0 0 0 0 447.013 1504.94 3151.25 3294.38 3167.48 1530.85 458.97 0 0 0 0 0 
0 0 0 0 0 132.709 751.369 1353.62 2088.96 1363.32 747.146 128.488 0 0 0 0 0 
0 0 0 0 0 0 62.4489 497.271 560.934 504.352 64.1434 0 0 0 0 0 0 
0 0 0 0 0 0 58.2408 99.289 125.858 101.82 57.1192 0 0 0 0 0 0 
0 0 0 0 0 0 0 0 67.9308 0 0 0 0 0 0 0 0 
0 0 0 0 0 0 0 16.0978 0 16.2925 0 0 0 0 0 0 0 
0 0 0 0 0 0 0 0 0 0 0 0 0 0 0 0 0 
0 0 0 0 0 0 0 0 2.09553 0 0 0 0 0 0 0 0 
