1 0 0 0 0 0 0 0 0 0 0 0 0 0 0 0 1 
0 0 0 0 0 0 0 0 0 0 0 0 0 0 0 0 0 
0 16 0 0 0 0 0 0 0 0 0 0 0 0 0 16 0 
0 0 31.9597 0 0 0 0 0 0 0 0 0 0 0 32.2557 0 0 
0 0 88.0403 95.3884 23.4958 0 0 0 7.2308 0 0 0 24.7061 94.1965 87.7443 0 0 
0 0 0 256.82 254.135 192.345 92.2658 56.9473 0 60.751 90.7064 196.129 260.025 257.51 0 0 0 
0 0 0 207.792 730.208 667.407 674.462 599.932 750.973 607.044 706.787 666.285 733.444 208.293 0 0 0 
0 0 0 0 587.258 1678.89 1787.28 1908.01 1601.03 1928.51 1819.53 1682.26 577.226 0 0 0 0 
0 0 0 0 224.903 1248.8 2974.64 3663.38 4375.03 3764.21 2963.95 1254.41 224.598 0 0 0 0 
0 0 0 0 0 450.097 1580.06 3199.94 3273.65 3079.07 1531.21 439.957 0 0 0 0 0 
0 0 0 0 0 130.461 776.278 1396.65 2086.04 1371.67 771.989 128.954 0 0 0 0 0 
0 0 0 0 0 0 65.1076 500.872 588.735 513.708 66.8164 0 0 0 0 0 0 
0 0 0 0 0 0 57.9052 97.763 118.524 98.8707 57.0161 0 0 0 0 0 0 
0 0 0 0 0 0 0 0 66.6893 0 0 0 0 0 0 0 0 
0 0 0 0 0 0 0 16.5019 0 16.1681 0 0 0 0 0 0 0 
0 0 0 0 0 0 0 0 0 0 0 0 0 0 0 0 0 
0 0 0 0 0 0 0 0 2.10114 0 0 0 0 0 0 0 0 
