1 0 0 0 0 0 0 0 0 0 0 0 0 0 0 0 1 
0 0 0 0 0 0 0 0 0 0 0 0 0 0 0 0 0 
0 16 0 0 0 0 0 0 0 0 0 0 0 0 0 16 0 
0 0 31.8746 0 0 0 0 0 0 0 0 0 0 0 33.2876 0 0 
0 0 88.1254 98.5159 24.2263 0 0 0 8.41332 0 0 0 25.77 100.673 86.7124 0 0 
0 0 0 253.929 247.962 187.459 97.8168 69.3903 0 67.6047 97.557 197.567 268.518 252.791 0 0 0 
0 0 0 207.555 753.934 684.461 734.077 611.376 786.324 634.513 716.369 711.944 729.15 206.536 0 0 0 
0 0 0 0 566.137 1661.11 1782.15 1930.54 1612.72 1920.21 1824.16 1662.81 566.512 0 0 0 0 
0 0 0 0 227.741 1267.53 2960.37 3720.58 4329.11 3699.21 2908.68 1207.35 230.051 0 0 0 0 
0 0 0 0 0 440.595 1570.97 3087.39 3272.53 3132.73 1568.02 456.59 0 0 0 0 0 
0 0 0 0 0 126.837 745.751 1409.25 2109.97 1377.01 768.47 131.735 0 0 0 0 0 
0 0 0 0 0 0 61.3908 499.143 566.342 497.663 67.6882 0 0 0 0 0 0 
0 0 0 0 0 0 55.4738 96.8888 118.641 95.3699 57.0584 0 0 0 0 0 0 
0 0 0 0 0 0 0 0 64.1693 0 0 0 0 0 0 0 0 
0 0 0 0 0 0 0 15.4491 0 15.6925 0 0 0 0 0 0 0 
0 0 0 0 0 0 0 0 0 0 0 0 0 0 0 0 0 
0 0 0 0 0 0 0 0 1.78562 0 0 0 0 0 0 0 0 
