1 0 0 0 0 0 0 0 0 0 0 0 0 0 0 0 1 
0 0 0 0 0 0 0 0 0 0 0 0 0 0 0 0 0 
0 16 0 0 0 0 0 0 0 0 0 0 0 0 0 16 0 
0 0 31.8921 0 0 0 0 0 0 0 0 0 0 0 31.3707 0 0 
0 0 88.1079 94.1834 22.793 0 0 0 8.62648 0 0 0 25.3913 94.5591 88.6293 0 0 
0 0 0 255.393 244.074 180.972 93.1782 59.8872 0 68.0723 99.5875 188.859 256.721 257.333 0 0 0 
0 0 0 210.424 731.623 676.777 682.537 603.585 710.11 587.579 677.18 692.021 737.561 208.108 0 0 0 
0 0 0 0 587.284 1678.11 1793.45 1892.32 1543.16 1919.5 1856.53 1671.13 582.836 0 0 0 0 
0 0 0 0 234.226 1250.34 2945.23 3668.86 4379.52 3658.55 2930.07 1248.47 217.491 0 0 0 0 
0 0 0 0 0 451.898 1569.61 3130.97 3278.61 3121.22 1562.41 443.697 0 0 0 0 0 
0 0 0 0 0 129.9 796.652 1429.88 2170.74 1447.26 760.608 123.827 0 0 0 0 0 
0 0 0 0 0 0 69.3382 536.062 593.917 521.871 64.5571 0 0 0 0 0 0 
0 0 0 0 0 0 58.005 102.469 116.58 99.5157 57.0584 0 0 0 0 0 0 
0 0 0 0 0 0 0 0 66.6519 0 0 0 0 0 0 0 0 
0 0 0 0 0 0 0 15.9783 0 16.4367 0 0 0 0 0 0 0 
0 0 0 0 0 0 0 0 0 0 0 0 0 0 0 0 0 
0 0 0 0 0 0 0 0 2.07908 0 0 0 0 0 0 0 0 
