1 0 0 0 0 0 0 0 0 0 0 0 0 0 0 0 1 
0 0 0 0 0 0 0 0 0 0 0 0 0 0 0 0 0 
0 16 0 0 0 0 0 0 0 0 0 0 0 0 0 16 0 
0 0 32.2049 0 0 0 0 0 0 0 0 0 0 0 32.0041 0 0 
0 0 87.7951 95.3395 24.5805 0 0 0 7.41198 0 0 0 22.3778 93.9912 87.9959 0 0 
0 0 0 253.998 248.273 189.305 92.2934 60.6242 0 63.6794 96.1765 187.829 244.035 249.811 0 0 0 
0 0 0 210.663 739.058 690.363 676.142 616.456 769.342 618.206 690.813 693.017 739.364 216.197 0 0 0 
0 0 0 0 571.551 1644.36 1807.66 1913.44 1601.22 1900.15 1812.86 1648.62 574.878 0 0 0 0 
0 0 0 0 236.538 1268.72 2965.96 3667.4 4316.95 3703.45 2938.24 1250.13 239.346 0 0 0 0 
0 0 0 0 0 439.984 1561.47 3148.33 3282.78 3152.39 1581.63 458.52 0 0 0 0 0 
0 0 0 0 0 135.271 779.427 1412.46 2115.71 1376.52 766.547 129.879 0 0 0 0 0 
0 0 0 0 0 0 64.4433 511.88 589.569 515.637 64.6674 0 0 0 0 0 0 
0 0 0 0 0 0 60.6111 92.6932 124.097 93.9784 57.0665 0 0 0 0 0 0 
0 0 0 0 0 0 0 0 60.9115 0 0 0 0 0 0 0 0 
0 0 0 0 0 0 0 16.7131 0 15.997 0 0 0 0 0 0 0 
0 0 0 0 0 0 0 0 0 0 0 0 0 0 0 0 0 
0 0 0 0 0 0 0 0 2.00762 0 0 0 0 0 0 0 0 
