1 0 0 0 0 0 0 0 0 0 0 0 0 0 0 0 1 
0 0 0 0 0 0 0 0 0 0 0 0 0 0 0 0 0 
0 16 0 0 0 0 0 0 0 0 0 0 0 0 0 16 0 
0 0 31.6424 0 0 0 0 0 0 0 0 0 0 0 30.0663 0 0 
0 0 88.3576 96.8436 24.203 0 0 0 8.0148 0 0 0 22.6876 88.7823 89.9337 0 0 
0 0 0 256.277 257.096 197.937 98.0632 63.0199 0 64.3111 92.5798 185.593 248.625 255.45 0 0 0 
0 0 0 206.879 741.342 688.812 723.302 631.502 751.037 611.716 705.58 679.046 746.07 215.768 0 0 0 
0 0 0 0 567.409 1711.44 1821.55 1910.39 1579.91 1924.71 1831.1 1694.04 564.893 0 0 0 0 
0 0 0 0 229.95 1220.11 2954.54 3686.18 4383.62 3715.93 2934.58 1229.01 237.724 0 0 0 0 
0 0 0 0 0 428.857 1560.46 3199.03 3351.67 3165.21 1589.11 448.868 0 0 0 0 0 
0 0 0 0 0 120.837 736.054 1347.65 2059.39 1354.63 735.459 131.446 0 0 0 0 0 
0 0 0 0 0 0 62.2809 494.752 555.173 494.875 62.4739 0 0 0 0 0 0 
0 0 0 0 0 0 51.7611 91.664 118.197 93.7155 57.1134 0 0 0 0 0 0 
0 0 0 0 0 0 0 0 60.8668 0 0 0 0 0 0 0 0 
0 0 0 0 0 0 0 15.8124 0 14.896 0 0 0 0 0 0 0 
0 0 0 0 0 0 0 0 0 0 0 0 0 0 0 0 0 
0 0 0 0 0 0 0 0 2.12415 0 0 0 0 0 0 0 0 
