1 0 0 0 0 0 0 0 0 0 0 0 0 0 0 0 1 
0 0 0 0 0 0 0 0 0 0 0 0 0 0 0 0 0 
0 16 0 0 0 0 0 0 0 0 0 0 0 0 0 16 0 
0 0 30.7469 0 0 0 0 0 0 0 0 0 0 0 33.966 0 0 
0 0 89.2531 99.8737 24.0861 0 0 0 8.71418 0 0 0 24.6111 99.8609 86.034 0 0 
0 0 0 254.295 254.412 195.862 101.192 69.3322 0 68.8554 101.322 193.523 262.411 253.92 0 0 0 
0 0 0 205.832 738.085 690.223 722.999 635.92 789.372 647.351 732.369 693.049 736.173 206.219 0 0 0 
0 0 0 0 575.858 1653.19 1777.79 1916.39 1621.16 1924.64 1828.66 1670.46 565.167 0 0 0 0 
0 0 0 0 227.559 1248.63 2891.07 3641.94 4349.75 3684.05 2927.6 1235.8 231.638 0 0 0 0 
0 0 0 0 0 453.744 1595.94 3158.65 3238.55 3096.07 1546.54 445.275 0 0 0 0 0 
0 0 0 0 0 126.349 797.445 1393.66 2096.08 1400.71 747.607 129.897 0 0 0 0 0 
0 0 0 0 0 0 63.9696 511.999 582.717 504.476 68.4847 0 0 0 0 0 0 
0 0 0 0 0 0 57.5942 95.8108 117.905 98.2933 55.4136 0 0 0 0 0 0 
0 0 0 0 0 0 0 0 63.8584 0 0 0 0 0 0 0 0 
0 0 0 0 0 0 0 16.2895 0 15.5443 0 0 0 0 0 0 0 
0 0 0 0 0 0 0 0 0 0 0 0 0 0 0 0 0 
0 0 0 0 0 0 0 0 1.89427 0 0 0 0 0 0 0 0 
