1 0 0 0 0 0 0 0 0 0 0 0 0 0 0 0 1 
0 0 0 0 0 0 0 0 0 0 0 0 0 0 0 0 0 
0 16 0 0 0 0 0 0 0 0 0 0 0 0 0 16 0 
0 0 30.4105 0 0 0 0 0 0 0 0 0 0 0 32.0175 0 0 
0 0 89.5895 92.5401 23.1284 0 0 0 7.26375 0 0 0 22.734 95.0323 87.9825 0 0 
0 0 0 256.299 249.983 189.495 95.3093 64.0607 0 61.3676 94.0979 195.539 265.576 260.411 0 0 0 
0 0 0 211.161 734.629 682.27 703.521 631.093 751.207 631.837 711.011 699.466 724.321 204.557 0 0 0 
0 0 0 0 583.309 1667.19 1816.17 1880.8 1591.29 1892.07 1824.51 1689.38 582.15 0 0 0 0 
0 0 0 0 228.95 1247.33 2916.17 3658.59 4381.91 3679.79 2956.42 1211.81 225.219 0 0 0 0 
0 0 0 0 0 454.096 1571.31 3158.14 3277.7 3189.11 1539.71 444.761 0 0 0 0 0 
0 0 0 0 0 127.613 783.185 1415.54 2097.52 1373.76 759.154 127.035 0 0 0 0 0 
0 0 0 0 0 0 64.0974 517.336 577.585 499.642 69.1807 0 0 0 0 0 0 
0 0 0 0 0 0 58.2386 98.342 118.978 96.622 53.9232 0 0 0 0 0 0 
0 0 0 0 0 0 0 0 64.5904 0 0 0 0 0 0 0 0 
0 0 0 0 0 0 0 16.0946 0 15.8149 0 0 0 0 0 0 0 
0 0 0 0 0 0 0 0 0 0 0 0 0 0 0 0 0 
0 0 0 0 0 0 0 0 1.95542 0 0 0 0 0 0 0 0 
