1 0 0 0 0 0 0 0 0 0 0 0 0 0 0 0 1 
0 0 0 0 0 0 0 0 0 0 0 0 0 0 0 0 0 
0 16 0 0 0 0 0 0 0 0 0 0 0 0 0 16 0 
0 0 31.8469 0 0 0 0 0 0 0 0 0 0 0 31.7437 0 0 
0 0 88.1531 97.4231 23.6226 0 0 0 8.10224 0 0 0 23.4331 94.5032 88.2563 0 0 
0 0 0 253.285 261.001 189.697 92.4095 63.0722 0 64.4254 98.6497 195.534 249.12 257.451 0 0 0 
0 0 0 209.292 745.297 668.589 711.274 627.874 762.101 630.42 703.756 683.115 745.059 208.046 0 0 0 
0 0 0 0 564.1 1680.69 1814.55 1950.44 1643.14 1928.49 1826.49 1649.16 573.7 0 0 0 0 
0 0 0 0 225.979 1244.93 2937.71 3653.64 4371.75 3703.31 2914.17 1263.87 228.687 0 0 0 0 
0 0 0 0 0 451.805 1546.52 3135.64 3206.3 3076.6 1573.39 451.049 0 0 0 0 0 
0 0 0 0 0 132.291 784.219 1379.41 2116.79 1420.88 772.371 125.282 0 0 0 0 0 
0 0 0 0 0 0 64.1702 515.909 575.274 502.266 65.6274 0 0 0 0 0 0 
0 0 0 0 0 0 57.1477 97.3863 119.13 97.1424 53.5443 0 0 0 0 0 0 
0 0 0 0 0 0 0 0 65.3198 0 0 0 0 0 0 0 0 
0 0 0 0 0 0 0 16.634 0 16.4676 0 0 0 0 0 0 0 
0 0 0 0 0 0 0 0 0 0 0 0 0 0 0 0 0 
0 0 0 0 0 0 0 0 2.09972 0 0 0 0 0 0 0 0 
