1 0 0 0 0 0 0 0 0 0 0 0 0 0 0 0 1 
0 0 0 0 0 0 0 0 0 0 0 0 0 0 0 0 0 
0 16 0 0 0 0 0 0 0 0 0 0 0 0 0 16 0 
0 0 32.4572 0 0 0 0 0 0 0 0 0 0 0 31.4781 0 0 
0 0 87.5428 92.8281 24.1485 0 0 0 8.11911 0 0 0 25.0807 96.2535 88.5219 0 0 
0 0 0 259.082 256.711 192.225 96.3823 60.6962 0 65.5979 98.9304 200.803 259.686 251.882 0 0 0 
0 0 0 208.09 738.059 688.641 721.602 628.509 766.63 630.991 722.639 687.387 734.225 211.864 0 0 0 
0 0 0 0 572.668 1670 1775.43 1909.52 1601.82 1913.28 1814.25 1663.86 577.12 0 0 0 0 
0 0 0 0 228.413 1239.56 2955.62 3653.67 4323.27 3659.33 2934.63 1244.49 223.888 0 0 0 0 
0 0 0 0 0 445.932 1568.75 3163.26 3289.04 3165.64 1546.96 446.468 0 0 0 0 0 
0 0 0 0 0 131.639 767.216 1385.51 2109.76 1378.77 770.474 124.994 0 0 0 0 0 
0 0 0 0 0 0 66.4282 522.77 581.486 512.105 64.7913 0 0 0 0 0 0 
0 0 0 0 0 0 56.5768 99.3448 122.306 98.1267 55.3296 0 0 0 0 0 0 
0 0 0 0 0 0 0 0 65.4648 0 0 0 0 0 0 0 0 
0 0 0 0 0 0 0 16.7219 0 16.1674 0 0 0 0 0 0 0 
0 0 0 0 0 0 0 0 0 0 0 0 0 0 0 0 0 
0 0 0 0 0 0 0 0 2.11604 0 0 0 0 0 0 0 0 
