1 0 0 0 0 0 0 0 0 0 0 0 0 0 0 0 1 
0 0 0 0 0 0 0 0 0 0 0 0 0 0 0 0 0 
0 16 0 0 0 0 0 0 0 0 0 0 0 0 0 16 0 
0 0 31.9428 0 0 0 0 0 0 0 0 0 0 0 31.3924 0 0 
0 0 88.0572 94.8488 25.031 0 0 0 8.45002 0 0 0 22.9249 92.4057 88.6076 0 0 
0 0 0 259.677 251.214 188.75 92.2806 62.4924 0 67.4958 100.784 191.962 261.862 255.995 0 0 0 
0 0 0 205.474 733.124 696.025 694.085 626.584 756.662 618.401 693.187 682.667 727.642 211.6 0 0 0 
0 0 0 0 581.833 1685.29 1841.24 1897.65 1597.83 1937.01 1797.19 1676.91 579.22 0 0 0 0 
0 0 0 0 228.798 1228.08 2966.78 3717.48 4387.28 3681.51 2986.45 1248.39 228.351 0 0 0 0 
0 0 0 0 0 441.586 1551.52 3117.82 3254.15 3132.29 1554.37 442.765 0 0 0 0 0 
0 0 0 0 0 128.266 744.568 1421.48 2116.78 1404.22 758.332 125.307 0 0 0 0 0 
0 0 0 0 0 0 61.9073 487.56 566.829 488.947 63.5959 0 0 0 0 0 0 
0 0 0 0 0 0 55.6232 93.8873 117.825 94.4731 54.0893 0 0 0 0 0 0 
0 0 0 0 0 0 0 0 62.3315 0 0 0 0 0 0 0 0 
0 0 0 0 0 0 0 15.0555 0 15.6477 0 0 0 0 0 0 0 
0 0 0 0 0 0 0 0 0 0 0 0 0 0 0 0 0 
0 0 0 0 0 0 0 0 1.85842 0 0 0 0 0 0 0 0 
