1 0 0 0 0 0 0 0 0 0 0 0 0 0 0 0 1 
0 0 0 0 0 0 0 0 0 0 0 0 0 0 0 0 0 
0 16 0 0 0 0 0 0 0 0 0 0 0 0 0 16 0 
0 0 33.4249 0 0 0 0 0 0 0 0 0 0 0 30.8453 0 0 
0 0 86.5751 97.6346 23.7232 0 0 0 8.1113 0 0 0 24.8525 97.2909 89.1547 0 0 
0 0 0 262.278 260.023 196.514 99.726 64.6134 0 66.5657 96.095 190.329 256.509 264.082 0 0 0 
0 0 0 200.088 742.511 672.196 713.548 636.357 777.019 622.04 681.461 708.857 738.141 198.628 0 0 0 
0 0 0 0 575.856 1675.67 1816.23 1957.01 1610.56 1878.28 1856.37 1664.85 581.536 0 0 0 0 
0 0 0 0 217.887 1234.82 2897.29 3634.54 4363.74 3785.48 2981.54 1223.63 218.962 0 0 0 0 
0 0 0 0 0 457.335 1587.46 3097.03 3253.88 3112.58 1508.1 455.035 0 0 0 0 0 
0 0 0 0 0 131.466 770.357 1412.91 2108.33 1366.96 763.957 125.298 0 0 0 0 0 
0 0 0 0 0 0 64.1668 523.327 557.227 492.443 67.8931 0 0 0 0 0 0 
0 0 0 0 0 0 59.2187 96.8126 123.499 100.271 52.5844 0 0 0 0 0 0 
0 0 0 0 0 0 0 0 65.6266 0 0 0 0 0 0 0 0 
0 0 0 0 0 0 0 17.4051 0 15.3809 0 0 0 0 0 0 0 
0 0 0 0 0 0 0 0 0 0 0 0 0 0 0 0 0 
0 0 0 0 0 0 0 0 2.00197 0 0 0 0 0 0 0 0 
