1 0 0 0 0 0 0 0 0 0 0 0 0 0 0 0 1 
0 0 0 0 0 0 0 0 0 0 0 0 0 0 0 0 0 
0 16 0 0 0 0 0 0 0 0 0 0 0 0 0 16 0 
0 0 32.4631 0 0 0 0 0 0 0 0 0 0 0 32.0255 0 0 
0 0 87.5369 97.194 24.4022 0 0 0 8.29249 0 0 0 22.869 95.0322 87.9745 0 0 
0 0 0 259.092 263.236 186.502 93.4783 65.0422 0 61.522 92.9119 185.918 249.406 257.934 0 0 0 
0 0 0 203.714 728.334 688.231 694.696 634.381 781.606 631.001 686.111 657.231 734.747 207.034 0 0 0 
0 0 0 0 570.435 1695.45 1850.86 1891.56 1594.21 1927.73 1809.21 1699.11 583.227 0 0 0 0 
0 0 0 0 233.592 1224.97 2906.25 3721.46 4382.14 3705.76 2939.64 1241.94 229.751 0 0 0 0 
0 0 0 0 0 447.521 1595.02 3142.55 3243.74 3092.13 1611.66 454.957 0 0 0 0 0 
0 0 0 0 0 125.324 745.896 1368.23 2104.42 1413.03 747.897 128.842 0 0 0 0 0 
0 0 0 0 0 0 65.5099 501.796 568.4 497.796 63.7081 0 0 0 0 0 0 
0 0 0 0 0 0 56.2982 98.173 121.586 94.5117 56.8602 0 0 0 0 0 0 
0 0 0 0 0 0 0 0 63.3828 0 0 0 0 0 0 0 0 
0 0 0 0 0 0 0 16.8005 0 16.5253 0 0 0 0 0 0 0 
0 0 0 0 0 0 0 0 0 0 0 0 0 0 0 0 0 
0 0 0 0 0 0 0 0 2.23368 0 0 0 0 0 0 0 0 
