1 0 0 0 0 0 0 0 0 0 0 0 0 0 0 0 1 
0 0 0 0 0 0 0 0 0 0 0 0 0 0 0 0 0 
0 16 0 0 0 0 0 0 0 0 0 0 0 0 0 16 0 
0 0 33.5265 0 0 0 0 0 0 0 0 0 0 0 30.4403 0 0 
0 0 86.4735 99.7585 25.1649 0 0 0 8.20731 0 0 0 22.6572 96.6679 89.5597 0 0 
0 0 0 263.748 253.178 183.751 95.9751 66.4127 0 62.4953 93.4134 188.15 247.21 255.53 0 0 0 
0 0 0 196.493 764.497 687.819 687.906 622.835 781.911 613.75 679.768 683.819 736.281 207.802 0 0 0 
0 0 0 0 564.915 1692.81 1868.63 1936.05 1623.38 1900.37 1855.55 1677.4 591.014 0 0 0 0 
0 0 0 0 212.245 1263.1 2912.45 3682.13 4277.36 3670.05 2970.2 1263.12 222.838 0 0 0 0 
0 0 0 0 0 420.98 1553.64 3068.63 3251.32 3229.48 1509.13 439.675 0 0 0 0 0 
0 0 0 0 0 119.542 772.17 1424.41 2177.23 1354.38 783.899 115.833 0 0 0 0 0 
0 0 0 0 0 0 59.3715 524.13 561.558 495.043 62.9435 0 0 0 0 0 0 
0 0 0 0 0 0 57.8581 97.8616 118.918 97.8418 53.0942 0 0 0 0 0 0 
0 0 0 0 0 0 0 0 68.1471 0 0 0 0 0 0 0 0 
0 0 0 0 0 0 0 17.5389 0 16.6011 0 0 0 0 0 0 0 
0 0 0 0 0 0 0 0 0 0 0 0 0 0 0 0 0 
0 0 0 0 0 0 0 0 1.97498 0 0 0 0 0 0 0 0 
