1 0 0 0 0 0 0 0 0 0 0 0 0 0 0 0 1 
0 0 0 0 0 0 0 0 0 0 0 0 0 0 0 0 0 
0 16 0 0 0 0 0 0 0 0 0 0 0 0 0 16 0 
0 0 31.3657 0 0 0 0 0 0 0 0 0 0 0 32.6609 0 0 
0 0 88.6343 92.3886 22.6654 0 0 0 7.19818 0 0 0 27.2842 95.0305 87.3391 0 0 
0 0 0 257.473 244.807 191.007 89.846 61.143 0 63.1741 94.5247 191.897 258.109 257.05 0 0 0 
0 0 0 210.139 749.845 715.029 726.025 643.526 790.957 604.518 698.609 691.206 735.223 207.92 0 0 0 
0 0 0 0 578.25 1663.47 1874.16 1957.96 1624.66 1949.58 1846.09 1650.78 565.292 0 0 0 0 
0 0 0 0 224.432 1211.83 2928.55 3718.16 4505.33 3719.32 2978.88 1270.77 234.093 0 0 0 0 
0 0 0 0 0 451.228 1519.73 3046.15 3184.17 3146.65 1534.41 434.306 0 0 0 0 0 
0 0 0 0 0 135.443 747.983 1398.75 1993.78 1319.81 739.642 129.047 0 0 0 0 0 
0 0 0 0 0 0 62.8864 510.458 582.711 526.152 61.0504 0 0 0 0 0 0 
0 0 0 0 0 0 58.8252 87.7356 118.5 95.7602 54.785 0 0 0 0 0 0 
0 0 0 0 0 0 0 0 60.6586 0 0 0 0 0 0 0 0 
0 0 0 0 0 0 0 16.1062 0 15.0407 0 0 0 0 0 0 0 
0 0 0 0 0 0 0 0 0 0 0 0 0 0 0 0 0 
0 0 0 0 0 0 0 0 2.03585 0 0 0 0 0 0 0 0 
