1 0 0 0 0 0 0 0 0 0 0 0 0 0 0 0 1 
0 0 0 0 0 0 0 0 0 0 0 0 0 0 0 0 0 
0 16 0 0 0 0 0 0 0 0 0 0 0 0 0 16 0 
0 0 33.7661 0 0 0 0 0 0 0 0 0 0 0 31.7034 0 0 
0 0 86.2339 95.0337 26.8629 0 0 0 7.68224 0 0 0 21.1362 98.1042 88.2966 0 0 
0 0 0 267.162 255.431 183.985 91.0586 56.8474 0 59.1819 93.8966 198.149 270.52 250.107 0 0 0 
0 0 0 197.804 742.929 672.277 688.613 635.461 745.25 597.505 690.544 701.819 716.421 211.789 0 0 0 
0 0 0 0 558.905 1658.57 1816.58 1935.06 1621.06 1891.74 1833.17 1657.58 578.221 0 0 0 0 
0 0 0 0 235.872 1272.92 2909.17 3672.92 4283.09 3627.13 2926.86 1254.23 233.702 0 0 0 0 
0 0 0 0 0 449.797 1605.56 3062.08 3251.18 3150.91 1551.93 429.752 0 0 0 0 0 
0 0 0 0 0 130.444 771.385 1429.34 2164.81 1466.77 787.079 126.466 0 0 0 0 0 
0 0 0 0 0 0 64.8846 530.81 597.053 537.696 65.5679 0 0 0 0 0 0 
0 0 0 0 0 0 60.7528 100.205 130.139 91.6573 58.9503 0 0 0 0 0 0 
0 0 0 0 0 0 0 0 67.1918 0 0 0 0 0 0 0 0 
0 0 0 0 0 0 0 17.2773 0 17.41 0 0 0 0 0 0 0 
0 0 0 0 0 0 0 0 0 0 0 0 0 0 0 0 0 
0 0 0 0 0 0 0 0 2.53801 0 0 0 0 0 0 0 0 
