1 0 0 0 0 0 0 0 0 0 0 0 0 0 0 0 0 
0 0 0 0 0 0 0 0 0 0 0 0 0 0 0 0 0 
0 16 0 0 0 0 0 0 0 0 0 0 0 0 0 0 0 
0 0 32 0 0 0 0 0 0 0 0 0 0 0 0 0 0 
0 0 88 96.6011 24.1503 0 0 0 7.94563 0 0 0 0 0 0 0 0 
0 0 0 254.798 256.277 192.044 96.1675 63.565 0 0 0 0 0 0 0 0 0 
0 0 0 208.601 734.855 689.235 704.855 625.056 763.284 0 0 0 0 0 0 0 0 
0 0 0 0 576.857 1661.67 1818.1 1907.14 1603.3 0 0 0 0 0 0 0 0 
0 0 0 0 227.86 1249.35 2937.24 3705.09 4364.04 0 0 0 0 0 0 0 0 
0 0 0 0 0 447.119 1563.79 3125.03 3258.15 0 0 0 0 0 0 0 0 
0 0 0 0 0 128.577 767.449 1388.26 2112.53 0 0 0 0 0 0 0 0 
0 0 0 0 0 0 63.9316 513.301 572.813 0 0 0 0 0 0 0 0 
0 0 0 0 0 0 56.4581 96.4285 121.747 0 0 0 0 0 0 0 0 
0 0 0 0 0 0 0 0 64.1769 0 0 0 0 0 0 0 0 
0 0 0 0 0 0 0 16.1309 0 0 0 0 0 0 0 0 0 
0 0 0 0 0 0 0 0 0 0 0 0 0 0 0 0 0 
0 0 0 0 0 0 0 0 2.01636 0 0 0 0 0 0 0 0 
