1 0 0 0 0 0 0 0 0 0 0 0 0 0 0 0 0 
0 0 0 0 0 0 0 0 0 0 0 0 0 0 0 0 0 
0 16 0 0 0 0 0 0 0 0 0 0 0 0 0 0 0 
0 0 32 0 0 0 0 0 0 0 0 0 0 0 0 0 0 
0 0 88 96.4075 24.1019 0 0 0 8.02897 0 0 0 0 0 0 0 0 
0 0 0 255.185 256.488 193.441 96.2802 64.2317 0 0 0 0 0 0 0 0 0 
0 0 0 208.407 735.305 686.821 705.439 625.044 769.557 0 0 0 0 0 0 0 0 
0 0 0 0 575.519 1662.75 1823.94 1914.71 1602.59 0 0 0 0 0 0 0 0 
0 0 0 0 228.587 1248.71 2924 3687.16 4355.56 0 0 0 0 0 0 0 0 
0 0 0 0 0 447.846 1569.44 3134.08 3252.89 0 0 0 0 0 0 0 0 
0 0 0 0 0 128.434 768.744 1389.21 2115.09 0 0 0 0 0 0 0 0 
0 0 0 0 0 0 63.8978 513.429 581.954 0 0 0 0 0 0 0 0 
0 0 0 0 0 0 56.2603 96.0654 118.746 0 0 0 0 0 0 0 0 
0 0 0 0 0 0 0 0 63.5652 0 0 0 0 0 0 0 0 
0 0 0 0 0 0 0 16.0744 0 0 0 0 0 0 0 0 0 
0 0 0 0 0 0 0 0 0 0 0 0 0 0 0 0 0 
0 0 0 0 0 0 0 0 2.0093 0 0 0 0 0 0 0 0 
