1 0 0 0 0 0 0 0 0 0 0 0 0 0 0 0 0 
0 0 0 0 0 0 0 0 0 0 0 0 0 0 0 0 0 
0 16 0 0 0 0 0 0 0 0 0 0 0 0 0 0 0 
0 0 32 0 0 0 0 0 0 0 0 0 0 0 0 0 0 
0 0 88 96.1317 24.0329 0 0 0 8.05517 0 0 0 0 0 0 0 0 
0 0 0 255.737 256.527 192.161 96.4768 64.4414 0 0 0 0 0 0 0 0 0 
0 0 0 208.132 735.548 685.24 701.838 622.506 770.926 0 0 0 0 0 0 0 0 
0 0 0 0 575.192 1669.82 1820.85 1915.67 1591.46 0 0 0 0 0 0 0 0 
0 0 0 0 228.7 1245.22 2938.93 3687 4363.43 0 0 0 0 0 0 0 0 
0 0 0 0 0 446.35 1563.22 3136.13 3260.31 0 0 0 0 0 0 0 0 
0 0 0 0 0 129.216 765.809 1393.25 2115.17 0 0 0 0 0 0 0 0 
0 0 0 0 0 0 64.4337 508.914 575.706 0 0 0 0 0 0 0 0 
0 0 0 0 0 0 56.4543 95.9635 118.993 0 0 0 0 0 0 0 0 
0 0 0 0 0 0 0 0 63.9329 0 0 0 0 0 0 0 0 
0 0 0 0 0 0 0 16.1298 0 0 0 0 0 0 0 0 0 
0 0 0 0 0 0 0 0 0 0 0 0 0 0 0 0 0 
0 0 0 0 0 0 0 0 2.01623 0 0 0 0 0 0 0 0 
