1 0 0 0 0 0 0 0 0 0 0 0 0 0 0 0 0 
0 0 0 0 0 0 0 0 0 0 0 0 0 0 0 0 0 
0 16 0 0 0 0 0 0 0 0 0 0 0 0 0 0 0 
0 0 32 0 0 0 0 0 0 0 0 0 0 0 0 0 0 
0 0 88 95.3221 23.8305 0 0 0 8.00817 0 0 0 0 0 0 0 0 
0 0 0 257.356 255.489 191.719 96.6837 64.0653 0 0 0 0 0 0 0 0 0 
0 0 0 207.322 736.092 687.401 706.229 625.921 767.678 0 0 0 0 0 0 0 0 
0 0 0 0 578.027 1665.09 1816.16 1916.35 1600.67 0 0 0 0 0 0 0 0 
0 0 0 0 226.562 1248.44 2931.28 3681.92 4353.79 0 0 0 0 0 0 0 0 
0 0 0 0 0 447.665 1571.87 3135.56 3268.1 0 0 0 0 0 0 0 0 
0 0 0 0 0 127.69 766.372 1392.16 2106.86 0 0 0 0 0 0 0 0 
0 0 0 0 0 0 63.5498 511.495 580.995 0 0 0 0 0 0 0 0 
0 0 0 0 0 0 55.8517 96.5707 118.234 0 0 0 0 0 0 0 0 
0 0 0 0 0 0 0 0 63.6743 0 0 0 0 0 0 0 0 
0 0 0 0 0 0 0 15.9576 0 0 0 0 0 0 0 0 0 
0 0 0 0 0 0 0 0 0 0 0 0 0 0 0 0 0 
0 0 0 0 0 0 0 0 1.9947 0 0 0 0 0 0 0 0 
