1 0 0 0 0 0 0 0 0 0 0 0 0 0 0 0 0 
0 0 0 0 0 0 0 0 0 0 0 0 0 0 0 0 0 
0 16 0 0 0 0 0 0 0 0 0 0 0 0 0 0 0 
0 0 32 0 0 0 0 0 0 0 0 0 0 0 0 0 0 
0 0 88 96.0496 24.0124 0 0 0 7.91213 0 0 0 0 0 0 0 0 
0 0 0 255.901 257.36 192.352 95.5412 63.297 0 0 0 0 0 0 0 0 0 
0 0 0 208.05 733.145 685.609 706.665 626.659 769.205 0 0 0 0 0 0 0 0 
0 0 0 0 577.579 1667.04 1822.59 1923.72 1600.28 0 0 0 0 0 0 0 0 
0 0 0 0 227.903 1246.58 2923.5 3666.94 4361.64 0 0 0 0 0 0 0 0 
0 0 0 0 0 449.518 1571.84 3142.83 3247.17 0 0 0 0 0 0 0 0 
0 0 0 0 0 126.901 768.324 1393.57 2121.9 0 0 0 0 0 0 0 0 
0 0 0 0 0 0 64.1023 510.657 575.703 0 0 0 0 0 0 0 0 
0 0 0 0 0 0 55.4366 96.486 120.638 0 0 0 0 0 0 0 0 
0 0 0 0 0 0 0 0 63.5741 0 0 0 0 0 0 0 0 
0 0 0 0 0 0 0 15.839 0 0 0 0 0 0 0 0 0 
0 0 0 0 0 0 0 0 0 0 0 0 0 0 0 0 0 
0 0 0 0 0 0 0 0 1.97988 0 0 0 0 0 0 0 0 
