1 0 0 0 0 0 0 0 0 0 0 0 0 0 0 0 0 
0 0 0 0 0 0 0 0 0 0 0 0 0 0 0 0 0 
0 16 0 0 0 0 0 0 0 0 0 0 0 0 0 0 0 
0 0 32 0 0 0 0 0 0 0 0 0 0 0 0 0 0 
0 0 88 95.9733 23.9933 0 0 0 8.13861 0 0 0 0 0 0 0 0 
0 0 0 256.053 255.185 191.117 96.8268 65.1089 0 0 0 0 0 0 0 0 0 
0 0 0 207.973 736.892 689.781 708.402 623.378 772.565 0 0 0 0 0 0 0 0 
0 0 0 0 576.688 1662.32 1811.33 1922.85 1595.61 0 0 0 0 0 0 0 0 
0 0 0 0 227.242 1248.65 2937.16 3663.55 4346.13 0 0 0 0 0 0 0 0 
0 0 0 0 0 449.032 1565.05 3153.95 3272.5 0 0 0 0 0 0 0 0 
0 0 0 0 0 127.101 769.684 1389.78 2114.51 0 0 0 0 0 0 0 0 
0 0 0 0 0 0 63.989 509.809 578.22 0 0 0 0 0 0 0 0 
0 0 0 0 0 0 55.5559 95.687 116.492 0 0 0 0 0 0 0 0 
0 0 0 0 0 0 0 0 63.8552 0 0 0 0 0 0 0 0 
0 0 0 0 0 0 0 15.8731 0 0 0 0 0 0 0 0 0 
0 0 0 0 0 0 0 0 0 0 0 0 0 0 0 0 0 
0 0 0 0 0 0 0 0 1.98414 0 0 0 0 0 0 0 0 
