1 0 0 0 0 0 0 0 0 0 0 0 0 0 0 0 0 
0 0 0 0 0 0 0 0 0 0 0 0 0 0 0 0 0 
0 16 0 0 0 0 0 0 0 0 0 0 0 0 0 0 0 
0 0 32 0 0 0 0 0 0 0 0 0 0 0 0 0 0 
0 0 88 96.2784 24.0696 0 0 0 8.08131 0 0 0 0 0 0 0 0 
0 0 0 255.443 256.387 192.789 96.3107 64.6505 0 0 0 0 0 0 0 0 0 
0 0 0 208.278 734.239 687.963 704.422 624.446 768.363 0 0 0 0 0 0 0 0 
0 0 0 0 578.083 1660.58 1818.87 1918.81 1593.8 0 0 0 0 0 0 0 0 
0 0 0 0 227.221 1250.83 2934.89 3677.01 4366.4 0 0 0 0 0 0 0 0 
0 0 0 0 0 448.81 1565.53 3139.2 3259.89 0 0 0 0 0 0 0 0 
0 0 0 0 0 127.03 768.382 1392.78 2112.04 0 0 0 0 0 0 0 0 
0 0 0 0 0 0 64.0236 511.31 574.869 0 0 0 0 0 0 0 0 
0 0 0 0 0 0 55.5694 95.9268 120.491 0 0 0 0 0 0 0 0 
0 0 0 0 0 0 0 0 64.088 0 0 0 0 0 0 0 0 
0 0 0 0 0 0 0 15.877 0 0 0 0 0 0 0 0 0 
0 0 0 0 0 0 0 0 0 0 0 0 0 0 0 0 0 
0 0 0 0 0 0 0 0 1.98462 0 0 0 0 0 0 0 0 
