1 0 0 0 0 0 0 0 0 0 0 0 0 0 0 0 0 
0 0 0 0 0 0 0 0 0 0 0 0 0 0 0 0 0 
0 16 0 0 0 0 0 0 0 0 0 0 0 0 0 0 0 
0 0 32 0 0 0 0 0 0 0 0 0 0 0 0 0 0 
0 0 88 96.2021 24.0505 0 0 0 8.03246 0 0 0 0 0 0 0 0 
0 0 0 255.596 256.776 192.356 95.9747 64.2597 0 0 0 0 0 0 0 0 0 
0 0 0 208.202 735.871 687.043 703.789 624.362 768.937 0 0 0 0 0 0 0 0 
0 0 0 0 573.729 1666.42 1827.32 1923.87 1604.2 0 0 0 0 0 0 0 0 
0 0 0 0 229.574 1245.46 2922.48 3675.19 4350.09 0 0 0 0 0 0 0 0 
0 0 0 0 0 447.849 1571.8 3131.36 3263.81 0 0 0 0 0 0 0 0 
0 0 0 0 0 128.865 765.755 1397.61 2108.41 0 0 0 0 0 0 0 0 
0 0 0 0 0 0 64.0482 511.07 580.737 0 0 0 0 0 0 0 0 
0 0 0 0 0 0 56.8421 96.0327 119.665 0 0 0 0 0 0 0 0 
0 0 0 0 0 0 0 0 64.0895 0 0 0 0 0 0 0 0 
0 0 0 0 0 0 0 16.2406 0 0 0 0 0 0 0 0 0 
0 0 0 0 0 0 0 0 0 0 0 0 0 0 0 0 0 
0 0 0 0 0 0 0 0 2.03008 0 0 0 0 0 0 0 0 
