1 0 0 0 0 0 0 0 0 0 0 0 0 0 0 0 0 
0 0 0 0 0 0 0 0 0 0 0 0 0 0 0 0 0 
0 16 0 0 0 0 0 0 0 0 0 0 0 0 0 0 0 
0 0 32 0 0 0 0 0 0 0 0 0 0 0 0 0 0 
0 0 88 95.9323 23.9831 0 0 0 8.07324 0 0 0 0 0 0 0 0 
0 0 0 256.135 255.701 191.607 96.6872 64.5859 0 0 0 0 0 0 0 0 0 
0 0 0 207.932 736.949 688.978 704.21 621.303 763.051 0 0 0 0 0 0 0 0 
0 0 0 0 575.068 1663.97 1819.37 1915.67 1602.21 0 0 0 0 0 0 0 0 
0 0 0 0 228.299 1247.98 2935.72 3685.48 4361.45 0 0 0 0 0 0 0 0 
0 0 0 0 0 446.189 1563.06 3141.64 3263.67 0 0 0 0 0 0 0 0 
0 0 0 0 0 129.277 768.432 1392.15 2111.64 0 0 0 0 0 0 0 0 
0 0 0 0 0 0 64.165 506.796 574.29 0 0 0 0 0 0 0 0 
0 0 0 0 0 0 56.3582 96.2766 119.318 0 0 0 0 0 0 0 0 
0 0 0 0 0 0 0 0 64.2828 0 0 0 0 0 0 0 0 
0 0 0 0 0 0 0 16.1023 0 0 0 0 0 0 0 0 0 
0 0 0 0 0 0 0 0 0 0 0 0 0 0 0 0 0 
0 0 0 0 0 0 0 0 2.01279 0 0 0 0 0 0 0 0 
