1 0 0 0 0 0 0 0 0 0 0 0 0 0 0 0 1 
0 0 0 0 0 0 0 0 0 0 0 0 0 0 0 0 0 
0 16 0 0 0 0 0 0 0 0 0 0 0 0 0 16 0 
0 0 30.4633 0 0 0 0 0 0 0 0 0 0 0 27.05 0 0 
0 0 89.5367 88.9596 20.5798 0 0 0 7.30726 0 0 0 19.3531 86.4103 92.95 0 0 
0 0 0 282.713 189.248 154.986 73.2307 56.3315 0 51.3063 66.197 156.721 214.67 242.344 0 0 0 
0 0 0 188.327 714.216 642.399 763.081 840.821 957.062 675.829 628.059 582.291 671.643 231.246 0 0 0 
0 0 0 0 681.51 1692.49 1948.6 2250.15 1733.01 1499.39 1530.36 1821.83 682.22 0 0 0 0 
0 0 0 0 214.446 1219.06 2663.41 3539.99 4157.29 3769.47 3448.72 1332.88 232.114 0 0 0 0 
0 0 0 0 0 532.567 1517.57 2549.76 3237.7 3432.14 1629.06 342.311 0 0 0 0 0 
0 0 0 0 0 126.496 920.452 1620.72 1933.32 1453.26 590.007 131.973 0 0 0 0 0 
0 0 0 0 0 0 64.6258 479.085 700.201 457.288 69.3738 0 0 0 0 0 0 
0 0 0 0 0 0 57.0321 84.5636 81.0542 90.0454 46.2129 0 0 0 0 0 0 
0 0 0 0 0 0 0 0 61.1829 0 0 0 0 0 0 0 0 
0 0 0 0 0 0 0 18.5762 0 11.2705 0 0 0 0 0 0 0 
0 0 0 0 0 0 0 0 0 0 0 0 0 0 0 0 0 
0 0 0 0 0 0 0 0 1.87666 0 0 0 0 0 0 0 0 
