1 0 0 0 0 0 0 0 0 0 0 0 0 0 0 0 1 
0 0 0 0 0 0 0 0 0 0 0 0 0 0 0 0 0 
0 16 0 0 0 0 0 0 0 0 0 0 0 0 0 16 0 
0 0 38.9082 0 0 0 0 0 0 0 0 0 0 0 27.05 0 0 
0 0 81.0918 120.022 17.7961 0 0 0 5.06129 0 0 0 28.3994 139.586 92.95 0 0 
0 0 0 254.086 320.411 157.298 90.8212 37.5143 0 63.7404 99.69 203.047 249.197 241.183 0 0 0 
0 0 0 185.893 722.056 716.06 630.424 664.957 812.199 643.755 681.257 708.704 732.43 179.232 0 0 0 
0 0 0 0 562.338 2039.87 2067.08 2016.46 1470.7 1921.9 1971.28 1809.74 552.867 0 0 0 0 
0 0 0 0 197.399 933.919 3007.59 4073.35 4390.71 3480.11 3150.1 1114.95 257.107 0 0 0 0 
0 0 0 0 0 414.424 1443.06 2629.95 3366.47 3426.15 1354.84 385.315 0 0 0 0 0 
0 0 0 0 0 106.433 640.352 1429.88 2074.02 1240.87 630.06 146.249 0 0 0 0 0 
0 0 0 0 0 0 56.8345 449.932 516.265 568.112 47.8318 0 0 0 0 0 0 
0 0 0 0 0 0 71.8455 115.552 162.45 70.0051 72.9347 0 0 0 0 0 0 
0 0 0 0 0 0 0 0 69.8689 0 0 0 0 0 0 0 0 
0 0 0 0 0 0 0 22.4008 0 25.3542 0 0 0 0 0 0 0 
0 0 0 0 0 0 0 0 0 0 0 0 0 0 0 0 0 
0 0 0 0 0 0 0 0 2.24593 0 0 0 0 0 0 0 0 
