1 0 0 0 0 0 0 0 0 0 0 0 0 0 0 0 1 
0 0 0 0 0 0 0 0 0 0 0 0 0 0 0 0 0 
0 16 0 0 0 0 0 0 0 0 0 0 0 0 0 16 0 
0 0 30.4458 0 0 0 0 0 0 0 0 0 0 0 30.3369 0 0 
0 0 89.5542 89.4518 20.8673 0 0 0 7.99497 0 0 0 22.4185 94.5192 89.6631 0 0 
0 0 0 261.162 244.463 180.625 98.1768 62.0361 0 61.7608 91.7517 176.675 250.123 255.822 0 0 0 
0 0 0 209.386 759.584 694.487 687.142 608.513 758.42 619.683 705.24 669.225 771.085 209.659 0 0 0 
0 0 0 0 572.465 1680.45 1819.58 1917.92 1615.78 1895.47 1861.45 1732.37 540.495 0 0 0 0 
0 0 0 0 222.62 1243.59 2913.26 3718.68 4337.55 3682.69 2921.03 1222.37 235.879 0 0 0 0 
0 0 0 0 0 441.249 1582.1 3128.95 3346.82 3156.42 1534.15 433.476 0 0 0 0 0 
0 0 0 0 0 127.6 783.166 1364.87 2046.58 1406.7 765.91 133.889 0 0 0 0 0 
0 0 0 0 0 0 64.6906 518.337 575.385 495.524 66.5286 0 0 0 0 0 0 
0 0 0 0 0 0 59.881 102.777 113.549 103.697 61.9308 0 0 0 0 0 0 
0 0 0 0 0 0 0 0 65.8186 0 0 0 0 0 0 0 0 
0 0 0 0 0 0 0 17.9086 0 18.0461 0 0 0 0 0 0 0 
0 0 0 0 0 0 0 0 0 0 0 0 0 0 0 0 0 
0 0 0 0 0 0 0 0 2.09638 0 0 0 0 0 0 0 0 
