1 0 0 0 0 0 0 0 0 0 0 0 0 0 0 0 1 
0 0 0 0 0 0 0 0 0 0 0 0 0 0 0 0 0 
0 16 0 0 0 0 0 0 0 0 0 0 0 0 0 16 0 
0 0 33.9831 0 0 0 0 0 0 0 0 0 0 0 32.8732 0 0 
0 0 86.0169 98.5083 23.0923 0 0 0 8.21783 0 0 0 22.6381 98.7616 87.1268 0 0 
0 0 0 257.933 249.858 178.954 91.3588 59.9809 0 69.8781 100.845 187.514 253.573 256.135 0 0 0 
0 0 0 203.559 730.495 684.971 679.603 612.923 766.787 610.931 705.279 714.658 735.121 205.104 0 0 0 
0 0 0 0 593.712 1672.22 1840.35 1879.02 1595.63 1902.48 1854.54 1624.41 592.001 0 0 0 0 
0 0 0 0 222.842 1257.74 2908.38 3669.85 4311.55 3714.54 2887.89 1249.39 216.667 0 0 0 0 
0 0 0 0 0 447.507 1626.73 3258.82 3320.26 3170.47 1587.41 475.662 0 0 0 0 0 
0 0 0 0 0 126.612 743.504 1380.89 2097.6 1368.56 759.385 116.365 0 0 0 0 0 
0 0 0 0 0 0 62.6698 468.412 594.312 496.565 60.9065 0 0 0 0 0 0 
0 0 0 0 0 0 55.4046 94.0407 112.034 91.3508 51.7457 0 0 0 0 0 0 
0 0 0 0 0 0 0 0 61.5927 0 0 0 0 0 0 0 0 
0 0 0 0 0 0 0 16.0701 0 15.2292 0 0 0 0 0 0 0 
0 0 0 0 0 0 0 0 0 0 0 0 0 0 0 0 0 
0 0 0 0 0 0 0 0 2.01049 0 0 0 0 0 0 0 0 
