1 0 0 0 0 0 0 0 0 0 0 0 0 0 0 0 1 
0 0 0 0 0 0 0 0 0 0 0 0 0 0 0 0 0 
0 16 0 0 0 0 0 0 0 0 0 0 0 0 0 16 0 
0 0 31.143 0 0 0 0 0 0 0 0 0 0 0 32.7406 0 0 
0 0 88.857 95.9823 24.0476 0 0 0 7.55496 0 0 0 23.8315 98.1663 87.2594 0 0 
0 0 0 249.982 263.429 184.824 91.8481 58.4309 0 60.4869 93.1845 192.864 257.367 251.463 0 0 0 
0 0 0 214.035 720.969 650.54 704.44 648.156 733.307 613.452 701.091 697.431 734.767 210.371 0 0 0 
0 0 0 0 580.763 1680.38 1804.74 1927.67 1594.06 1901.33 1805.31 1631.83 577.272 0 0 0 0 
0 0 0 0 230.791 1297.22 2928.29 3679.79 4324.87 3720.36 2961.18 1269.02 226.762 0 0 0 0 
0 0 0 0 0 429.161 1572.18 3104.64 3363.17 3149.07 1570.19 451.278 0 0 0 0 0 
0 0 0 0 0 125.871 789.34 1414.95 2104.92 1382.58 762.322 125.577 0 0 0 0 0 
0 0 0 0 0 0 58.4371 496.325 565.972 501.492 62.857 0 0 0 0 0 0 
0 0 0 0 0 0 58.7268 95.9934 113.308 96.1425 51.8553 0 0 0 0 0 0 
0 0 0 0 0 0 0 0 61.0348 0 0 0 0 0 0 0 0 
0 0 0 0 0 0 0 14.0495 0 15.0818 0 0 0 0 0 0 0 
0 0 0 0 0 0 0 0 0 0 0 0 0 0 0 0 0 
0 0 0 0 0 0 0 0 1.80129 0 0 0 0 0 0 0 0 
