1 0 0 0 0 0 0 0 0 0 0 0 0 0 0 0 1 
0 0 0 0 0 0 0 0 0 0 0 0 0 0 0 0 0 
0 16 0 0 0 0 0 0 0 0 0 0 0 0 0 16 0 
0 0 32.4803 0 0 0 0 0 0 0 0 0 0 0 32.0366 0 0 
0 0 87.5197 96.7868 25.7346 0 0 0 8.55451 0 0 0 25.022 91.1671 87.9634 0 0 
0 0 0 261.851 261.092 190.056 94.5883 67.0322 0 66.3633 105.12 200.361 260.56 247.611 0 0 0 
0 0 0 201.362 724.433 691.403 741.219 642.748 820.453 685.762 738.491 698.528 714.345 221.222 0 0 0 
0 0 0 0 597.613 1652.18 1830.01 1950.43 1549.28 1966.77 1889.09 1660.17 578.842 0 0 0 0 
0 0 0 0 211.127 1242.5 2844.52 3659.53 4376.81 3603.07 2838.82 1218.39 241.231 0 0 0 0 
0 0 0 0 0 479.803 1594.68 3098.06 3299.63 3168.84 1577.82 463.539 0 0 0 0 0 
0 0 0 0 0 112.059 799.718 1440.35 2099.51 1364.57 744.144 127.008 0 0 0 0 0 
0 0 0 0 0 0 54.3629 479.199 547.964 485.094 61.2292 0 0 0 0 0 0 
0 0 0 0 0 0 48.9058 87.8808 110.89 84.5232 53.283 0 0 0 0 0 0 
0 0 0 0 0 0 0 0 54.8447 0 0 0 0 0 0 0 0 
0 0 0 0 0 0 0 14.7674 0 15.0088 0 0 0 0 0 0 0 
0 0 0 0 0 0 0 0 0 0 0 0 0 0 0 0 0 
0 0 0 0 0 0 0 0 2.0555 0 0 0 0 0 0 0 0 
