1 0 0 0 0 0 0 0 0 0 0 0 0 0 0 0 1 
0 0 0 0 0 0 0 0 0 0 0 0 0 0 0 0 0 
0 16 0 0 0 0 0 0 0 0 0 0 0 0 0 16 0 
0 0 30.5236 0 0 0 0 0 0 0 0 0 0 0 31.5674 0 0 
0 0 89.4764 96.5625 26.0294 0 0 0 7.61714 0 0 0 21.9568 87.974 88.4326 0 0 
0 0 0 249.462 257.726 194.017 93.3763 62.0828 0 62.4913 97.7345 190.642 257.89 267.967 0 0 0 
0 0 0 213.975 713.835 688.396 684.791 616.516 775.494 645.133 680.361 722.606 751.859 204.059 0 0 0 
0 0 0 0 580.187 1633.22 1852.1 1958.37 1585.67 1826.59 1786.03 1642.85 562.571 0 0 0 0 
0 0 0 0 242.223 1270.39 2981.99 3615.45 4336.02 3684.16 3005.99 1237.93 225.723 0 0 0 0 
0 0 0 0 0 453.322 1546.83 3160.9 3242.51 3171.93 1543.95 439.345 0 0 0 0 0 
0 0 0 0 0 128.65 728.305 1384.5 2123.32 1395.45 774.608 134.627 0 0 0 0 0 
0 0 0 0 0 0 64.3577 531.526 616.572 542.722 63.424 0 0 0 0 0 0 
0 0 0 0 0 0 56.2471 94.7666 116.537 94.686 55.9014 0 0 0 0 0 0 
0 0 0 0 0 0 0 0 64.0318 0 0 0 0 0 0 0 0 
0 0 0 0 0 0 0 15.886 0 16.833 0 0 0 0 0 0 0 
0 0 0 0 0 0 0 0 0 0 0 0 0 0 0 0 0 
0 0 0 0 0 0 0 0 2.22782 0 0 0 0 0 0 0 0 
