1 0 0 0 0 0 0 0 0 0 0 0 0 0 0 0 1 
0 0 0 0 0 0 0 0 0 0 0 0 0 0 0 0 0 
0 16 0 0 0 0 0 0 0 0 0 0 0 0 0 16 0 
0 0 30.9125 0 0 0 0 0 0 0 0 0 0 0 32.0546 0 0 
0 0 89.0875 100.134 26.2795 0 0 0 7.6714 0 0 0 22.0871 90.9503 87.9454 0 0 
0 0 0 246.009 253.836 194.422 93.5282 60.8065 0 60.1218 90.1482 183.091 250.244 260.417 0 0 0 
0 0 0 213.857 743.576 682.973 726.453 590.228 739.798 599.778 702.319 664.772 738.286 208.633 0 0 0 
0 0 0 0 565.51 1665.46 1811.29 1941.26 1589.29 1871.73 1744.13 1653.56 570.791 0 0 0 0 
0 0 0 0 230.799 1239.44 2913.04 3605.01 4404.06 3715.18 2956.29 1288.34 238.592 0 0 0 0 
0 0 0 0 0 447.317 1554.77 3204.5 3242.5 3133.23 1610.23 447.063 0 0 0 0 0 
0 0 0 0 0 138.382 780.227 1383.78 2093.32 1437.83 784.618 131.175 0 0 0 0 0 
0 0 0 0 0 0 65.702 530.702 590.827 505.904 61.1352 0 0 0 0 0 0 
0 0 0 0 0 0 62.9857 106.538 132.333 98.1444 59.1369 0 0 0 0 0 0 
0 0 0 0 0 0 0 0 67.975 0 0 0 0 0 0 0 0 
0 0 0 0 0 0 0 17.1796 0 18.0819 0 0 0 0 0 0 0 
0 0 0 0 0 0 0 0 0 0 0 0 0 0 0 0 0 
0 0 0 0 0 0 0 0 2.22305 0 0 0 0 0 0 0 0 
