1 0 0 0 0 0 0 0 0 0 0 0 0 0 0 0 1 
0 0 0 0 0 0 0 0 0 0 0 0 0 0 0 0 0 
0 16 0 0 0 0 0 0 0 0 0 0 0 0 0 16 0 
0 0 31.7675 0 0 0 0 0 0 0 0 0 0 0 32.2272 0 0 
0 0 88.2325 95.0135 23.79 0 0 0 7.91645 0 0 0 24.7315 97.2514 87.7728 0 0 
0 0 0 255.833 254.352 193.182 95.2796 63.2997 0 63.8132 95.5497 192.032 257.251 256.618 0 0 0 
0 0 0 209.154 731.664 688.036 707.656 619.979 761.133 618.895 708.057 685.091 736.035 206.13 0 0 0 
0 0 0 0 579.234 1652.05 1822.78 1926.41 1600.22 1926.15 1823.46 1662.18 573.788 0 0 0 0 
0 0 0 0 230.96 1254.59 2908.73 3669.91 4366.93 3681.64 2914.86 1254.08 228.194 0 0 0 0 
0 0 0 0 0 451.174 1584.8 3141.36 3268.74 3137.13 1573.19 445.394 0 0 0 0 0 
0 0 0 0 0 128.974 767.414 1391.77 2097.68 1384.3 771.414 129.227 0 0 0 0 0 
0 0 0 0 0 0 64.5876 514.362 580.12 515.16 64.5706 0 0 0 0 0 0 
0 0 0 0 0 0 56.7566 96.5728 120.288 96.6014 56.8921 0 0 0 0 0 0 
0 0 0 0 0 0 0 0 64.9338 0 0 0 0 0 0 0 0 
0 0 0 0 0 0 0 16.337 0 16.3172 0 0 0 0 0 0 0 
0 0 0 0 0 0 0 0 0 0 0 0 0 0 0 0 0 
0 0 0 0 0 0 0 0 2.03558 0 0 0 0 0 0 0 0 
