1 0 0 0 0 0 0 0 0 0 0 0 0 0 0 0 1 
0 0 0 0 0 0 0 0 0 0 0 0 0 0 0 0 0 
0 16 0 0 0 0 0 0 0 0 0 0 0 0 0 16 0 
0 0 31.536 0 0 0 0 0 0 0 0 0 0 0 31.9053 0 0 
0 0 88.464 94.8383 23.9037 0 0 0 8.25868 0 0 0 24.3521 95.0137 88.0947 0 0 
0 0 0 258.715 253.668 192.512 97.1549 65.3154 0 64.8229 95.6926 192.827 253.393 258.496 0 0 0 
0 0 0 206.447 738.999 684.289 706.206 622.162 773.795 626.319 701.746 697.801 738.589 206.49 0 0 0 
0 0 0 0 576.926 1673.89 1809.24 1911.64 1608.14 1922.93 1829.98 1656.63 573.346 0 0 0 0 
0 0 0 0 226.504 1239.72 2944.04 3690.64 4335.19 3668.48 2937.22 1241.57 230.319 0 0 0 0 
0 0 0 0 0 449.979 1566.17 3132.33 3273.35 3139.14 1555.78 450.384 0 0 0 0 0 
0 0 0 0 0 127.607 764.803 1396.3 2107.82 1394.32 766.667 128.793 0 0 0 0 0 
0 0 0 0 0 0 63.3293 509.126 574.883 511.512 64.6706 0 0 0 0 0 0 
0 0 0 0 0 0 57.0601 96.3081 122.548 96.2788 56.244 0 0 0 0 0 0 
0 0 0 0 0 0 0 0 64.0093 0 0 0 0 0 0 0 0 
0 0 0 0 0 0 0 16.1839 0 16.1923 0 0 0 0 0 0 0 
0 0 0 0 0 0 0 0 0 0 0 0 0 0 0 0 0 
0 0 0 0 0 0 0 0 2.0095 0 0 0 0 0 0 0 0 
