1 0 0 0 0 0 0 0 0 0 0 0 0 0 0 0 1 
0 0 0 0 0 0 0 0 0 0 0 0 0 0 0 0 0 
0 16 0 0 0 0 0 0 0 0 0 0 0 0 0 16 0 
0 0 31.8967 0 0 0 0 0 0 0 0 0 0 0 31.8867 0 0 
0 0 88.1033 96.8881 23.9893 0 0 0 7.91881 0 0 0 23.7612 95.3188 88.1133 0 0 
0 0 0 254.361 256.113 191.664 95.8 64.4873 0 62.5208 95.123 191.826 256.12 257.143 0 0 0 
0 0 0 208.751 736.7 687.091 710.33 622.961 773.203 624.844 700.881 690.522 737.728 207.538 0 0 0 
0 0 0 0 576.194 1665.08 1820.78 1934.11 1598.16 1917.78 1827.7 1667.61 575.94 0 0 0 0 
0 0 0 0 227.004 1246.41 2922.44 3656.07 4355.27 3687.25 2929.35 1245.27 226.451 0 0 0 0 
0 0 0 0 0 451.005 1569.71 3141.16 3255.15 3136.76 1576.22 447.257 0 0 0 0 0 
0 0 0 0 0 126.752 770.761 1398.22 2117.53 1391.08 759.38 125.516 0 0 0 0 0 
0 0 0 0 0 0 62.9284 511.438 577.597 508.454 63.6739 0 0 0 0 0 0 
0 0 0 0 0 0 55.2507 95.554 119.429 95.3552 55.6721 0 0 0 0 0 0 
0 0 0 0 0 0 0 0 63.7345 0 0 0 0 0 0 0 0 
0 0 0 0 0 0 0 15.9994 0 15.958 0 0 0 0 0 0 0 
0 0 0 0 0 0 0 0 0 0 0 0 0 0 0 0 0 
0 0 0 0 0 0 0 0 2.01088 0 0 0 0 0 0 0 0 
