1 0 0 0 0 0 0 0 0 0 0 0 0 0 0 0 1 
0 0 0 0 0 0 0 0 0 0 0 0 0 0 0 0 0 
0 16 0 0 0 0 0 0 0 0 0 0 0 0 0 16 0 
0 0 32.3806 0 0 0 0 0 0 0 0 0 0 0 31.703 0 0 
0 0 87.6194 95.9906 24.1758 0 0 0 8.30192 0 0 0 23.6091 95.2697 88.297 0 0 
0 0 0 256.169 253.134 192.219 96.8638 64.0886 0 65.4915 96.4997 190 255.172 253.947 0 0 0 
0 0 0 207.84 733.388 685.551 692.486 617.113 771.115 630.762 710.587 688.591 734.829 210.783 0 0 0 
0 0 0 0 577.416 1664.8 1822.79 1911.28 1607.68 1937.69 1824.32 1661.41 576.783 0 0 0 0 
0 0 0 0 231.886 1251.71 2929.83 3702.31 4373.13 3673.34 2914.58 1246.29 229.607 0 0 0 0 
0 0 0 0 0 443.978 1576.3 3124.17 3255.8 3124.01 1570.76 452.037 0 0 0 0 0 
0 0 0 0 0 129.74 767.998 1403.29 2094.29 1384.81 770.312 129.665 0 0 0 0 0 
0 0 0 0 0 0 64.5282 507.075 574.345 510.982 64.7623 0 0 0 0 0 0 
0 0 0 0 0 0 57.2034 94.7691 119.607 96.6088 56.1734 0 0 0 0 0 0 
0 0 0 0 0 0 0 0 63.7172 0 0 0 0 0 0 0 0 
0 0 0 0 0 0 0 15.8948 0 16.3077 0 0 0 0 0 0 0 
0 0 0 0 0 0 0 0 0 0 0 0 0 0 0 0 0 
0 0 0 0 0 0 0 0 2.0241 0 0 0 0 0 0 0 0 
