1 0 0 0 0 0 0 0 0 0 0 0 0 0 0 0 1 
0 0 0 0 0 0 0 0 0 0 0 0 0 0 0 0 0 
0 16 0 0 0 0 0 0 0 0 0 0 0 0 0 16 0 
0 0 32.1528 0 0 0 0 0 0 0 0 0 0 0 32.2079 0 0 
0 0 87.8472 96.8331 24.3731 0 0 0 7.94051 0 0 0 23.9331 96.0101 87.7921 0 0 
0 0 0 255.029 256.382 193.763 95.9782 63.7094 0 64.8172 95.8887 191.795 256.635 255.564 0 0 0 
0 0 0 208.137 739.939 691.518 706.519 632.624 778.643 623.742 705.537 687.072 733.805 208.426 0 0 0 
0 0 0 0 571.212 1668.46 1834.53 1918.92 1593.13 1922.34 1824.43 1660.86 576.524 0 0 0 0 
0 0 0 0 228.094 1241.25 2921.92 3673.43 4362.12 3693.07 2937.94 1254.63 229.103 0 0 0 0 
0 0 0 0 0 445.979 1565.75 3140.64 3258.77 3131.4 1559.52 448.259 0 0 0 0 0 
0 0 0 0 0 127.031 765.089 1388.23 2112.65 1384.14 765.849 125.384 0 0 0 0 0 
0 0 0 0 0 0 62.3811 511.978 572.493 508.834 63.2718 0 0 0 0 0 0 
0 0 0 0 0 0 55.8322 94.6162 118.659 95.6981 55.5617 0 0 0 0 0 0 
0 0 0 0 0 0 0 0 63.596 0 0 0 0 0 0 0 0 
0 0 0 0 0 0 0 15.8491 0 15.9597 0 0 0 0 0 0 0 
0 0 0 0 0 0 0 0 0 0 0 0 0 0 0 0 0 
0 0 0 0 0 0 0 0 1.99233 0 0 0 0 0 0 0 0 
