1 0 0 0 0 0 0 0 0 0 0 0 0 0 0 0 1 
0 0 0 0 0 0 0 0 0 0 0 0 0 0 0 0 0 
0 16 0 0 0 0 0 0 0 0 0 0 0 0 0 16 0 
0 0 32.2942 0 0 0 0 0 0 0 0 0 0 0 31.761 0 0 
0 0 87.7058 95.8534 23.8868 0 0 0 8.03841 0 0 0 24.1593 96.0592 88.239 0 0 
0 0 0 257.241 257.302 192.511 96.7155 64.6851 0 64.2201 96.4584 195.545 255.018 257.438 0 0 0 
0 0 0 206.906 741.815 694.308 709.186 630.06 775.113 627.571 709.673 691.138 734.506 206.503 0 0 0 
0 0 0 0 570.56 1662.97 1838.55 1922 1608.18 1922.52 1835.33 1658.23 577.849 0 0 0 0 
0 0 0 0 226.436 1244.03 2921.74 3674.04 4354.87 3688.01 2923.17 1247.99 228.467 0 0 0 0 
0 0 0 0 0 446.643 1555.79 3135.08 3258.25 3126.01 1559.26 446.529 0 0 0 0 0 
0 0 0 0 0 127.534 766.667 1391.92 2107.36 1390.03 764.012 128.568 0 0 0 0 0 
0 0 0 0 0 0 63.9274 510.003 571.84 509.415 63.4099 0 0 0 0 0 0 
0 0 0 0 0 0 55.4348 96.2277 121.048 95.9382 56.6842 0 0 0 0 0 0 
0 0 0 0 0 0 0 0 63.3452 0 0 0 0 0 0 0 0 
0 0 0 0 0 0 0 15.992 0 16.2807 0 0 0 0 0 0 0 
0 0 0 0 0 0 0 0 0 0 0 0 0 0 0 0 0 
0 0 0 0 0 0 0 0 1.95885 0 0 0 0 0 0 0 0 
