1 0 0 0 0 0 0 0 0 0 0 0 0 0 0 0 1 
0 0 0 0 0 0 0 0 0 0 0 0 0 0 0 0 0 
0 16 0 0 0 0 0 0 0 0 0 0 0 0 0 16 0 
0 0 31.8527 0 0 0 0 0 0 0 0 0 0 0 32.2849 0 0 
0 0 88.1473 95.99 24.5061 0 0 0 7.96479 0 0 0 23.9742 96.0384 87.7151 0 0 
0 0 0 256.442 253.695 191.254 95.9848 64.3744 0 63.6283 95.3393 191.054 256.21 254.856 0 0 0 
0 0 0 207.568 737.764 681.989 701.615 620.318 768.445 619.375 701.27 685.784 734.714 209.106 0 0 0 
0 0 0 0 577.161 1665.54 1832.68 1929.61 1607.27 1913.11 1825.54 1666.58 578.418 0 0 0 0 
0 0 0 0 226.874 1255.1 2911.81 3661.19 4329.52 3668.18 2924.19 1247.39 226.684 0 0 0 0 
0 0 0 0 0 447.979 1578.88 3135.28 3264.34 3146.71 1571.58 448.445 0 0 0 0 0 
0 0 0 0 0 126.139 768.19 1401.68 2121.76 1401.66 768.902 128.742 0 0 0 0 0 
0 0 0 0 0 0 63.809 516.09 582.906 514.045 64.2579 0 0 0 0 0 0 
0 0 0 0 0 0 55.0359 95.527 121.326 97.1442 56.9222 0 0 0 0 0 0 
0 0 0 0 0 0 0 0 64.4569 0 0 0 0 0 0 0 0 
0 0 0 0 0 0 0 15.9392 0 16.1432 0 0 0 0 0 0 0 
0 0 0 0 0 0 0 0 0 0 0 0 0 0 0 0 0 
0 0 0 0 0 0 0 0 1.9999 0 0 0 0 0 0 0 0 
