1 0 0 0 0 0 0 0 0 0 0 0 0 0 0 0 1 
0 0 0 0 0 0 0 0 0 0 0 0 0 0 0 0 0 
0 16 0 0 0 0 0 0 0 0 0 0 0 0 0 16 0 
0 0 32.2733 0 0 0 0 0 0 0 0 0 0 0 32.0883 0 0 
0 0 87.7267 96.4291 24.1857 0 0 0 7.63178 0 0 0 23.7292 95.5333 87.9117 0 0 
0 0 0 256.178 253.951 189.808 95.3306 63.4278 0 62.1238 94.5041 189.798 254.571 256.324 0 0 0 
0 0 0 207.392 737.406 685.94 697.95 622.16 765.802 616.617 698.928 691.97 738.398 208.143 0 0 0 
0 0 0 0 576.671 1662.38 1817.55 1912.26 1599.36 1917.7 1821.64 1662.28 576.102 0 0 0 0 
0 0 0 0 227.786 1251.43 2930.54 3692.16 4349.55 3671.35 2936.8 1249.83 227.2 0 0 0 0 
0 0 0 0 0 449.488 1576.72 3135.6 3278 3145.69 1568.88 446.437 0 0 0 0 0 
0 0 0 0 0 128.951 769.649 1389.95 2107.39 1402.92 767.628 127.682 0 0 0 0 0 
0 0 0 0 0 0 63.8186 511.919 576.073 511.664 64.372 0 0 0 0 0 0 
0 0 0 0 0 0 56.4444 96.2775 119.77 95.9107 55.2522 0 0 0 0 0 0 
0 0 0 0 0 0 0 0 64.3982 0 0 0 0 0 0 0 0 
0 0 0 0 0 0 0 16.247 0 16.0204 0 0 0 0 0 0 0 
0 0 0 0 0 0 0 0 0 0 0 0 0 0 0 0 0 
0 0 0 0 0 0 0 0 2.02839 0 0 0 0 0 0 0 0 
