1 0 0 0 0 0 0 0 0 0 0 0 0 0 0 0 1 
0 0 0 0 0 0 0 0 0 0 0 0 0 0 0 0 0 
0 16 0 0 0 0 0 0 0 0 0 0 0 0 0 16 0 
0 0 31.6577 0 0 0 0 0 0 0 0 0 0 0 32.1751 0 0 
0 0 88.3423 96.4033 24.5871 0 0 0 8.21188 0 0 0 24.0859 95.7588 87.8249 0 0 
0 0 0 254.255 256.849 195.241 97.4778 64.1059 0 64.9621 96.7493 192.424 257.951 256.022 0 0 0 
0 0 0 209.342 736.43 691.624 705.426 627.779 771.571 626.643 701.435 695.295 735.594 208.219 0 0 0 
0 0 0 0 575.793 1665.92 1820.5 1915.51 1599.58 1915.4 1823.71 1660.65 575.083 0 0 0 0 
0 0 0 0 226.34 1242.88 2928.59 3670.75 4371.81 3686.02 2936.23 1247.29 227.286 0 0 0 0 
0 0 0 0 0 445.4 1564.91 3141.4 3251.68 3121.19 1566.85 444.407 0 0 0 0 0 
0 0 0 0 0 126.927 770.868 1394.33 2108.55 1406.09 763.109 127.926 0 0 0 0 0 
0 0 0 0 0 0 63.7785 513.015 569.475 508.719 63.4027 0 0 0 0 0 0 
0 0 0 0 0 0 56.4472 97.0858 122.938 94.9114 56.5078 0 0 0 0 0 0 
0 0 0 0 0 0 0 0 64.1883 0 0 0 0 0 0 0 0 
0 0 0 0 0 0 0 16.0207 0 16.0601 0 0 0 0 0 0 0 
0 0 0 0 0 0 0 0 0 0 0 0 0 0 0 0 0 
0 0 0 0 0 0 0 0 1.99191 0 0 0 0 0 0 0 0 
