1 0 0 0 0 0 0 0 0 0 0 0 0 0 0 0 1 
0 0 0 0 0 0 0 0 0 0 0 0 0 0 0 0 0 
0 16 0 0 0 0 0 0 0 0 0 0 0 0 0 16 0 
0 0 32.0129 0 0 0 0 0 0 0 0 0 0 0 31.7253 0 0 
0 0 87.9871 96.0048 23.8048 0 0 0 8.05903 0 0 0 23.7485 95.9344 88.2747 0 0 
0 0 0 256.97 258.295 192.222 96.183 65.352 0 63.8294 96.1088 191.152 254.476 255.239 0 0 0 
0 0 0 207.025 740.848 685.96 703.296 619.045 768.036 624.783 699.313 684.481 736.006 208.827 0 0 0 
0 0 0 0 573.098 1672.58 1834.95 1924.17 1599.02 1912.01 1827.14 1669.34 576.441 0 0 0 0 
0 0 0 0 223.954 1247.98 2923.32 3700.03 4366.91 3674.22 2930.94 1246.04 229.329 0 0 0 0 
0 0 0 0 0 442.934 1565.06 3130.21 3253.66 3154.78 1568.68 450.195 0 0 0 0 0 
0 0 0 0 0 126.319 765.824 1377.36 2110.25 1384.05 766.916 126.788 0 0 0 0 0 
0 0 0 0 0 0 63.489 512.384 577.849 514.231 63.1212 0 0 0 0 0 0 
0 0 0 0 0 0 55.8732 95.5584 120.049 95.9531 55.7857 0 0 0 0 0 0 
0 0 0 0 0 0 0 0 64.1797 0 0 0 0 0 0 0 0 
0 0 0 0 0 0 0 15.8904 0 16.1349 0 0 0 0 0 0 0 
0 0 0 0 0 0 0 0 0 0 0 0 0 0 0 0 0 
0 0 0 0 0 0 0 0 1.9876 0 0 0 0 0 0 0 0 
