1 0 0 0 0 0 0 0 0 0 0 0 0 0 0 0 1 
0 0 0 0 0 0 0 0 0 0 0 0 0 0 0 0 0 
0 16 0 0 0 0 0 0 0 0 0 0 0 0 0 16 0 
0 0 31.8654 0 0 0 0 0 0 0 0 0 0 0 31.7326 0 0 
0 0 88.1346 95.6137 23.8282 0 0 0 8.10306 0 0 0 23.7834 95.2347 88.2674 0 0 
0 0 0 256.192 255.73 192.558 96.318 64.9446 0 63.8045 96.5576 192.863 255.683 257.132 0 0 0 
0 0 0 208.194 736.719 692.761 701.553 625.659 769.467 624.015 701.082 685.238 735.616 207.634 0 0 0 
0 0 0 0 575.338 1661.46 1830.33 1921.92 1600.23 1920.28 1825.18 1659.34 576.124 0 0 0 0 
0 0 0 0 228.385 1245.34 2917.3 3686.34 4359.02 3684.33 2934.97 1252.05 228.794 0 0 0 0 
0 0 0 0 0 446.928 1572.38 3121.73 3259.22 3139.62 1564.82 450.946 0 0 0 0 0 
0 0 0 0 0 128.951 769.665 1388.7 2114.53 1386.99 765.348 127.558 0 0 0 0 0 
0 0 0 0 0 0 64.1831 517.926 571.789 508.838 63.2718 0 0 0 0 0 0 
0 0 0 0 0 0 56.2701 96.5845 120.676 95.8955 56.7745 0 0 0 0 0 0 
0 0 0 0 0 0 0 0 64.9277 0 0 0 0 0 0 0 0 
0 0 0 0 0 0 0 16.2 0 16.2334 0 0 0 0 0 0 0 
0 0 0 0 0 0 0 0 0 0 0 0 0 0 0 0 0 
0 0 0 0 0 0 0 0 2.0418 0 0 0 0 0 0 0 0 
