1 0 0 0 0 0 0 0 0 0 0 0 0 0 0 0 1 
0 0 0 0 0 0 0 0 0 0 0 0 0 0 0 0 0 
0 16 0 0 0 0 0 0 0 0 0 0 0 0 0 16 0 
0 0 31.5683 0 0 0 0 0 0 0 0 0 0 0 32.1301 0 0 
0 0 88.4317 95.2497 24.6012 0 0 0 8.00641 0 0 0 23.8866 95.9243 87.8699 0 0 
0 0 0 256.487 258.224 194.925 96.2227 64.7038 0 63.7765 97.36 194.057 255.647 255.647 0 0 0 
0 0 0 208.264 731.952 688.297 711.855 635.432 778.676 630.451 711.574 687.024 736.821 208.429 0 0 0 
0 0 0 0 579.124 1661.33 1818.53 1934.6 1598 1928.91 1832.88 1664.03 574.887 0 0 0 0 
0 0 0 0 226.099 1245.62 2930.05 3680.74 4389.63 3689.95 2922.35 1247.93 228.758 0 0 0 0 
0 0 0 0 0 450.054 1563.64 3122.66 3258.24 3108.82 1553.54 446.563 0 0 0 0 0 
0 0 0 0 0 127.78 766.585 1382.37 2086.83 1395.01 770.311 128.404 0 0 0 0 0 
0 0 0 0 0 0 64.6579 507.177 566.096 511.341 64.1361 0 0 0 0 0 0 
0 0 0 0 0 0 56.4637 96.1762 118.291 95.6649 55.8499 0 0 0 0 0 0 
0 0 0 0 0 0 0 0 64.2229 0 0 0 0 0 0 0 0 
0 0 0 0 0 0 0 16.1314 0 16.0795 0 0 0 0 0 0 0 
0 0 0 0 0 0 0 0 0 0 0 0 0 0 0 0 0 
0 0 0 0 0 0 0 0 2.01396 0 0 0 0 0 0 0 0 
