1 0 0 0 0 0 0 0 0 0 0 0 0 0 0 0 1 
0 0 0 0 0 0 0 0 0 0 0 0 0 0 0 0 0 
0 16 0 0 0 0 0 0 0 0 0 0 0 0 0 16 0 
0 0 32.2121 0 0 0 0 0 0 0 0 0 0 0 32.1274 0 0 
0 0 87.7879 97.1805 23.9864 0 0 0 8.36543 0 0 0 23.7805 97.0463 87.8726 0 0 
0 0 0 254.945 257.844 194.165 97.2974 66.029 0 65.5197 97.5128 193.482 255.901 254.875 0 0 0 
0 0 0 207.874 736.403 687.275 708.144 628.833 771.787 626.299 700.516 684.115 730.614 208.079 0 0 0 
0 0 0 0 574.634 1661.96 1819.4 1919.18 1603.31 1900.36 1816.04 1665.82 581.703 0 0 0 0 
0 0 0 0 227.132 1252.48 2914.69 3674.71 4337.13 3683.83 2924.97 1245.59 228.001 0 0 0 0 
0 0 0 0 0 444.879 1577.44 3132.63 3270.23 3133.06 1578.83 450.957 0 0 0 0 0 
0 0 0 0 0 127.243 771.554 1394.63 2109.85 1396.2 769.241 128.031 0 0 0 0 0 
0 0 0 0 0 0 63.5967 511.78 583.047 522.221 65.0153 0 0 0 0 0 0 
0 0 0 0 0 0 55.883 96.3899 120.459 96.6761 55.8742 0 0 0 0 0 0 
0 0 0 0 0 0 0 0 63.8455 0 0 0 0 0 0 0 0 
0 0 0 0 0 0 0 15.8252 0 15.8463 0 0 0 0 0 0 0 
0 0 0 0 0 0 0 0 0 0 0 0 0 0 0 0 0 
0 0 0 0 0 0 0 0 1.97878 0 0 0 0 0 0 0 0 
