1 0 0 0 0 0 0 0 0 0 0 0 0 0 0 0 1 
0 0 0 0 0 0 0 0 0 0 0 0 0 0 0 0 0 
0 16 0 0 0 0 0 0 0 0 0 0 0 0 0 16 0 
0 0 32.1432 0 0 0 0 0 0 0 0 0 0 0 31.514 0 0 
0 0 87.8568 96.0324 24.0244 0 0 0 7.87719 0 0 0 23.6751 96.1492 88.486 0 0 
0 0 0 256.655 255.982 191.451 95.0862 63.9288 0 63.3718 95.9364 191.709 254.625 255.895 0 0 0 
0 0 0 207.313 737.975 690.056 705.002 626.098 772.004 628.512 707.614 687.918 738.29 207.956 0 0 0 
0 0 0 0 575.457 1660.88 1819.71 1923.53 1602.9 1926.09 1822.64 1661.49 578.258 0 0 0 0 
0 0 0 0 226.562 1251.1 2936.88 3684.93 4359.75 3670.8 2920.71 1249.11 225.152 0 0 0 0 
0 0 0 0 0 446.994 1561.96 3135.49 3265.78 3128.89 1571.78 450.366 0 0 0 0 0 
0 0 0 0 0 127.52 768.782 1382.44 2098.85 1392.95 768.452 127.405 0 0 0 0 0 
0 0 0 0 0 0 64.5811 512.308 577.303 517.637 64.3797 0 0 0 0 0 0 
0 0 0 0 0 0 55.9888 95.3279 119.729 95.5436 56.4813 0 0 0 0 0 0 
0 0 0 0 0 0 0 0 63.7782 0 0 0 0 0 0 0 0 
0 0 0 0 0 0 0 15.9498 0 16.2141 0 0 0 0 0 0 0 
0 0 0 0 0 0 0 0 0 0 0 0 0 0 0 0 0 
0 0 0 0 0 0 0 0 2.03323 0 0 0 0 0 0 0 0 
