1 0 0 0 0 0 0 0 0 0 0 0 0 0 0 0 1 
0 0 0 0 0 0 0 0 0 0 0 0 0 0 0 0 0 
0 16 0 0 0 0 0 0 0 0 0 0 0 0 0 16 0 
0 0 32.0002 0 0 0 0 0 0 0 0 0 0 0 31.9739 0 0 
0 0 87.9998 95.9226 24.0165 0 0 0 8.00409 0 0 0 23.9945 96.0642 88.0261 0 0 
0 0 0 256.171 255.982 191.879 96.073 64.0054 0 63.8751 95.9367 191.802 256.051 256.07 0 0 0 
0 0 0 207.906 736.75 688.298 703.905 624.05 768.436 624.129 704.772 686.767 735.787 207.866 0 0 0 
0 0 0 0 575.472 1664.7 1825.41 1919.58 1597.32 1919.31 1822.31 1664.97 576.349 0 0 0 0 
0 0 0 0 227.779 1247.74 2926.59 3681.91 4356.95 3681.21 2929.55 1247.72 227.819 0 0 0 0 
0 0 0 0 0 447.331 1568.04 3134.06 3264.8 3134.91 1567.53 448.629 0 0 0 0 0 
0 0 0 0 0 128.055 768.07 1391.83 2112.73 1392.84 767.963 128.112 0 0 0 0 0 
0 0 0 0 0 0 64.042 512.508 575.521 511.71 64.0042 0 0 0 0 0 0 
0 0 0 0 0 0 55.8628 96.1222 120.218 95.9972 55.9406 0 0 0 0 0 0 
0 0 0 0 0 0 0 0 64.0305 0 0 0 0 0 0 0 0 
0 0 0 0 0 0 0 15.9331 0 16.0099 0 0 0 0 0 0 0 
0 0 0 0 0 0 0 0 0 0 0 0 0 0 0 0 0 
0 0 0 0 0 0 0 0 1.98859 0 0 0 0 0 0 0 0 
