1 0 0 0 0 0 0 0 0 0 0 0 0 0 0 0 1 
0 0 0 0 0 0 0 0 0 0 0 0 0 0 0 0 0 
0 16 0 0 0 0 0 0 0 0 0 0 0 0 0 16 0 
0 0 31.9807 0 0 0 0 0 0 0 0 0 0 0 32.1168 0 0 
0 0 88.0193 95.5918 23.9073 0 0 0 8.0183 0 0 0 23.9952 96.2494 87.8832 0 0 
0 0 0 256.072 254.798 191.432 96.1854 63.9788 0 64.1559 96.0738 192.3 256.354 256.091 0 0 0 
0 0 0 208.337 736.046 687.159 703.49 623.637 766.502 622.229 704.098 688.945 736.173 207.66 0 0 0 
0 0 0 0 576.763 1662.67 1825.72 1920.18 1596.85 1917.06 1822.86 1664.04 575.798 0 0 0 0 
0 0 0 0 228.486 1250.41 2925.93 3677.22 4352.88 3681.33 2930.34 1246.33 227.681 0 0 0 0 
0 0 0 0 0 448.487 1568.72 3139.36 3268.41 3139.11 1567 448.704 0 0 0 0 0 
0 0 0 0 0 127.84 768.097 1391.62 2115.33 1391.01 767.762 127.68 0 0 0 0 0 
0 0 0 0 0 0 63.966 512.182 575.522 513.062 63.9451 0 0 0 0 0 0 
0 0 0 0 0 0 55.896 95.8469 120.521 96.0113 55.9228 0 0 0 0 0 0 
0 0 0 0 0 0 0 0 63.9679 0 0 0 0 0 0 0 0 
0 0 0 0 0 0 0 15.9767 0 16.04 0 0 0 0 0 0 0 
0 0 0 0 0 0 0 0 0 0 0 0 0 0 0 0 0 
0 0 0 0 0 0 0 0 2.00019 0 0 0 0 0 0 0 0 
