1 0 0 0 0 0 0 0 0 0 0 0 0 0 0 0 1 
0 0 0 0 0 0 0 0 0 0 0 0 0 0 0 0 0 
0 16 0 0 0 0 0 0 0 0 0 0 0 0 0 16 0 
0 0 31.9628 0 0 0 0 0 0 0 0 0 0 0 32.0143 0 0 
0 0 88.0372 95.857 23.8355 0 0 0 7.97489 0 0 0 23.9271 96.0327 87.9857 0 0 
0 0 0 255.941 255.333 191.398 96.0168 63.7502 0 63.9034 96.147 192.102 255.83 255.996 0 0 0 
0 0 0 208.202 735.168 688.615 703.982 624 767.685 622.772 704.681 688.682 736.325 207.971 0 0 0 
0 0 0 0 577.329 1662.63 1824.02 1921.73 1599.94 1921.54 1823.98 1664.68 575.422 0 0 0 0 
0 0 0 0 228.335 1247.93 2927.17 3677.19 4356.93 3679.78 2928.07 1245.55 228.496 0 0 0 0 
0 0 0 0 0 449.282 1567.61 3136.04 3267.18 3137 1567.09 448.845 0 0 0 0 0 
0 0 0 0 0 128.141 768.918 1392.3 2107.78 1390.32 768.101 128.144 0 0 0 0 0 
0 0 0 0 0 0 64.1427 512.585 576.424 512.722 63.985 0 0 0 0 0 0 
0 0 0 0 0 0 56.1474 96.3574 119.97 95.959 55.953 0 0 0 0 0 0 
0 0 0 0 0 0 0 0 64.1179 0 0 0 0 0 0 0 0 
0 0 0 0 0 0 0 16.0512 0 16.007 0 0 0 0 0 0 0 
0 0 0 0 0 0 0 0 0 0 0 0 0 0 0 0 0 
0 0 0 0 0 0 0 0 2.00114 0 0 0 0 0 0 0 0 
