1 0 0 0 0 0 0 0 0 0 0 0 0 0 0 0 1 
0 0 0 0 0 0 0 0 0 0 0 0 0 0 0 0 0 
0 16 0 0 0 0 0 0 0 0 0 0 0 0 0 16 0 
0 0 32.041 0 0 0 0 0 0 0 0 0 0 0 32.0157 0 0 
0 0 87.959 96.0528 24.0504 0 0 0 8.00084 0 0 0 24.0051 96.066 87.9843 0 0 
0 0 0 255.984 256.01 191.967 95.7775 63.8777 0 64.0003 95.8675 192.141 255.97 256.058 0 0 0 
0 0 0 207.963 736.041 687.148 704.357 624.913 767.342 623.016 704.332 687.219 735.218 207.876 0 0 0 
0 0 0 0 575.864 1665.08 1823.79 1917.21 1599.84 1920.34 1823.92 1663.27 576.643 0 0 0 0 
0 0 0 0 228.035 1247.81 2924.94 3677.58 4352.9 3679.16 2927.5 1248.76 228.163 0 0 0 0 
0 0 0 0 0 447.863 1570.99 3138.04 3264.87 3134.62 1567.12 448.524 0 0 0 0 0 
0 0 0 0 0 128.13 768.085 1394.35 2114.71 1394.04 769.065 128.087 0 0 0 0 0 
0 0 0 0 0 0 63.9046 511.655 576.084 512.459 64.039 0 0 0 0 0 0 
0 0 0 0 0 0 56.1526 96.3568 120.105 96.3523 56.1591 0 0 0 0 0 0 
0 0 0 0 0 0 0 0 64.1449 0 0 0 0 0 0 0 0 
0 0 0 0 0 0 0 16.0202 0 16.0153 0 0 0 0 0 0 0 
0 0 0 0 0 0 0 0 0 0 0 0 0 0 0 0 0 
0 0 0 0 0 0 0 0 1.9984 0 0 0 0 0 0 0 0 
