1 0 0 0 0 0 0 0 0 0 0 0 0 0 0 0 1 
0 0 0 0 0 0 0 0 0 0 0 0 0 0 0 0 0 
0 16 0 0 0 0 0 0 0 0 0 0 0 0 0 16 0 
0 0 31.8941 0 0 0 0 0 0 0 0 0 0 0 31.9202 0 0 
0 0 88.1059 95.8184 23.9125 0 0 0 7.99636 0 0 0 24.1093 96.0086 88.0798 0 0 
0 0 0 256.217 255.788 191.843 95.9008 63.947 0 64.0961 95.9878 192.42 256.555 256.367 0 0 0 
0 0 0 207.965 736.274 687.754 702.875 623.869 769.478 624.701 704.382 687.057 735.95 207.625 0 0 0 
0 0 0 0 576.168 1665.42 1825.67 1922.34 1599.25 1920.41 1824.99 1665.31 574.899 0 0 0 0 
0 0 0 0 227.857 1247.78 2928.37 3681.96 4356.39 3678.39 2926.4 1247.23 228.487 0 0 0 0 
0 0 0 0 0 447.281 1567.98 3131.33 3263.88 3136.88 1568.17 447.685 0 0 0 0 0 
0 0 0 0 0 127.927 767.219 1392.29 2109.99 1390.19 767.714 128.296 0 0 0 0 0 
0 0 0 0 0 0 63.9678 512.329 576.705 513.065 64.1795 0 0 0 0 0 0 
0 0 0 0 0 0 56.0101 95.9107 120.109 96.1791 56.1735 0 0 0 0 0 0 
0 0 0 0 0 0 0 0 64.2002 0 0 0 0 0 0 0 0 
0 0 0 0 0 0 0 16.0165 0 16.0833 0 0 0 0 0 0 0 
0 0 0 0 0 0 0 0 0 0 0 0 0 0 0 0 0 
0 0 0 0 0 0 0 0 2.00074 0 0 0 0 0 0 0 0 
