1 0 0 0 0 0 0 0 0 0 0 0 0 0 0 0 1 
0 0 0 0 0 0 0 0 0 0 0 0 0 0 0 0 0 
0 16 0 0 0 0 0 0 0 0 0 0 0 0 0 16 0 
0 0 31.987 0 0 0 0 0 0 0 0 0 0 0 31.8654 0 0 
0 0 88.013 95.8492 23.8706 0 0 0 8.04547 0 0 0 23.8909 95.859 88.1346 0 0 
0 0 0 255.639 255.439 192.157 96.0917 64.0702 0 64.0293 95.9882 192.153 255.846 255.803 0 0 0 
0 0 0 208.512 735.04 687.749 703.097 622.568 768.419 624.348 704.514 687.111 736.185 208.338 0 0 0 
0 0 0 0 576.929 1662.02 1820.82 1918.98 1596.68 1920.39 1824.68 1662.91 575.621 0 0 0 0 
0 0 0 0 228.721 1248.37 2926.85 3677.31 4360.25 3679.27 2926.36 1248.66 228.457 0 0 0 0 
0 0 0 0 0 449.34 1570.92 3134.3 3260.4 3135.5 1567.4 448.91 0 0 0 0 0 
0 0 0 0 0 128.372 770.148 1396.87 2113.23 1392.13 769.037 128.251 0 0 0 0 0 
0 0 0 0 0 0 64.0973 513.844 576.349 512.445 64.0538 0 0 0 0 0 0 
0 0 0 0 0 0 55.9779 96.0314 120.577 95.836 55.9669 0 0 0 0 0 0 
0 0 0 0 0 0 0 0 64.0583 0 0 0 0 0 0 0 0 
0 0 0 0 0 0 0 16.036 0 16.0438 0 0 0 0 0 0 0 
0 0 0 0 0 0 0 0 0 0 0 0 0 0 0 0 0 
0 0 0 0 0 0 0 0 1.98945 0 0 0 0 0 0 0 0 
