1 0 0 0 0 0 0 0 0 0 0 0 0 0 0 0 1 
0 0 0 0 0 0 0 0 0 0 0 0 0 0 0 0 0 
0 16 0 0 0 0 0 0 0 0 0 0 0 0 0 16 0 
0 0 31.9876 0 0 0 0 0 0 0 0 0 0 0 32.0518 0 0 
0 0 88.0124 96.1674 24.111 0 0 0 8.01044 0 0 0 24.0091 96.2298 87.9482 0 0 
0 0 0 255.874 256.562 192.372 96.1434 64.2439 0 64.1187 96.2517 192.189 256.357 256.198 0 0 0 
0 0 0 207.958 735.958 688.33 704.55 623.492 767.368 623.169 704.054 688.399 737.022 207.572 0 0 0 
0 0 0 0 574.998 1663.3 1824.39 1920.37 1597.18 1919.17 1824.56 1665.03 575.285 0 0 0 0 
0 0 0 0 228.371 1248.53 2926.51 3680.16 4359.71 3682.85 2927.61 1246.88 227.328 0 0 0 0 
0 0 0 0 0 447.409 1568.32 3135.17 3264.53 3137.19 1569.43 447.87 0 0 0 0 0 
0 0 0 0 0 128.067 767.864 1392.63 2110.66 1390.27 766.603 127.631 0 0 0 0 0 
0 0 0 0 0 0 64.1485 511.726 576.323 511.577 63.7257 0 0 0 0 0 0 
0 0 0 0 0 0 56.0712 96.1383 120.187 95.6641 55.7645 0 0 0 0 0 0 
0 0 0 0 0 0 0 0 64.0173 0 0 0 0 0 0 0 0 
0 0 0 0 0 0 0 16.0669 0 15.9893 0 0 0 0 0 0 0 
0 0 0 0 0 0 0 0 0 0 0 0 0 0 0 0 0 
0 0 0 0 0 0 0 0 2.00464 0 0 0 0 0 0 0 0 
