1 0 0 0 0 0 0 0 0 0 0 0 0 0 0 0 1 
0 0 0 0 0 0 0 0 0 0 0 0 0 0 0 0 0 
0 16 0 0 0 0 0 0 0 0 0 0 0 0 0 16 0 
0 0 32.033 0 0 0 0 0 0 0 0 0 0 0 32.0139 0 0 
0 0 87.967 96.0225 23.9815 0 0 0 7.94985 0 0 0 24.0585 95.8292 87.9861 0 0 
0 0 0 255.717 256.346 191.936 95.7813 63.8273 0 63.6127 95.6334 192.058 256.022 256.166 0 0 0 
0 0 0 208.261 735.312 687.237 705.015 625.962 768.4 624.688 705.549 688.557 736.12 208.005 0 0 0 
0 0 0 0 575.852 1663.31 1823.83 1920.91 1602.8 1920.7 1823.07 1664.54 576.103 0 0 0 0 
0 0 0 0 228.509 1248.29 2924.61 3680.78 4354.26 3681.25 2928.39 1247.28 227.697 0 0 0 0 
0 0 0 0 0 448.906 1569.62 3132.66 3263.22 3133.4 1568.34 447.839 0 0 0 0 0 
0 0 0 0 0 128.317 768.732 1391.14 2112.11 1393.43 767.286 127.72 0 0 0 0 0 
0 0 0 0 0 0 64.3906 512.497 575.704 511.078 63.9326 0 0 0 0 0 0 
0 0 0 0 0 0 56.0252 96.1944 119.634 95.8759 55.8025 0 0 0 0 0 0 
0 0 0 0 0 0 0 0 63.9156 0 0 0 0 0 0 0 0 
0 0 0 0 0 0 0 16.037 0 15.9556 0 0 0 0 0 0 0 
0 0 0 0 0 0 0 0 0 0 0 0 0 0 0 0 0 
0 0 0 0 0 0 0 0 1.99863 0 0 0 0 0 0 0 0 
