1 0 0 0 0 0 0 0 0 0 0 0 0 0 0 0 1 
0 0 0 0 0 0 0 0 0 0 0 0 0 0 0 0 0 
0 16 0 0 0 0 0 0 0 0 0 0 0 0 0 16 0 
0 0 31.9518 0 0 0 0 0 0 0 0 0 0 0 31.9405 0 0 
0 0 88.0482 96.1875 24.0463 0 0 0 8.01926 0 0 0 23.9867 95.8188 88.0595 0 0 
0 0 0 256.324 256.087 192.213 96.2711 64.1137 0 63.933 96.1219 191.809 255.868 256.087 0 0 0 
0 0 0 207.488 736.602 689.367 704.963 624.599 768.98 625.359 704.58 687.5 735.445 208.094 0 0 0 
0 0 0 0 575.25 1663.73 1823.18 1921.77 1601.98 1922.34 1824.31 1664.45 576.474 0 0 0 0 
0 0 0 0 228.015 1246.84 2927.71 3680.62 4355.7 3674.33 2926.87 1247.68 228.226 0 0 0 0 
0 0 0 0 0 447.74 1568.28 3131.83 3260.68 3136.14 1567.61 448.266 0 0 0 0 0 
0 0 0 0 0 128.112 767.689 1392.55 2110.89 1392.74 768.273 128.297 0 0 0 0 0 
0 0 0 0 0 0 63.8972 512.332 577.372 512.979 64.0739 0 0 0 0 0 0 
0 0 0 0 0 0 56.0217 96.1442 120.221 96.1175 56.1657 0 0 0 0 0 0 
0 0 0 0 0 0 0 0 64.1395 0 0 0 0 0 0 0 0 
0 0 0 0 0 0 0 16.0418 0 16.0742 0 0 0 0 0 0 0 
0 0 0 0 0 0 0 0 0 0 0 0 0 0 0 0 0 
0 0 0 0 0 0 0 0 2.00941 0 0 0 0 0 0 0 0 
