1 0 0 0 0 0 0 0 0 0 0 0 0 0 0 0 1 
0 0 0 0 0 0 0 0 0 0 0 0 0 0 0 0 0 
0 16 0 0 0 0 0 0 0 0 0 0 0 0 0 16 0 
0 0 32.0425 0 0 0 0 0 0 0 0 0 0 0 31.8626 0 0 
0 0 87.9575 96.0831 23.9834 0 0 0 7.98654 0 0 0 23.9997 95.5834 88.1374 0 0 
0 0 0 255.93 255.986 192.075 96.0504 64.048 0 63.6034 95.7031 192.024 255.378 256.288 0 0 0 
0 0 0 207.987 736.091 688.283 702.131 621.112 764.22 621.104 702.165 685.984 735.596 208.128 0 0 0 
0 0 0 0 575.759 1663.28 1821.87 1918.26 1598.2 1918.31 1824.06 1661.09 576.827 0 0 0 0 
0 0 0 0 228.18 1247.33 2931.73 3685.12 4358.36 3686.19 2927.04 1250.81 228.2 0 0 0 0 
0 0 0 0 0 448.994 1568.43 3132.5 3264.26 3131.61 1568.38 449.511 0 0 0 0 0 
0 0 0 0 0 128.048 767.693 1393.52 2112.35 1392.66 770.18 128.588 0 0 0 0 0 
0 0 0 0 0 0 64.0197 512.973 577.848 514.179 64.1776 0 0 0 0 0 0 
0 0 0 0 0 0 56.0755 96.4369 120.496 96.2531 56.2998 0 0 0 0 0 0 
0 0 0 0 0 0 0 0 64.2707 0 0 0 0 0 0 0 0 
0 0 0 0 0 0 0 16.0245 0 16.0948 0 0 0 0 0 0 0 
0 0 0 0 0 0 0 0 0 0 0 0 0 0 0 0 0 
0 0 0 0 0 0 0 0 2.00553 0 0 0 0 0 0 0 0 
