1 0 0 0 0 0 0 0 0 0 0 0 0 0 0 0 1 
0 0 0 0 0 0 0 0 0 0 0 0 0 0 0 0 0 
0 16 0 0 0 0 0 0 0 0 0 0 0 0 0 16 0 
0 0 32.0234 0 0 0 0 0 0 0 0 0 0 0 32.0254 0 0 
0 0 87.9766 95.9847 24.0406 0 0 0 7.9963 0 0 0 24.0799 96.0569 87.9746 0 0 
0 0 0 256.206 255.929 191.915 95.934 64.0352 0 64.0858 96.1053 192.106 256.522 255.774 0 0 0 
0 0 0 207.809 735.699 688.591 704.163 625.134 767.957 624.557 704.139 688.412 735.669 208.169 0 0 0 
0 0 0 0 576.571 1664 1820.79 1917.04 1600.98 1921.22 1825.71 1663.23 575.729 0 0 0 0 
0 0 0 0 227.76 1247.75 2929.94 3681.8 4351.46 3678.84 2925.47 1247.98 227.999 0 0 0 0 
0 0 0 0 0 447.82 1569.22 3135.95 3264.47 3133.1 1569.72 448.556 0 0 0 0 0 
0 0 0 0 0 127.924 768.088 1391.46 2114.5 1393.95 766.924 127.711 0 0 0 0 0 
0 0 0 0 0 0 63.8451 512.63 576.522 512.204 64.0639 0 0 0 0 0 0 
0 0 0 0 0 0 56.0177 95.9164 120.035 96.0789 55.8649 0 0 0 0 0 0 
0 0 0 0 0 0 0 0 64.0887 0 0 0 0 0 0 0 0 
0 0 0 0 0 0 0 16.0333 0 15.9665 0 0 0 0 0 0 0 
0 0 0 0 0 0 0 0 0 0 0 0 0 0 0 0 0 
0 0 0 0 0 0 0 0 1.99293 0 0 0 0 0 0 0 0 
