1 0 0 0 0 0 0 0 0 0 0 0 0 0 0 0 1 
0 0 0 0 0 0 0 0 0 0 0 0 0 0 0 0 0 
0 16 0 0 0 0 0 0 0 0 0 0 0 0 0 16 0 
0 0 31.9502 0 0 0 0 0 0 0 0 0 0 0 32.0809 0 0 
0 0 88.0498 96.0255 23.9027 0 0 0 7.9936 0 0 0 23.8445 96.0377 87.9191 0 0 
0 0 0 255.836 256.154 192.125 96.1028 63.7941 0 63.7894 95.9673 192.361 256.042 256.013 0 0 0 
0 0 0 208.138 735.765 686.327 703.178 622.48 766.227 623.239 702.976 686.368 736.554 207.95 0 0 0 
0 0 0 0 576.003 1662.79 1823.94 1917.94 1599.35 1916.31 1823.1 1664.02 575.975 0 0 0 0 
0 0 0 0 228.175 1250.42 2926.68 3678.76 4352.11 3682.03 2930 1249.42 227.583 0 0 0 0 
0 0 0 0 0 448.122 1568.8 3137.91 3270.51 3135.96 1568.69 447.903 0 0 0 0 0 
0 0 0 0 0 128.213 769.38 1393.36 2110.34 1394.75 767.429 127.934 0 0 0 0 0 
0 0 0 0 0 0 63.8919 513.563 577.476 511.896 63.9221 0 0 0 0 0 0 
0 0 0 0 0 0 56.0314 96.1418 119.975 96.0466 55.9212 0 0 0 0 0 0 
0 0 0 0 0 0 0 0 64.0098 0 0 0 0 0 0 0 0 
0 0 0 0 0 0 0 16.0571 0 15.9792 0 0 0 0 0 0 0 
0 0 0 0 0 0 0 0 0 0 0 0 0 0 0 0 0 
0 0 0 0 0 0 0 0 2.00783 0 0 0 0 0 0 0 0 
