1 0 0 0 0 0 0 0 0 0 0 0 0 0 0 0 1 
0 0 0 0 0 0 0 0 0 0 0 0 0 0 0 0 0 
0 16 0 0 0 0 0 0 0 0 0 0 0 0 0 16 0 
0 0 32.0846 0 0 0 0 0 0 0 0 0 0 0 31.9312 0 0 
0 0 87.9154 96.2207 24.162 0 0 0 8.01954 0 0 0 23.9666 95.8562 88.0688 0 0 
0 0 0 255.779 256.53 191.946 96.387 64.2009 0 64.1507 96.0068 191.98 256.09 256.166 0 0 0 
0 0 0 208 735.306 688.652 704.388 624.361 770.493 624.522 705.256 687.268 737.181 207.978 0 0 0 
0 0 0 0 576.021 1662.81 1824.38 1920.26 1599.79 1919.92 1823.19 1665.24 575.607 0 0 0 0 
0 0 0 0 227.981 1248.64 2926.9 3682.56 4357.14 3683.13 2926.62 1248.55 227.155 0 0 0 0 
0 0 0 0 0 448.177 1568.43 3133.36 3262.19 3131.53 1568.22 447.191 0 0 0 0 0 
0 0 0 0 0 127.77 767.912 1391.94 2111.32 1392.57 768.798 127.779 0 0 0 0 0 
0 0 0 0 0 0 63.7993 511.61 575.265 512.222 63.9435 0 0 0 0 0 0 
0 0 0 0 0 0 55.8042 95.7665 119.945 96.0179 55.9631 0 0 0 0 0 0 
0 0 0 0 0 0 0 0 63.8592 0 0 0 0 0 0 0 0 
0 0 0 0 0 0 0 15.9399 0 15.9427 0 0 0 0 0 0 0 
0 0 0 0 0 0 0 0 0 0 0 0 0 0 0 0 0 
0 0 0 0 0 0 0 0 1.98537 0 0 0 0 0 0 0 0 
