1 0 0 0 0 0 0 0 0 0 0 0 0 0 0 0 1 
0 0 0 0 0 0 0 0 0 0 0 0 0 0 0 0 0 
0 16 0 0 0 0 0 0 0 0 0 0 0 0 0 16 0 
0 0 31.8822 0 0 0 0 0 0 0 0 0 0 0 31.9751 0 0 
0 0 88.1178 95.8828 23.9847 0 0 0 7.99283 0 0 0 23.9112 96.0329 88.0249 0 0 
0 0 0 256.07 255.581 191.853 95.8192 63.7949 0 63.8896 96.1581 191.949 255.961 255.612 0 0 0 
0 0 0 208.047 735.955 688.83 704.49 623.388 766.527 624.037 702.928 687.403 735.769 208.355 0 0 0 
0 0 0 0 576.501 1662.93 1823.82 1917.91 1598.65 1919.25 1826.01 1665.14 575.923 0 0 0 0 
0 0 0 0 227.979 1248.57 2926.5 3678.66 4356.91 3680.57 2928.18 1247.78 228.436 0 0 0 0 
0 0 0 0 0 447.949 1569.08 3138.74 3263.6 3134.95 1566.8 447.644 0 0 0 0 0 
0 0 0 0 0 127.861 768.356 1393.78 2114.35 1393.39 767.816 128.083 0 0 0 0 0 
0 0 0 0 0 0 63.8792 511.91 575.698 511.666 64.0432 0 0 0 0 0 0 
0 0 0 0 0 0 56.0538 95.8617 120.338 96.2169 56.0626 0 0 0 0 0 0 
0 0 0 0 0 0 0 0 63.9434 0 0 0 0 0 0 0 0 
0 0 0 0 0 0 0 15.9656 0 16.0221 0 0 0 0 0 0 0 
0 0 0 0 0 0 0 0 0 0 0 0 0 0 0 0 0 
0 0 0 0 0 0 0 0 1.99575 0 0 0 0 0 0 0 0 
