1 0 0 0 0 0 0 0 0 0 0 0 0 0 0 0 1 
0 0 0 0 0 0 0 0 0 0 0 0 0 0 0 0 0 
0 16 0 0 0 0 0 0 0 0 0 0 0 0 0 16 0 
0 0 31.9988 0 0 0 0 0 0 0 0 0 0 0 31.9828 0 0 
0 0 88.0012 95.9895 23.9951 0 0 0 8.01596 0 0 0 23.9815 95.7948 88.0172 0 0 
0 0 0 256.059 256.111 191.944 96.1497 64.1455 0 64.1886 96.0992 191.705 256.046 256.228 0 0 0 
0 0 0 207.951 736.054 687.542 704.047 624.602 769.039 624.582 704.242 687.847 735.393 207.977 0 0 0 
0 0 0 0 575.676 1665.47 1825.97 1921.25 1599.43 1923.12 1825.53 1663.93 576.221 0 0 0 0 
0 0 0 0 228.163 1246.93 2927.39 3682.68 4360.2 3681.57 2926.35 1248.57 228.359 0 0 0 0 
0 0 0 0 0 448.071 1567.22 3132.51 3261.58 3133.39 1568.53 447.706 0 0 0 0 0 
0 0 0 0 0 128.042 767.319 1391.2 2109.67 1388.96 767.243 128.242 0 0 0 0 0 
0 0 0 0 0 0 63.8933 511.679 576.463 512.256 64.0471 0 0 0 0 0 0 
0 0 0 0 0 0 56.0035 95.9495 119.82 95.9463 55.9461 0 0 0 0 0 0 
0 0 0 0 0 0 0 0 63.775 0 0 0 0 0 0 0 0 
0 0 0 0 0 0 0 15.9813 0 15.989 0 0 0 0 0 0 0 
0 0 0 0 0 0 0 0 0 0 0 0 0 0 0 0 0 
0 0 0 0 0 0 0 0 1.99885 0 0 0 0 0 0 0 0 
