1 0 0 0 0 0 0 0 0 0 0 0 0 0 0 0 1 
0 0 0 0 0 0 0 0 0 0 0 0 0 0 0 0 0 
0 16 0 0 0 0 0 0 0 0 0 0 0 0 0 16 0 
0 0 32.004 0 0 0 0 0 0 0 0 0 0 0 32.0507 0 0 
0 0 87.996 95.9305 23.9817 0 0 0 8.02504 0 0 0 23.9896 96.1949 87.9493 0 0 
0 0 0 256.161 256.045 191.687 96.073 64.0936 0 64.1097 95.994 192.036 256.299 256.036 0 0 0 
0 0 0 207.909 736.134 687.422 702.596 623.658 768.351 624.235 703.905 688.054 736.172 207.769 0 0 0 
0 0 0 0 576.484 1664.79 1823.85 1920.83 1598.93 1920.47 1823.77 1664.41 575.562 0 0 0 0 
0 0 0 0 227.356 1248.2 2928.19 3677.3 4354.5 3675.48 2927.73 1247.89 227.977 0 0 0 0 
0 0 0 0 0 448.137 1569.41 3138.3 3266.42 3138.65 1568.25 447.396 0 0 0 0 0 
0 0 0 0 0 127.759 768.084 1392 2111.92 1393 768.283 128.21 0 0 0 0 0 
0 0 0 0 0 0 63.9885 511.878 575.488 511.902 64.021 0 0 0 0 0 0 
0 0 0 0 0 0 55.814 95.9975 120.246 96.1201 56.0471 0 0 0 0 0 0 
0 0 0 0 0 0 0 0 64.1117 0 0 0 0 0 0 0 0 
0 0 0 0 0 0 0 15.9447 0 16.0329 0 0 0 0 0 0 0 
0 0 0 0 0 0 0 0 0 0 0 0 0 0 0 0 0 
0 0 0 0 0 0 0 0 2.00043 0 0 0 0 0 0 0 0 
