1 0 0 0 0 0 0 0 0 0 0 0 0 0 0 0 1 
0 0 0 0 0 0 0 0 0 0 0 0 0 0 0 0 0 
0 16 0 0 0 0 0 0 0 0 0 0 0 0 0 16 0 
0 0 32.0249 0 0 0 0 0 0 0 0 0 0 0 32.0011 0 0 
0 0 87.9751 96.113 24.0692 0 0 0 7.99007 0 0 0 24.091 96.0295 87.9989 0 0 
0 0 0 255.848 256.12 192.107 95.7093 63.9071 0 64.0055 96.1226 192.199 256.043 255.74 0 0 0 
0 0 0 208.039 735.245 688.479 704.09 624.084 766.546 622.666 703.124 688.055 735.225 208.231 0 0 0 
0 0 0 0 576.356 1662.08 1821.39 1917 1600.28 1921.62 1822.68 1663.23 576.346 0 0 0 0 
0 0 0 0 228.21 1249.24 2929.27 3682.05 4356.2 3679.14 2931.86 1248.49 228.295 0 0 0 0 
0 0 0 0 0 447.973 1569.56 3137.24 3263.55 3137.05 1567.56 447.943 0 0 0 0 0 
0 0 0 0 0 128.119 767.908 1391.61 2113.81 1392.46 766.911 128.077 0 0 0 0 0 
0 0 0 0 0 0 64.1996 512.208 575.595 511.048 63.6914 0 0 0 0 0 0 
0 0 0 0 0 0 55.8695 95.8928 119.941 96.0054 56.049 0 0 0 0 0 0 
0 0 0 0 0 0 0 0 64.1035 0 0 0 0 0 0 0 0 
0 0 0 0 0 0 0 16.0102 0 16.0034 0 0 0 0 0 0 0 
0 0 0 0 0 0 0 0 0 0 0 0 0 0 0 0 0 
0 0 0 0 0 0 0 0 1.99406 0 0 0 0 0 0 0 0 
