1 0 0 0 0 0 0 0 0 0 0 0 0 0 0 0 1 
0 0 0 0 0 0 0 0 0 0 0 0 0 0 0 0 0 
0 16 0 0 0 0 0 0 0 0 0 0 0 0 0 16 0 
0 0 31.9907 0 0 0 0 0 0 0 0 0 0 0 31.9284 0 0 
0 0 88.0093 96.0327 23.9286 0 0 0 8.00115 0 0 0 24.1144 95.955 88.0716 0 0 
0 0 0 256.152 256.029 191.904 95.8937 64.176 0 64.1668 96.2021 192.245 256.584 256.186 0 0 0 
0 0 0 207.815 735.159 688.469 703.975 623.165 769.563 625.259 706.496 689.387 736.058 207.859 0 0 0 
0 0 0 0 576.586 1663.85 1826.29 1921.45 1598.18 1921.4 1823.78 1663.26 575.392 0 0 0 0 
0 0 0 0 228.297 1247.37 2928.94 3679.55 4357.19 3679.93 2927.78 1247.59 227.852 0 0 0 0 
0 0 0 0 0 448.707 1566.27 3138.37 3265.55 3136.21 1567.28 447.462 0 0 0 0 0 
0 0 0 0 0 127.703 766.75 1390.48 2111.25 1390.58 766.675 128.053 0 0 0 0 0 
0 0 0 0 0 0 63.9891 511.108 574.559 510.684 63.8114 0 0 0 0 0 0 
0 0 0 0 0 0 55.8888 95.714 119.865 95.8193 55.9826 0 0 0 0 0 0 
0 0 0 0 0 0 0 0 63.8437 0 0 0 0 0 0 0 0 
0 0 0 0 0 0 0 15.9876 0 15.9506 0 0 0 0 0 0 0 
0 0 0 0 0 0 0 0 0 0 0 0 0 0 0 0 0 
0 0 0 0 0 0 0 0 1.99103 0 0 0 0 0 0 0 0 
