1 0 0 0 0 0 0 0 0 0 0 0 0 0 0 0 1 
0 0 0 0 0 0 0 0 0 0 0 0 0 0 0 0 0 
0 16 0 0 0 0 0 0 0 0 0 0 0 0 0 16 0 
0 0 32.0139 0 0 0 0 0 0 0 0 0 0 0 32.0477 0 0 
0 0 87.9861 95.9614 23.9985 0 0 0 8.01514 0 0 0 24.052 96.0448 87.9523 0 0 
0 0 0 256.149 255.819 191.709 96.0938 64.0571 0 63.993 96.0033 192.32 256.429 256.029 0 0 0 
0 0 0 207.89 736.068 687.246 703.373 622.997 766.265 623.784 705.075 689.059 736.278 207.926 0 0 0 
0 0 0 0 576.177 1663 1822.73 1918.44 1600.3 1919.53 1822.46 1662.99 575.044 0 0 0 0 
0 0 0 0 227.937 1248.87 2927.37 3677.85 4356.86 3682.49 2928.44 1247 228.197 0 0 0 0 
0 0 0 0 0 449.052 1570.12 3140.87 3264.72 3134.01 1567.99 448.829 0 0 0 0 0 
0 0 0 0 0 128.128 768.383 1392.12 2112.14 1392.38 768.118 127.798 0 0 0 0 0 
0 0 0 0 0 0 63.8235 511.972 575.573 511.708 63.9211 0 0 0 0 0 0 
0 0 0 0 0 0 56.1033 95.6656 120.063 96.0883 55.9832 0 0 0 0 0 0 
0 0 0 0 0 0 0 0 64.0465 0 0 0 0 0 0 0 0 
0 0 0 0 0 0 0 16.0268 0 16.0142 0 0 0 0 0 0 0 
0 0 0 0 0 0 0 0 0 0 0 0 0 0 0 0 0 
0 0 0 0 0 0 0 0 2.00544 0 0 0 0 0 0 0 0 
