1 0 0 0 0 0 0 0 0 0 0 0 0 0 0 0 1 
0 0 0 0 0 0 0 0 0 0 0 0 0 0 0 0 0 
0 16 0 0 0 0 0 0 0 0 0 0 0 0 0 16 0 
0 0 31.8435 0 0 0 0 0 0 0 0 0 0 0 32.3695 0 0 
0 0 88.1565 95.1504 24.253 0 0 0 8.18427 0 0 0 23.8115 95.9759 87.6305 0 0 
0 0 0 257.919 253.435 193.486 95.3532 63.0757 0 64.4058 95.0076 191.845 251.657 257.075 0 0 0 
0 0 0 206.93 735.591 688.287 711.869 625.53 766.817 617.958 700.119 679.909 741.918 206.949 0 0 0 
0 0 0 0 577.165 1665.75 1837.36 1953.06 1607.41 1921.6 1803.57 1665.53 578.355 0 0 0 0 
0 0 0 0 229.556 1245.2 2936.14 3666.13 4379.05 3693.78 2958.08 1253.57 224.259 0 0 0 0 
0 0 0 0 0 445.286 1546.27 3144.44 3272.55 3126.49 1565.36 448.443 0 0 0 0 0 
0 0 0 0 0 130 761.185 1373.78 2081.68 1393.45 764.992 128.697 0 0 0 0 0 
0 0 0 0 0 0 64.8054 504.118 571.999 509.162 65.0281 0 0 0 0 0 0 
0 0 0 0 0 0 55.0163 94.1594 116.977 97.4891 55.8502 0 0 0 0 0 0 
0 0 0 0 0 0 0 0 63.3513 0 0 0 0 0 0 0 0 
0 0 0 0 0 0 0 15.7056 0 15.6735 0 0 0 0 0 0 0 
0 0 0 0 0 0 0 0 0 0 0 0 0 0 0 0 0 
0 0 0 0 0 0 0 0 1.98412 0 0 0 0 0 0 0 0 
