1 0 0 0 0 0 0 0 0 0 0 0 0 0 0 0 1 
0 0 0 0 0 0 0 0 0 0 0 0 0 0 0 0 0 
0 16 0 0 0 0 0 0 0 0 0 0 0 0 0 16 0 
0 0 31.2937 0 0 0 0 0 0 0 0 0 0 0 32.8709 0 0 
0 0 88.7063 95.9098 23.6565 0 0 0 8.29859 0 0 0 24.1246 97.6373 87.1291 0 0 
0 0 0 255.027 256.39 192.845 94.1356 64.1244 0 65.5793 95.0579 191.233 252.573 253.537 0 0 0 
0 0 0 209.063 730.411 691.464 709.164 626.163 768.885 619.81 707.332 673.719 734.136 208.826 0 0 0 
0 0 0 0 583.058 1653.81 1821.77 1943.22 1619.38 1919.9 1800.62 1654.94 579.972 0 0 0 0 
0 0 0 0 226.484 1255.97 2929.54 3688.96 4362.11 3677.14 2929.29 1264.91 229.194 0 0 0 0 
0 0 0 0 0 445.962 1565.28 3114.58 3263.88 3132.07 1571.11 455.79 0 0 0 0 0 
0 0 0 0 0 127.954 768.361 1392.04 2094.1 1397.94 782.13 127.417 0 0 0 0 0 
0 0 0 0 0 0 63.3751 501.439 568.362 514.803 66.5448 0 0 0 0 0 0 
0 0 0 0 0 0 56.3709 93.5171 118.985 96.5926 55.9129 0 0 0 0 0 0 
0 0 0 0 0 0 0 0 63.9676 0 0 0 0 0 0 0 0 
0 0 0 0 0 0 0 15.9534 0 16.1539 0 0 0 0 0 0 0 
0 0 0 0 0 0 0 0 0 0 0 0 0 0 0 0 0 
0 0 0 0 0 0 0 0 2.0385 0 0 0 0 0 0 0 0 
