1 0 0 0 0 0 0 0 0 0 0 0 0 0 0 0 1 
0 0 0 0 0 0 0 0 0 0 0 0 0 0 0 0 0 
0 16 0 0 0 0 0 0 0 0 0 0 0 0 0 16 0 
0 0 31.9279 0 0 0 0 0 0 0 0 0 0 0 32.1219 0 0 
0 0 88.0721 95.4437 24.3368 0 0 0 8.14115 0 0 0 24.4973 97.3842 87.8781 0 0 
0 0 0 254.258 254.126 191.177 96.7651 65.2694 0 66.2469 98.2698 192.715 258.951 256.205 0 0 0 
0 0 0 210.298 731.061 687.815 702.125 629.856 774.961 623.044 701.32 695.631 735.228 206.411 0 0 0 
0 0 0 0 578.016 1670.84 1823.28 1922.58 1591.93 1920.29 1823.07 1662.44 573.086 0 0 0 0 
0 0 0 0 232.46 1239.86 2925.43 3647.2 4349.22 3669.45 2933.09 1239.15 228.238 0 0 0 0 
0 0 0 0 0 449.581 1563.73 3142.63 3270.21 3152.91 1557.8 449.666 0 0 0 0 0 
0 0 0 0 0 128.728 774.927 1401.3 2111.42 1384.76 773.642 128.392 0 0 0 0 0 
0 0 0 0 0 0 66.4187 517.653 577.438 510.851 64.7798 0 0 0 0 0 0 
0 0 0 0 0 0 55.326 97.7376 120.044 96.2039 56.0321 0 0 0 0 0 0 
0 0 0 0 0 0 0 0 64.6371 0 0 0 0 0 0 0 0 
0 0 0 0 0 0 0 15.7689 0 16.238 0 0 0 0 0 0 0 
0 0 0 0 0 0 0 0 0 0 0 0 0 0 0 0 0 
0 0 0 0 0 0 0 0 2.00669 0 0 0 0 0 0 0 0 
