1 0 0 0 0 0 0 0 0 0 0 0 0 0 0 0 1 
0 0 0 0 0 0 0 0 0 0 0 0 0 0 0 0 0 
0 16 0 0 0 0 0 0 0 0 0 0 0 0 0 16 0 
0 0 31.9 0 0 0 0 0 0 0 0 0 0 0 32.0168 0 0 
0 0 88.1 95.42 23.5355 0 0 0 8.0776 0 0 0 24.1253 94.7983 87.9832 0 0 
0 0 0 256.939 259.381 190.795 98.2466 66.9925 0 64.4854 97.0917 193.087 256.986 260.778 0 0 0 
0 0 0 207.641 738.154 691.819 703.539 619.402 771.333 632.031 709.915 700.455 740.71 204.424 0 0 0 
0 0 0 0 571.246 1667.53 1825.5 1921.47 1619.52 1954.94 1852.83 1677.51 577.106 0 0 0 0 
0 0 0 0 227.684 1243.75 2931.69 3699.74 4376.19 3694.24 2928.07 1228.41 221.073 0 0 0 0 
0 0 0 0 0 445.577 1569.83 3135.68 3246.34 3113.78 1544.91 443.34 0 0 0 0 0 
0 0 0 0 0 128.527 760.075 1378.84 2103.22 1363.91 756.886 125.194 0 0 0 0 0 
0 0 0 0 0 0 63.1103 506.854 563.868 508.705 63.4688 0 0 0 0 0 0 
0 0 0 0 0 0 56.0168 95.5022 117.165 92.2517 54.8331 0 0 0 0 0 0 
0 0 0 0 0 0 0 0 62.3571 0 0 0 0 0 0 0 0 
0 0 0 0 0 0 0 15.5191 0 15.6556 0 0 0 0 0 0 0 
0 0 0 0 0 0 0 0 0 0 0 0 0 0 0 0 0 
0 0 0 0 0 0 0 0 1.93564 0 0 0 0 0 0 0 0 
