1 0 0 0 0 0 0 0 0 0 0 0 0 0 0 0 1 
0 0 0 0 0 0 0 0 0 0 0 0 0 0 0 0 0 
0 16 0 0 0 0 0 0 0 0 0 0 0 0 0 16 0 
0 0 31.99 0 0 0 0 0 0 0 0 0 0 0 31.9613 0 0 
0 0 88.01 95.6656 22.7727 0 0 0 8.01781 0 0 0 24.6433 96.479 88.0387 0 0 
0 0 0 256.918 252.598 188.3 92.6664 62.3157 0 61.8054 92.0693 186.147 249.39 254.457 0 0 0 
0 0 0 207.416 737.38 676.014 683.613 606.705 766.354 614.639 683.728 685.042 737.418 209.064 0 0 0 
0 0 0 0 574.638 1679.49 1823.4 1893.76 1573.06 1872.65 1805.81 1664.22 578.022 0 0 0 0 
0 0 0 0 232.611 1245.93 2950.41 3695.07 4346.34 3684.14 2937.97 1252.49 230.527 0 0 0 0 
0 0 0 0 0 449.661 1572.95 3172.24 3281.36 3173.42 1588.15 449.332 0 0 0 0 0 
0 0 0 0 0 128.604 765.453 1396.56 2136.36 1407.06 776.105 130.77 0 0 0 0 0 
0 0 0 0 0 0 62.9572 504.756 569.639 513.762 65.8697 0 0 0 0 0 0 
0 0 0 0 0 0 56.5456 92.5751 123.037 96.404 58.2913 0 0 0 0 0 0 
0 0 0 0 0 0 0 0 63.7385 0 0 0 0 0 0 0 0 
0 0 0 0 0 0 0 16.0117 0 16.126 0 0 0 0 0 0 0 
0 0 0 0 0 0 0 0 0 0 0 0 0 0 0 0 0 
0 0 0 0 0 0 0 0 2.09365 0 0 0 0 0 0 0 0 
