1 0 0 0 0 0 0 0 0 0 0 0 0 0 0 0 1 
0 0 0 0 0 0 0 0 0 0 0 0 0 0 0 0 0 
0 16 0 0 0 0 0 0 0 0 0 0 0 0 0 16 0 
0 0 32.4982 0 0 0 0 0 0 0 0 0 0 0 31.7217 0 0 
0 0 87.5018 95.9608 23.7543 0 0 0 7.92219 0 0 0 24.4195 96.1648 88.2783 0 0 
0 0 0 259.692 259.11 193.669 96.9882 65.1611 0 64.9455 98.2245 192.817 257.414 253.679 0 0 0 
0 0 0 204.347 736.858 698.637 725.558 637.008 780.915 634.356 711.009 696.907 735.818 210.157 0 0 0 
0 0 0 0 574.151 1671.21 1827.9 1930.21 1626.45 1917.65 1825.49 1643.25 573.543 0 0 0 0 
0 0 0 0 226.127 1232.09 2928.11 3670.07 4344.97 3669.9 2909.72 1255.47 228.806 0 0 0 0 
0 0 0 0 0 444.595 1552.04 3167.1 3235.37 3145.46 1583.99 454.793 0 0 0 0 0 
0 0 0 0 0 127.802 760.116 1356.43 2130.17 1400.45 763.345 124.761 0 0 0 0 0 
0 0 0 0 0 0 62.9515 504.355 562.847 497.81 62.6835 0 0 0 0 0 0 
0 0 0 0 0 0 54.34 93.7291 116.766 93.9481 53.533 0 0 0 0 0 0 
0 0 0 0 0 0 0 0 62.6347 0 0 0 0 0 0 0 0 
0 0 0 0 0 0 0 15.9361 0 15.4842 0 0 0 0 0 0 0 
0 0 0 0 0 0 0 0 0 0 0 0 0 0 0 0 0 
0 0 0 0 0 0 0 0 1.9615 0 0 0 0 0 0 0 0 
