1 0 0 0 0 0 0 0 0 0 0 0 0 0 0 0 1 
0 0 0 0 0 0 0 0 0 0 0 0 0 0 0 0 0 
0 16 0 0 0 0 0 0 0 0 0 0 0 0 0 16 0 
0 0 31.7369 0 0 0 0 0 0 0 0 0 0 0 31.9861 0 0 
0 0 88.2631 97.199 24.2621 0 0 0 8.38227 0 0 0 24.2477 95.6879 88.0139 0 0 
0 0 0 256.173 256.181 193.739 97.1207 64.9201 0 66.3506 98.5937 192.153 253.677 255.35 0 0 0 
0 0 0 206.628 732.264 685.554 715.126 626.427 775.99 640.433 714.468 698.573 734.074 208.962 0 0 0 
0 0 0 0 577.798 1667.78 1817.56 1951.83 1616.59 1912.55 1819.98 1656.65 582.587 0 0 0 0 
0 0 0 0 229.495 1238.34 2915.03 3678.95 4365.27 3678.14 2922.11 1245.91 225.415 0 0 0 0 
0 0 0 0 0 453.307 1571.2 3104.09 3238.16 3137.36 1566.75 449.376 0 0 0 0 0 
0 0 0 0 0 129.286 769.181 1384.87 2106.03 1382.16 768.287 125.345 0 0 0 0 0 
0 0 0 0 0 0 65.1993 514.865 572.631 511.65 62.7937 0 0 0 0 0 0 
0 0 0 0 0 0 57.5851 97.6634 120.703 95.3598 55.0183 0 0 0 0 0 0 
0 0 0 0 0 0 0 0 64.1727 0 0 0 0 0 0 0 0 
0 0 0 0 0 0 0 16.3757 0 16.0019 0 0 0 0 0 0 0 
0 0 0 0 0 0 0 0 0 0 0 0 0 0 0 0 0 
0 0 0 0 0 0 0 0 2.07664 0 0 0 0 0 0 0 0 
