1 0 0 0 0 0 0 0 0 0 0 0 0 0 0 0 0 
0 0 0 0 0 0 0 0 0 0 0 0 0 0 0 0 0 
0 16 0 0 0 0 0 0 0 0 0 0 0 0 0 0 0 
0 0 32 0 0 0 0 0 0 0 0 0 0 0 0 0 0 
0 0 88 96.0907 24.0227 0 0 0 8.02736 0 0 0 0 0 0 0 0 
0 0 0 255.819 255.816 191.674 95.9755 64.2189 0 0 0 0 0 0 0 0 0 
0 0 0 208.091 736.251 687.219 702.201 623.273 768.143 0 0 0 0 0 0 0 0 
0 0 0 0 575.959 1666.03 1826.45 1921.06 1598.08 0 0 0 0 0 0 0 0 
0 0 0 0 227.951 1247.51 2927.64 3678.56 4357.22 0 0 0 0 0 0 0 0 
0 0 0 0 0 447.651 1568.61 3137.19 3265.63 0 0 0 0 0 0 0 0 
0 0 0 0 0 127.919 767.095 1391.98 2111.23 0 0 0 0 0 0 0 0 
0 0 0 0 0 0 64.1496 511.679 576.222 0 0 0 0 0 0 0 0 
0 0 0 0 0 0 55.8808 96.0688 119.503 0 0 0 0 0 0 0 0 
0 0 0 0 0 0 0 0 63.9494 0 0 0 0 0 0 0 0 
0 0 0 0 0 0 0 15.9659 0 0 0 0 0 0 0 0 0 
0 0 0 0 0 0 0 0 0 0 0 0 0 0 0 0 0 
0 0 0 0 0 0 0 0 1.99574 0 0 0 0 0 0 0 0 
