1 0 0 0 0 0 0 0 0 0 0 0 0 0 0 0 0 
0 0 0 0 0 0 0 0 0 0 0 0 0 0 0 0 0 
0 16 0 0 0 0 0 0 0 0 0 0 0 0 0 0 0 
0 0 32 0 0 0 0 0 0 0 0 0 0 0 0 0 0 
0 0 88 95.1699 23.3837 0 0 0 8.36787 0 0 0 0 0 0 0 0 
0 0 0 258.322 254.728 192.844 97.1409 68.3381 0 0 0 0 0 0 0 0 0 
0 0 0 206.508 738.995 690.042 726.839 621.64 777.002 0 0 0 0 0 0 0 0 
0 0 0 0 580.473 1684.86 1876.38 1934.26 1630.29 0 0 0 0 0 0 0 0 
0 0 0 0 222.42 1242.34 2924.57 3658.37 4392.78 0 0 0 0 0 0 0 0 
0 0 0 0 0 435.153 1525.08 3155.55 3234.45 0 0 0 0 0 0 0 0 
0 0 0 0 0 122.754 742.753 1394.93 2085.29 0 0 0 0 0 0 0 0 
0 0 0 0 0 0 61.4823 499.575 561.257 0 0 0 0 0 0 0 0 
0 0 0 0 0 0 53.7442 91.7329 116.543 0 0 0 0 0 0 0 0 
0 0 0 0 0 0 0 0 62.1355 0 0 0 0 0 0 0 0 
0 0 0 0 0 0 0 15.5902 0 0 0 0 0 0 0 0 0 
0 0 0 0 0 0 0 0 0 0 0 0 0 0 0 0 0 
0 0 0 0 0 0 0 0 1.87937 0 0 0 0 0 0 0 0 
