1 0 0 0 0 0 0 0 0 0 0 0 0 0 0 0 0 
0 0 0 0 0 0 0 0 0 0 0 0 0 0 0 0 0 
0 16 0 0 0 0 0 0 0 0 0 0 0 0 0 0 0 
0 0 32 0 0 0 0 0 0 0 0 0 0 0 0 0 0 
0 0 88 99.2107 25.4916 0 0 0 7.53577 0 0 0 0 0 0 0 0 
0 0 0 255.184 264.302 189.987 96.9725 61.6115 0 0 0 0 0 0 0 0 0 
0 0 0 205.605 740.03 686.295 700.044 608.188 761.042 0 0 0 0 0 0 0 0 
0 0 0 0 563.243 1676.45 1789.26 1899.81 1541.25 0 0 0 0 0 0 0 0 
0 0 0 0 226.934 1250.54 2956.62 3696.08 4393.38 0 0 0 0 0 0 0 0 
0 0 0 0 0 443.037 1582.53 3125.94 3299.51 0 0 0 0 0 0 0 0 
0 0 0 0 0 121.695 767.845 1418.22 2102.39 0 0 0 0 0 0 0 0 
0 0 0 0 0 0 63.3401 522.76 579.703 0 0 0 0 0 0 0 0 
0 0 0 0 0 0 51.3838 92.6201 120.799 0 0 0 0 0 0 0 0 
0 0 0 0 0 0 0 0 62.5879 0 0 0 0 0 0 0 0 
0 0 0 0 0 0 0 14.7646 0 0 0 0 0 0 0 0 0 
0 0 0 0 0 0 0 0 0 0 0 0 0 0 0 0 0 
0 0 0 0 0 0 0 0 1.78826 0 0 0 0 0 0 0 0 
