1 0 0 0 0 0 0 0 0 0 0 0 0 0 0 0 0 
0 0 0 0 0 0 0 0 0 0 0 0 0 0 0 0 0 
0 16 0 0 0 0 0 0 0 0 0 0 0 0 0 0 0 
0 0 32 0 0 0 0 0 0 0 0 0 0 0 0 0 0 
0 0 88 96.0954 24.0238 0 0 0 8.01283 0 0 0 0 0 0 0 0 
0 0 0 255.809 255.877 192.061 96.0773 64.1027 0 0 0 0 0 0 0 0 0 
0 0 0 208.095 736.188 687.99 702.646 623.333 768.193 0 0 0 0 0 0 0 0 
0 0 0 0 575.9 1663.71 1827.13 1921.52 1598.88 0 0 0 0 0 0 0 0 
0 0 0 0 228.012 1248.29 2924.64 3679.45 4358.19 0 0 0 0 0 0 0 0 
0 0 0 0 0 448.019 1570.19 3135.18 3261.98 0 0 0 0 0 0 0 0 
0 0 0 0 0 127.928 767.478 1391.57 2112.38 0 0 0 0 0 0 0 0 
0 0 0 0 0 0 63.8388 513.2 576.67 0 0 0 0 0 0 0 0 
0 0 0 0 0 0 55.9992 95.6452 119.937 0 0 0 0 0 0 0 0 
0 0 0 0 0 0 0 0 63.7642 0 0 0 0 0 0 0 0 
0 0 0 0 0 0 0 15.9998 0 0 0 0 0 0 0 0 0 
0 0 0 0 0 0 0 0 0 0 0 0 0 0 0 0 0 
0 0 0 0 0 0 0 0 1.99997 0 0 0 0 0 0 0 0 
