1 0 0 0 0 0 0 0 0 0 0 0 0 0 0 0 0 
0 0 0 0 0 0 0 0 0 0 0 0 0 0 0 0 0 
0 16 0 0 0 0 0 0 0 0 0 0 0 0 0 0 0 
0 0 32 0 0 0 0 0 0 0 0 0 0 0 0 0 0 
0 0 88 95.9851 23.9963 0 0 0 8.04728 0 0 0 0 0 0 0 0 
0 0 0 256.03 256.024 192.173 95.7627 64.3782 0 0 0 0 0 0 0 0 0 
0 0 0 207.985 736.142 688.07 704.327 622.328 768.67 0 0 0 0 0 0 0 0 
0 0 0 0 575.659 1663.39 1824.73 1925.97 1601.58 0 0 0 0 0 0 0 0 
0 0 0 0 228.179 1248.79 2926.7 3672.49 4353.57 0 0 0 0 0 0 0 0 
0 0 0 0 0 447.092 1568.82 3138.84 3262.89 0 0 0 0 0 0 0 0 
0 0 0 0 0 128.48 767.271 1391.32 2112.04 0 0 0 0 0 0 0 0 
0 0 0 0 0 0 64.2191 512.531 576.779 0 0 0 0 0 0 0 0 
0 0 0 0 0 0 56.1632 96.1046 120.3 0 0 0 0 0 0 0 0 
0 0 0 0 0 0 0 0 64.1115 0 0 0 0 0 0 0 0 
0 0 0 0 0 0 0 16.0466 0 0 0 0 0 0 0 0 0 
0 0 0 0 0 0 0 0 0 0 0 0 0 0 0 0 0 
0 0 0 0 0 0 0 0 2.00583 0 0 0 0 0 0 0 0 
