1 0 0 0 0 0 0 0 0 0 0 0 0 0 0 0 0 
0 0 0 0 0 0 0 0 0 0 0 0 0 0 0 0 0 
0 16 0 0 0 0 0 0 0 0 0 0 0 0 0 0 0 
0 0 32 0 0 0 0 0 0 0 0 0 0 0 0 0 0 
0 0 88 95.9393 23.9848 0 0 0 7.97845 0 0 0 0 0 0 0 0 
0 0 0 256.121 255.697 192.379 96.1887 63.8276 0 0 0 0 0 0 0 0 0 
0 0 0 207.939 736.407 687.809 705.888 624.975 767.544 0 0 0 0 0 0 0 0 
0 0 0 0 576.157 1662.95 1820.14 1919.07 1600.5 0 0 0 0 0 0 0 0 
0 0 0 0 227.755 1249.33 2929.17 3680.51 4357.27 0 0 0 0 0 0 0 0 
0 0 0 0 0 447.358 1568.97 3135.15 3262.38 0 0 0 0 0 0 0 0 
0 0 0 0 0 128.175 767.459 1392.09 2112.11 0 0 0 0 0 0 0 0 
0 0 0 0 0 0 64.1102 512.341 576.024 0 0 0 0 0 0 0 0 
0 0 0 0 0 0 56.0669 96.0093 120.126 0 0 0 0 0 0 0 0 
0 0 0 0 0 0 0 0 64.062 0 0 0 0 0 0 0 0 
0 0 0 0 0 0 0 16.0191 0 0 0 0 0 0 0 0 0 
0 0 0 0 0 0 0 0 0 0 0 0 0 0 0 0 0 
0 0 0 0 0 0 0 0 2.00239 0 0 0 0 0 0 0 0 
