1 0 0 0 0 0 0 0 0 0 0 0 0 0 0 0 0 
0 0 0 0 0 0 0 0 0 0 0 0 0 0 0 0 0 
0 16 0 0 0 0 0 0 0 0 0 0 0 0 0 0 0 
0 0 32 0 0 0 0 0 0 0 0 0 0 0 0 0 0 
0 0 88 96.0015 24.0004 0 0 0 8.01348 0 0 0 0 0 0 0 0 
0 0 0 255.997 255.934 192.406 96.1554 64.1078 0 0 0 0 0 0 0 0 0 
0 0 0 208.001 736.301 688.382 704.749 624.769 768.223 0 0 0 0 0 0 0 0 
0 0 0 0 575.594 1661.94 1823.68 1921.16 1600.68 0 0 0 0 0 0 0 0 
0 0 0 0 228.17 1248.89 2925.91 3675.83 4355.1 0 0 0 0 0 0 0 0 
0 0 0 0 0 448.84 1569.31 3137.75 3264.16 0 0 0 0 0 0 0 0 
0 0 0 0 0 127.54 768.158 1391.81 2110.5 0 0 0 0 0 0 0 0 
0 0 0 0 0 0 64.1665 512.594 577.387 0 0 0 0 0 0 0 0 
0 0 0 0 0 0 55.8791 96.0172 119.794 0 0 0 0 0 0 0 0 
0 0 0 0 0 0 0 0 64.144 0 0 0 0 0 0 0 0 
0 0 0 0 0 0 0 15.9654 0 0 0 0 0 0 0 0 0 
0 0 0 0 0 0 0 0 0 0 0 0 0 0 0 0 0 
0 0 0 0 0 0 0 0 1.99568 0 0 0 0 0 0 0 0 
