1 0 0 0 0 0 0 0 0 0 0 0 0 0 0 0 0 
0 0 0 0 0 0 0 0 0 0 0 0 0 0 0 0 0 
0 16 0 0 0 0 0 0 0 0 0 0 0 0 0 0 0 
0 0 32 0 0 0 0 0 0 0 0 0 0 0 0 0 0 
0 0 88 96.0555 24.0139 0 0 0 8.00475 0 0 0 0 0 0 0 0 
0 0 0 255.889 255.985 191.892 95.9846 64.038 0 0 0 0 0 0 0 0 0 
0 0 0 208.055 735.96 688.59 704.035 624.29 767.99 0 0 0 0 0 0 0 0 
0 0 0 0 576.069 1663.17 1824.88 1919.81 1600.42 0 0 0 0 0 0 0 0 
0 0 0 0 227.972 1248.44 2926.38 3679.98 4356.52 0 0 0 0 0 0 0 0 
0 0 0 0 0 447.785 1568.55 3135.37 3261.92 0 0 0 0 0 0 0 0 
0 0 0 0 0 128.123 768.075 1392.52 2112.89 0 0 0 0 0 0 0 0 
0 0 0 0 0 0 64.1708 511.84 576.394 0 0 0 0 0 0 0 0 
0 0 0 0 0 0 55.9223 96.1797 119.736 0 0 0 0 0 0 0 0 
0 0 0 0 0 0 0 0 64.1256 0 0 0 0 0 0 0 0 
0 0 0 0 0 0 0 15.9778 0 0 0 0 0 0 0 0 0 
0 0 0 0 0 0 0 0 0 0 0 0 0 0 0 0 0 
0 0 0 0 0 0 0 0 1.99723 0 0 0 0 0 0 0 0 
