1 0 0 0 0 0 0 0 0 0 0 0 0 0 0 0 0 
0 0 0 0 0 0 0 0 0 0 0 0 0 0 0 0 0 
0 16 0 0 0 0 0 0 0 0 0 0 0 0 0 0 0 
0 0 32 0 0 0 0 0 0 0 0 0 0 0 0 0 0 
0 0 88 96.0895 24.0224 0 0 0 7.97264 0 0 0 0 0 0 0 0 
0 0 0 255.821 255.857 192.099 95.8245 63.7811 0 0 0 0 0 0 0 0 0 
0 0 0 208.089 736.162 688.227 704.542 624.484 768.042 0 0 0 0 0 0 0 0 
0 0 0 0 576.014 1663.03 1822.93 1922.02 1604.16 0 0 0 0 0 0 0 0 
0 0 0 0 227.944 1248.72 2928.85 3676.98 4350.79 0 0 0 0 0 0 0 0 
0 0 0 0 0 448.076 1568.19 3134.87 3262.09 0 0 0 0 0 0 0 0 
0 0 0 0 0 127.851 767.749 1393.9 2114.89 0 0 0 0 0 0 0 0 
0 0 0 0 0 0 63.8277 512.251 575.681 0 0 0 0 0 0 0 0 
0 0 0 0 0 0 56.0799 95.6963 120.642 0 0 0 0 0 0 0 0 
0 0 0 0 0 0 0 0 63.7284 0 0 0 0 0 0 0 0 
0 0 0 0 0 0 0 16.0228 0 0 0 0 0 0 0 0 0 
0 0 0 0 0 0 0 0 0 0 0 0 0 0 0 0 0 
0 0 0 0 0 0 0 0 2.00285 0 0 0 0 0 0 0 0 
