1 0 0 0 0 0 0 0 0 0 0 0 0 0 0 0 0 
0 0 0 0 0 0 0 0 0 0 0 0 0 0 0 0 0 
0 16 0 0 0 0 0 0 0 0 0 0 0 0 0 0 0 
0 0 32 0 0 0 0 0 0 0 0 0 0 0 0 0 0 
0 0 88 94.4367 23.1891 0 0 0 7.32757 0 0 0 0 0 0 0 0 
0 0 0 257.691 250.09 185.854 95.8619 59.986 0 0 0 0 0 0 0 0 0 
0 0 0 207.873 732.105 666.855 690.669 624.28 769.427 0 0 0 0 0 0 0 0 
0 0 0 0 583.031 1649.94 1818.95 1912.84 1630.1 0 0 0 0 0 0 0 0 
0 0 0 0 231.585 1259.8 2886.97 3655.35 4315.87 0 0 0 0 0 0 0 0 
0 0 0 0 0 471.186 1592.85 3118.31 3220.31 0 0 0 0 0 0 0 0 
0 0 0 0 0 134.363 792.097 1414.15 2140.46 0 0 0 0 0 0 0 0 
0 0 0 0 0 0 68.0459 537.689 587.32 0 0 0 0 0 0 0 0 
0 0 0 0 0 0 62.5652 99.2508 129.806 0 0 0 0 0 0 0 0 
0 0 0 0 0 0 0 0 67.1409 0 0 0 0 0 0 0 0 
0 0 0 0 0 0 0 18.1521 0 0 0 0 0 0 0 0 0 
0 0 0 0 0 0 0 0 0 0 0 0 0 0 0 0 0 
0 0 0 0 0 0 0 0 2.22754 0 0 0 0 0 0 0 0 
