1 0 0 0 0 0 0 0 0 0 0 0 0 0 0 0 0 
0 0 0 0 0 0 0 0 0 0 0 0 0 0 0 0 0 
0 16 0 0 0 0 0 0 0 0 0 0 0 0 0 0 0 
0 0 32 0 0 0 0 0 0 0 0 0 0 0 0 0 0 
0 0 88 95.9211 23.9803 0 0 0 8.0276 0 0 0 0 0 0 0 0 
0 0 0 256.158 256.043 192.334 96.1445 64.2208 0 0 0 0 0 0 0 0 0 
0 0 0 207.921 736.135 688.345 703.617 623.31 767.942 0 0 0 0 0 0 0 0 
0 0 0 0 575.679 1662.57 1824.28 1920.81 1599.28 0 0 0 0 0 0 0 0 
0 0 0 0 228.162 1248.87 2927.72 3678.86 4356.12 0 0 0 0 0 0 0 0 
0 0 0 0 0 447.507 1568.76 3137.51 3265.03 0 0 0 0 0 0 0 0 
0 0 0 0 0 128.378 767.314 1391.33 2112.42 0 0 0 0 0 0 0 0 
0 0 0 0 0 0 64.0664 511.993 575.308 0 0 0 0 0 0 0 0 
0 0 0 0 0 0 56.0921 95.9447 119.839 0 0 0 0 0 0 0 0 
0 0 0 0 0 0 0 0 64.0181 0 0 0 0 0 0 0 0 
0 0 0 0 0 0 0 16.0263 0 0 0 0 0 0 0 0 0 
0 0 0 0 0 0 0 0 0 0 0 0 0 0 0 0 0 
0 0 0 0 0 0 0 0 2.00329 0 0 0 0 0 0 0 0 
