1 0 0 0 0 0 0 0 0 0 0 0 0 0 0 0 0 
0 0 0 0 0 0 0 0 0 0 0 0 0 0 0 0 0 
0 16 0 0 0 0 0 0 0 0 0 0 0 0 0 0 0 
0 0 32 0 0 0 0 0 0 0 0 0 0 0 0 0 0 
0 0 88 95.9129 23.9782 0 0 0 7.98139 0 0 0 0 0 0 0 0 
0 0 0 256.174 255.894 191.593 95.9214 63.8512 0 0 0 0 0 0 0 0 0 
0 0 0 207.913 736.31 687.866 702.991 623.831 767.987 0 0 0 0 0 0 0 0 
0 0 0 0 575.785 1665.6 1825.98 1919.61 1599.21 0 0 0 0 0 0 0 0 
0 0 0 0 228.033 1247.09 2927.78 3679.52 4357.82 0 0 0 0 0 0 0 0 
0 0 0 0 0 447.59 1567.25 3140.01 3262.82 0 0 0 0 0 0 0 0 
0 0 0 0 0 128.26 767.897 1388.84 2112.06 0 0 0 0 0 0 0 0 
0 0 0 0 0 0 64.049 512.301 576.278 0 0 0 0 0 0 0 0 
0 0 0 0 0 0 56.1335 96.0031 119.899 0 0 0 0 0 0 0 0 
0 0 0 0 0 0 0 0 63.942 0 0 0 0 0 0 0 0 
0 0 0 0 0 0 0 16.0381 0 0 0 0 0 0 0 0 0 
0 0 0 0 0 0 0 0 0 0 0 0 0 0 0 0 0 
0 0 0 0 0 0 0 0 2.00477 0 0 0 0 0 0 0 0 
