1 0 0 0 0 0 0 0 0 0 0 0 0 0 0 0 0 
0 0 0 0 0 0 0 0 0 0 0 0 0 0 0 0 0 
0 16 0 0 0 0 0 0 0 0 0 0 0 0 0 0 0 
0 0 32 0 0 0 0 0 0 0 0 0 0 0 0 0 0 
0 0 88 95.9141 23.9785 0 0 0 7.99801 0 0 0 0 0 0 0 0 
0 0 0 256.172 256.01 192.054 96.1146 63.9841 0 0 0 0 0 0 0 0 0 
0 0 0 207.914 736.021 688.028 704.18 624.019 768.009 0 0 0 0 0 0 0 0 
0 0 0 0 576.013 1663.77 1823.49 1920.16 1599.25 0 0 0 0 0 0 0 0 
0 0 0 0 227.977 1248.05 2927.83 3679.68 4356.49 0 0 0 0 0 0 0 0 
0 0 0 0 0 448.207 1568.45 3136.28 3265.12 0 0 0 0 0 0 0 0 
0 0 0 0 0 127.892 768.06 1391.77 2111.12 0 0 0 0 0 0 0 0 
0 0 0 0 0 0 63.8908 512.052 576.088 0 0 0 0 0 0 0 0 
0 0 0 0 0 0 55.9885 96.0463 119.971 0 0 0 0 0 0 0 0 
0 0 0 0 0 0 0 0 63.9505 0 0 0 0 0 0 0 0 
0 0 0 0 0 0 0 15.9967 0 0 0 0 0 0 0 0 0 
0 0 0 0 0 0 0 0 0 0 0 0 0 0 0 0 0 
0 0 0 0 0 0 0 0 1.99959 0 0 0 0 0 0 0 0 
