1 0 0 0 0 0 0 0 0 0 0 0 0 0 0 0 0 
0 0 0 0 0 0 0 0 0 0 0 0 0 0 0 0 0 
0 16 0 0 0 0 0 0 0 0 0 0 0 0 0 0 0 
0 0 32 0 0 0 0 0 0 0 0 0 0 0 0 0 0 
0 0 88 95.1156 22.8159 0 0 0 8.1831 0 0 0 0 0 0 0 0 
0 0 0 256.213 252.366 187.361 96.1949 64.785 0 0 0 0 0 0 0 0 0 
0 0 0 208.671 740.361 678.207 706.724 651.291 789.112 0 0 0 0 0 0 0 0 
0 0 0 0 577.111 1681.63 1844.41 1954.94 1640.88 0 0 0 0 0 0 0 0 
0 0 0 0 227.346 1254.28 2911.61 3649.57 4310.47 0 0 0 0 0 0 0 0 
0 0 0 0 0 443.228 1558.8 3137.63 3249.03 0 0 0 0 0 0 0 0 
0 0 0 0 0 123.297 772.664 1374.03 2109.31 0 0 0 0 0 0 0 0 
0 0 0 0 0 0 64.8999 498.325 576.637 0 0 0 0 0 0 0 0 
0 0 0 0 0 0 52.6928 94.4745 120.931 0 0 0 0 0 0 0 0 
0 0 0 0 0 0 0 0 63.584 0 0 0 0 0 0 0 0 
0 0 0 0 0 0 0 14.9625 0 0 0 0 0 0 0 0 0 
0 0 0 0 0 0 0 0 0 0 0 0 0 0 0 0 0 
0 0 0 0 0 0 0 0 1.86207 0 0 0 0 0 0 0 0 
