1 0 0 0 0 0 0 0 0 0 0 0 0 0 0 0 0 
0 0 0 0 0 0 0 0 0 0 0 0 0 0 0 0 0 
0 16 0 0 0 0 0 0 0 0 0 0 0 0 0 0 0 
0 0 32 0 0 0 0 0 0 0 0 0 0 0 0 0 0 
0 0 88 95.89 23.9725 0 0 0 7.97769 0 0 0 0 0 0 0 0 
0 0 0 256.22 255.733 191.916 96.1853 63.8215 0 0 0 0 0 0 0 0 0 
0 0 0 207.89 736.285 688.708 704.069 625.117 767.606 0 0 0 0 0 0 0 0 
0 0 0 0 576.342 1662.18 1823.17 1918.23 1599.59 0 0 0 0 0 0 0 0 
0 0 0 0 227.668 1249.48 2928.45 3679.64 4355.32 0 0 0 0 0 0 0 0 
0 0 0 0 0 448.093 1567.93 3138.76 3267.57 0 0 0 0 0 0 0 0 
0 0 0 0 0 127.623 768.527 1390.03 2110.76 0 0 0 0 0 0 0 0 
0 0 0 0 0 0 63.805 512.415 575.127 0 0 0 0 0 0 0 0 
0 0 0 0 0 0 55.8659 96.0212 119.95 0 0 0 0 0 0 0 0 
0 0 0 0 0 0 0 0 64.0954 0 0 0 0 0 0 0 0 
0 0 0 0 0 0 0 15.9617 0 0 0 0 0 0 0 0 0 
0 0 0 0 0 0 0 0 0 0 0 0 0 0 0 0 0 
0 0 0 0 0 0 0 0 1.99521 0 0 0 0 0 0 0 0 
