1 0 0 0 0 0 0 0 0 0 0 0 0 0 0 0 0 
0 0 0 0 0 0 0 0 0 0 0 0 0 0 0 0 0 
0 16 0 0 0 0 0 0 0 0 0 0 0 0 0 0 0 
0 0 32 0 0 0 0 0 0 0 0 0 0 0 0 0 0 
0 0 88 95.8683 23.9671 0 0 0 7.98668 0 0 0 0 0 0 0 0 
0 0 0 256.263 255.698 191.553 95.9356 63.8934 0 0 0 0 0 0 0 0 0 
0 0 0 207.868 736.413 687.997 703.069 623.022 767.4 0 0 0 0 0 0 0 0 
0 0 0 0 576.211 1664.71 1825.01 1920.87 1598.25 0 0 0 0 0 0 0 0 
0 0 0 0 227.711 1248 2927.91 3680.54 4360.04 0 0 0 0 0 0 0 0 
0 0 0 0 0 448.115 1568.72 3135.4 3263.33 0 0 0 0 0 0 0 0 
0 0 0 0 0 127.625 767.615 1393.25 2111.05 0 0 0 0 0 0 0 0 
0 0 0 0 0 0 63.9638 511.293 575.889 0 0 0 0 0 0 0 0 
0 0 0 0 0 0 55.779 95.7976 120.349 0 0 0 0 0 0 0 0 
0 0 0 0 0 0 0 0 63.7139 0 0 0 0 0 0 0 0 
0 0 0 0 0 0 0 15.9369 0 0 0 0 0 0 0 0 0 
0 0 0 0 0 0 0 0 0 0 0 0 0 0 0 0 0 
0 0 0 0 0 0 0 0 1.99211 0 0 0 0 0 0 0 0 
