1 0 0 0 0 0 0 0 0 0 0 0 0 0 0 0 0 
0 0 0 0 0 0 0 0 0 0 0 0 0 0 0 0 0 
0 16 0 0 0 0 0 0 0 0 0 0 0 0 0 0 0 
0 0 32 0 0 0 0 0 0 0 0 0 0 0 0 0 0 
0 0 88 95.9909 23.9977 0 0 0 8.06638 0 0 0 0 0 0 0 0 
0 0 0 256.018 255.896 192.42 96.1902 64.531 0 0 0 0 0 0 0 0 0 
0 0 0 207.991 736.267 688.02 704.681 622.937 767.237 0 0 0 0 0 0 0 0 
0 0 0 0 575.785 1662.49 1822.81 1919.66 1601.37 0 0 0 0 0 0 0 0 
0 0 0 0 228.053 1249.18 2928.6 3683.54 4354.43 0 0 0 0 0 0 0 0 
0 0 0 0 0 447.981 1566.86 3132.11 3264.23 0 0 0 0 0 0 0 0 
0 0 0 0 0 127.905 768.643 1392.7 2114.21 0 0 0 0 0 0 0 0 
0 0 0 0 0 0 64.2727 512.414 574.386 0 0 0 0 0 0 0 0 
0 0 0 0 0 0 55.9439 96.1164 120.077 0 0 0 0 0 0 0 0 
0 0 0 0 0 0 0 0 64.0028 0 0 0 0 0 0 0 0 
0 0 0 0 0 0 0 15.984 0 0 0 0 0 0 0 0 0 
0 0 0 0 0 0 0 0 0 0 0 0 0 0 0 0 0 
0 0 0 0 0 0 0 0 1.998 0 0 0 0 0 0 0 0 
