1 0 0 0 0 0 0 0 0 0 0 0 0 0 0 0 0 
0 0 0 0 0 0 0 0 0 0 0 0 0 0 0 0 0 
0 16 0 0 0 0 0 0 0 0 0 0 0 0 0 0 0 
0 0 32 0 0 0 0 0 0 0 0 0 0 0 0 0 0 
0 0 88 95.9803 23.7547 0 0 0 7.17764 0 0 0 0 0 0 0 0 
0 0 0 255.2 254.345 194.162 97.2929 58.7544 0 0 0 0 0 0 0 0 0 
0 0 0 208.819 732.962 691.321 699.8 617.618 754.536 0 0 0 0 0 0 0 0 
0 0 0 0 577.438 1655.94 1808.9 1914.02 1618.28 0 0 0 0 0 0 0 0 
0 0 0 0 231.5 1254.07 2929.45 3647.24 4345.14 0 0 0 0 0 0 0 0 
0 0 0 0 0 445.238 1582.52 3165.61 3304.58 0 0 0 0 0 0 0 0 
0 0 0 0 0 127.264 770.078 1412.09 2066.13 0 0 0 0 0 0 0 0 
0 0 0 0 0 0 66.0459 511.532 584.047 0 0 0 0 0 0 0 0 
0 0 0 0 0 0 53.9118 97.6721 122.237 0 0 0 0 0 0 0 0 
0 0 0 0 0 0 0 0 65.9482 0 0 0 0 0 0 0 0 
0 0 0 0 0 0 0 15.4674 0 0 0 0 0 0 0 0 0 
0 0 0 0 0 0 0 0 0 0 0 0 0 0 0 0 0 
0 0 0 0 0 0 0 0 1.92181 0 0 0 0 0 0 0 0 
