1 0 0 0 0 0 0 0 0 0 0 0 0 0 0 0 0 
0 0 0 0 0 0 0 0 0 0 0 0 0 0 0 0 0 
0 16 0 0 0 0 0 0 0 0 0 0 0 0 0 0 0 
0 0 32 0 0 0 0 0 0 0 0 0 0 0 0 0 0 
0 0 88 96.415 24.3055 0 0 0 8.00252 0 0 0 0 0 0 0 0 
0 0 0 253.736 259.211 190.754 97.2174 63.6086 0 0 0 0 0 0 0 0 0 
0 0 0 209.849 737.5 687.357 708.373 613.37 781.851 0 0 0 0 0 0 0 0 
0 0 0 0 572.944 1674 1842.78 1934.42 1629.19 0 0 0 0 0 0 0 0 
0 0 0 0 226.039 1251.02 2932.36 3692.48 4388.25 0 0 0 0 0 0 0 0 
0 0 0 0 0 439.038 1552.62 3136.4 3217.34 0 0 0 0 0 0 0 0 
0 0 0 0 0 125.825 755.27 1391.93 2097.51 0 0 0 0 0 0 0 0 
0 0 0 0 0 0 62.6169 500.603 570.63 0 0 0 0 0 0 0 0 
0 0 0 0 0 0 56.7689 91.4006 115.816 0 0 0 0 0 0 0 0 
0 0 0 0 0 0 0 0 59.4771 0 0 0 0 0 0 0 0 
0 0 0 0 0 0 0 15.7884 0 0 0 0 0 0 0 0 0 
0 0 0 0 0 0 0 0 0 0 0 0 0 0 0 0 0 
0 0 0 0 0 0 0 0 1.93594 0 0 0 0 0 0 0 0 
