1 0 0 0 0 0 0 0 0 0 0 0 0 0 0 0 1 
0 0 0 0 0 0 0 0 0 0 0 0 0 0 0 0 0 
0 16 0 0 0 0 0 0 0 0 0 0 0 0 0 16 0 
0 0 31.2677 0 0 0 0 0 0 0 0 0 0 0 32.4083 0 0 
0 0 88.7323 92.6564 24.1541 0 0 0 8.33931 0 0 0 25.9417 97.8577 87.5917 0 0 
0 0 0 259.186 255.584 191.802 95.6847 65.8647 0 65.6779 97.7681 195.51 256.277 254.29 0 0 0 
0 0 0 208.157 734.829 694.737 706.942 628.162 760.973 621.804 721.863 689.595 731.777 207.852 0 0 0 
0 0 0 0 573.232 1646.97 1833.19 1920.03 1595.37 1938.6 1822.46 1648.68 581.027 0 0 0 0 
0 0 0 0 232.201 1250.35 2908.81 3669.44 4357.09 3657.37 2910.38 1260.66 224.978 0 0 0 0 
0 0 0 0 0 453.92 1573.14 3147.42 3258.79 3144.31 1572.01 445.317 0 0 0 0 0 
0 0 0 0 0 130.214 770.544 1384.03 2123.68 1390.7 762.133 128.234 0 0 0 0 0 
0 0 0 0 0 0 63.8787 513.571 581.49 509.539 65.0678 0 0 0 0 0 0 
0 0 0 0 0 0 55.8105 95.3002 118.091 95.7036 56.3178 0 0 0 0 0 0 
0 0 0 0 0 0 0 0 64.158 0 0 0 0 0 0 0 0 
0 0 0 0 0 0 0 16.1859 0 16.2835 0 0 0 0 0 0 0 
0 0 0 0 0 0 0 0 0 0 0 0 0 0 0 0 0 
0 0 0 0 0 0 0 0 2.01798 0 0 0 0 0 0 0 0 
