1 0 0 0 0 0 0 0 0 0 0 0 0 0 0 0 1 
0 0 0 0 0 0 0 0 0 0 0 0 0 0 0 0 0 
0 16 0 0 0 0 0 0 0 0 0 0 0 0 0 16 0 
0 0 32.5504 0 0 0 0 0 0 0 0 0 0 0 31.6199 0 0 
0 0 87.4496 97.3227 24.0411 0 0 0 7.86862 0 0 0 22.9845 94.2868 88.3801 0 0 
0 0 0 254.036 256.507 189.595 95.2702 62.8131 0 62.006 94.0886 188.894 252.095 255.596 0 0 0 
0 0 0 208.641 731.936 698.321 706.171 621.871 776.692 631.607 699.813 688.945 738.138 210.117 0 0 0 
0 0 0 0 576.641 1662.77 1830.56 1924.63 1603.29 1905.74 1836.65 1668.73 578.077 0 0 0 0 
0 0 0 0 230.875 1238.73 2936.04 3693.73 4309.88 3681.69 2924.89 1245.5 228.705 0 0 0 0 
0 0 0 0 0 449.226 1562.98 3147.87 3293.86 3147.08 1570.66 449.779 0 0 0 0 0 
0 0 0 0 0 129.362 755.426 1364.78 2117.16 1389.83 762.923 126.156 0 0 0 0 0 
0 0 0 0 0 0 65.4109 511.372 576.89 510.972 64.4923 0 0 0 0 0 0 
0 0 0 0 0 0 56.1473 97.1959 119.761 95.146 54.4897 0 0 0 0 0 0 
0 0 0 0 0 0 0 0 62.6483 0 0 0 0 0 0 0 0 
0 0 0 0 0 0 0 15.7345 0 15.9281 0 0 0 0 0 0 0 
0 0 0 0 0 0 0 0 0 0 0 0 0 0 0 0 0 
0 0 0 0 0 0 0 0 1.95489 0 0 0 0 0 0 0 0 
