1 0 0 0 0 0 0 0 0 0 0 0 0 0 0 0 1 
0 0 0 0 0 0 0 0 0 0 0 0 0 0 0 0 0 
0 16 0 0 0 0 0 0 0 0 0 0 0 0 0 16 0 
0 0 31.9395 0 0 0 0 0 0 0 0 0 0 0 31.3449 0 0 
0 0 88.0605 93.9851 23.477 0 0 0 8.03066 0 0 0 23.1553 94.3903 88.6551 0 0 
0 0 0 258.142 258.574 195.611 97.6262 63.8946 0 62.9382 96.8264 192.009 252.873 254.614 0 0 0 
0 0 0 207.873 731.045 692.854 709.125 616.417 767.146 638.342 700.381 682.994 732.938 210.996 0 0 0 
0 0 0 0 572.507 1655.06 1818.12 1928.36 1602.23 1917.27 1824.7 1673.79 582.205 0 0 0 0 
0 0 0 0 234.397 1244.14 2951 3672.68 4335.66 3671.81 2940.67 1256.71 228.828 0 0 0 0 
0 0 0 0 0 450.036 1545.2 3145.95 3261.47 3157.82 1564.56 435.639 0 0 0 0 0 
0 0 0 0 0 130.291 766.916 1381.27 2136.81 1375.05 761.238 126.855 0 0 0 0 0 
0 0 0 0 0 0 63.7361 518.585 571.968 505.889 63.9637 0 0 0 0 0 0 
0 0 0 0 0 0 56.2715 96.8023 121.492 94.6718 55.6529 0 0 0 0 0 0 
0 0 0 0 0 0 0 0 63.1965 0 0 0 0 0 0 0 0 
0 0 0 0 0 0 0 16.0409 0 16.2182 0 0 0 0 0 0 0 
0 0 0 0 0 0 0 0 0 0 0 0 0 0 0 0 0 
0 0 0 0 0 0 0 0 1.99836 0 0 0 0 0 0 0 0 
