1 0 0 0 0 0 0 0 0 0 0 0 0 0 0 0 1 
0 0 0 0 0 0 0 0 0 0 0 0 0 0 0 0 0 
0 16 0 0 0 0 0 0 0 0 0 0 0 0 0 16 0 
0 0 32.8065 0 0 0 0 0 0 0 0 0 0 0 31.9238 0 0 
0 0 87.1935 96.8929 24.347 0 0 0 8.16231 0 0 0 22.7763 93.9673 88.0762 0 0 
0 0 0 258.223 257.229 195.185 97.7888 65.8887 0 64.2713 96.6201 189.256 256.376 257.213 0 0 0 
0 0 0 204.885 738.244 683.246 702.721 621.954 762.735 620.147 700.411 679.364 731.718 208.819 0 0 0 
0 0 0 0 573.515 1663.15 1828.9 1925.81 1612.05 1929.72 1831.52 1673.22 581.669 0 0 0 0 
0 0 0 0 226.665 1249.51 2903.06 3676.24 4355.91 3677.84 2947.34 1249.1 227.461 0 0 0 0 
0 0 0 0 0 447.689 1578.11 3108.68 3248.13 3146.67 1553.88 446.35 0 0 0 0 0 
0 0 0 0 0 129.223 777.157 1409.16 2113.78 1378.56 755.934 130.718 0 0 0 0 0 
0 0 0 0 0 0 64.4543 518.61 582.314 509.636 65.59 0 0 0 0 0 0 
0 0 0 0 0 0 55.8108 97.4601 120.07 96.6518 56.6969 0 0 0 0 0 0 
0 0 0 0 0 0 0 0 64.7526 0 0 0 0 0 0 0 0 
0 0 0 0 0 0 0 16.192 0 16.5062 0 0 0 0 0 0 0 
0 0 0 0 0 0 0 0 0 0 0 0 0 0 0 0 0 
0 0 0 0 0 0 0 0 2.08915 0 0 0 0 0 0 0 0 
