1 0 0 0 0 0 0 0 0 0 0 0 0 0 0 0 1 
0 0 0 0 0 0 0 0 0 0 0 0 0 0 0 0 0 
0 16 0 0 0 0 0 0 0 0 0 0 0 0 0 16 0 
0 0 31.7452 0 0 0 0 0 0 0 0 0 0 0 31.9227 0 0 
0 0 88.2548 95.1539 22.4843 0 0 0 7.78839 0 0 0 23.2338 94.5259 88.0773 0 0 
0 0 0 255.08 253.205 180.481 93.0714 63.7074 0 64.7029 95.5039 191.222 257.049 257.487 0 0 0 
0 0 0 209.766 731.855 675.582 691.059 606.522 736.492 617.831 702.514 687.809 728.593 207.987 0 0 0 
0 0 0 0 580.032 1646.09 1793.08 1896.86 1559.73 1885.3 1801.64 1641.93 582.742 0 0 0 0 
0 0 0 0 232.423 1274.34 2932.86 3686.09 4383.88 3729.26 2943 1265.04 228.382 0 0 0 0 
0 0 0 0 0 461.735 1590.71 3134.2 3290.73 3128.96 1576.61 452.885 0 0 0 0 0 
0 0 0 0 0 129.775 782.92 1422.67 2118.77 1395.58 770.225 129.118 0 0 0 0 0 
0 0 0 0 0 0 65.0015 516.51 583.805 508.744 62.9967 0 0 0 0 0 0 
0 0 0 0 0 0 59.3025 96.9517 123.105 93.7014 55.5172 0 0 0 0 0 0 
0 0 0 0 0 0 0 0 63.6987 0 0 0 0 0 0 0 0 
0 0 0 0 0 0 0 16.4729 0 15.9146 0 0 0 0 0 0 0 
0 0 0 0 0 0 0 0 0 0 0 0 0 0 0 0 0 
0 0 0 0 0 0 0 0 2.00928 0 0 0 0 0 0 0 0 
