1 0 0 0 0 0 0 0 0 0 0 0 0 0 0 0 1 
0 0 0 0 0 0 0 0 0 0 0 0 0 0 0 0 0 
0 16 0 0 0 0 0 0 0 0 0 0 0 0 0 16 0 
0 0 31.642 0 0 0 0 0 0 0 0 0 0 0 31.8706 0 0 
0 0 88.358 95.6473 24.024 0 0 0 8.2185 0 0 0 24.0612 95.4644 88.1294 0 0 
0 0 0 257.732 256.244 191.107 93.3809 64.2012 0 63.4357 97.1591 196.49 256.716 257.044 0 0 0 
0 0 0 206.621 728.585 693.787 709.731 628.162 776.903 627.414 710.116 679.28 729.549 207.491 0 0 0 
0 0 0 0 580.303 1655.64 1813.6 1931.36 1602.79 1946.2 1856.31 1669.89 583.382 0 0 0 0 
0 0 0 0 230.845 1243.93 2904.2 3652.38 4331.67 3682.75 2919.18 1252.73 226.292 0 0 0 0 
0 0 0 0 0 452.08 1593.86 3109.15 3272.71 3121.46 1550.6 442.054 0 0 0 0 0 
0 0 0 0 0 131.457 771.057 1419.08 2110.29 1373.16 753.508 127.562 0 0 0 0 0 
0 0 0 0 0 0 65.4498 521.326 580.101 511.688 64.8201 0 0 0 0 0 0 
0 0 0 0 0 0 56.7224 98.0873 120.296 97.8552 56.311 0 0 0 0 0 0 
0 0 0 0 0 0 0 0 64.9854 0 0 0 0 0 0 0 0 
0 0 0 0 0 0 0 16.256 0 16.0322 0 0 0 0 0 0 0 
0 0 0 0 0 0 0 0 0 0 0 0 0 0 0 0 0 
0 0 0 0 0 0 0 0 2.04489 0 0 0 0 0 0 0 0 
