1 0 0 0 0 0 0 0 0 0 0 0 0 0 0 0 1 
0 0 0 0 0 0 0 0 0 0 0 0 0 0 0 0 0 
0 16 0 0 0 0 0 0 0 0 0 0 0 0 0 16 0 
0 0 31.79 0 0 0 0 0 0 0 0 0 0 0 31.8172 0 0 
0 0 88.21 97.3313 23.784 0 0 0 7.92607 0 0 0 24.5703 97.0189 88.1828 0 0 
0 0 0 254.789 255.293 191.798 97.6175 64.655 0 64.5066 97.8756 194.43 255.374 253.168 0 0 0 
0 0 0 207.879 739.388 693.945 710.754 630.016 775.289 633.184 712.73 687.708 728.926 209.813 0 0 0 
0 0 0 0 574.891 1647.79 1831.31 1948.82 1616.66 1933.52 1821.75 1653.38 578.676 0 0 0 0 
0 0 0 0 226.645 1257.86 2891.92 3648.44 4343.45 3655.95 2910.35 1251.91 232.454 0 0 0 0 
0 0 0 0 0 449.097 1583.83 3135.13 3269.52 3147.27 1571.25 450.049 0 0 0 0 0 
0 0 0 0 0 127.506 773.092 1392.55 2103.15 1379.16 772.221 130.52 0 0 0 0 0 
0 0 0 0 0 0 63.3402 509.253 569.63 514.684 64.2923 0 0 0 0 0 0 
0 0 0 0 0 0 56.1418 95.3713 118.66 95.6089 57.5278 0 0 0 0 0 0 
0 0 0 0 0 0 0 0 63.692 0 0 0 0 0 0 0 0 
0 0 0 0 0 0 0 15.765 0 16.1145 0 0 0 0 0 0 0 
0 0 0 0 0 0 0 0 0 0 0 0 0 0 0 0 0 
0 0 0 0 0 0 0 0 2.018 0 0 0 0 0 0 0 0 
