1 0 0 0 0 0 0 0 0 0 0 0 0 0 0 0 1 
0 0 0 0 0 0 0 0 0 0 0 0 0 0 0 0 0 
0 16 0 0 0 0 0 0 0 0 0 0 0 0 0 16 0 
0 0 31.5651 0 0 0 0 0 0 0 0 0 0 0 31.7414 0 0 
0 0 88.4349 95.0408 23.8603 0 0 0 7.47416 0 0 0 23.8659 97.023 88.2586 0 0 
0 0 0 256.277 250.965 191.557 95.5471 63.711 0 64.673 97.2572 194.223 252.164 255.242 0 0 0 
0 0 0 208.682 735.332 682.351 700.981 619.6 764.224 621.006 706.868 681.518 740.642 207.735 0 0 0 
0 0 0 0 580.43 1661.15 1813.82 1896.57 1616.76 1941.46 1813.48 1683.95 574.171 0 0 0 0 
0 0 0 0 229.412 1255.44 2949.74 3699.28 4344.39 3673.45 2934.79 1229.34 229.157 0 0 0 0 
0 0 0 0 0 448.955 1564.23 3161.43 3296.64 3148.25 1567.61 450.002 0 0 0 0 0 
0 0 0 0 0 128.544 765.044 1379.48 2081.24 1370.87 767.775 128.971 0 0 0 0 0 
0 0 0 0 0 0 63.7929 507.28 576.276 509.09 63.4994 0 0 0 0 0 0 
0 0 0 0 0 0 54.8489 96.5167 117.834 95.7991 56.7167 0 0 0 0 0 0 
0 0 0 0 0 0 0 0 63.1215 0 0 0 0 0 0 0 0 
0 0 0 0 0 0 0 16.1474 0 15.4079 0 0 0 0 0 0 0 
0 0 0 0 0 0 0 0 0 0 0 0 0 0 0 0 0 
0 0 0 0 0 0 0 0 2.03987 0 0 0 0 0 0 0 0 
