1 0 0 0 0 0 0 0 0 0 0 0 0 0 0 0 1 
0 0 0 0 0 0 0 0 0 0 0 0 0 0 0 0 0 
0 16 0 0 0 0 0 0 0 0 0 0 0 0 0 16 0 
0 0 32.2153 0 0 0 0 0 0 0 0 0 0 0 31.7494 0 0 
0 0 87.7847 95.342 24.0623 0 0 0 7.72723 0 0 0 24.6904 97.3282 88.2506 0 0 
0 0 0 259.328 253.644 191.717 95.6271 64.9922 0 61.4016 93.915 191.518 257.676 253.979 0 0 0 
0 0 0 205.33 744.371 691.138 696.563 618.038 761.343 616.828 695.738 685.797 737.299 208.693 0 0 0 
0 0 0 0 571.282 1657.13 1820.04 1918.74 1601.98 1917.3 1840.67 1676.87 572.218 0 0 0 0 
0 0 0 0 226.64 1258.88 2941.92 3674.14 4298.45 3693.52 2929.46 1242.4 228.117 0 0 0 0 
0 0 0 0 0 442.376 1568.21 3153.05 3304.77 3130.68 1565.88 442.832 0 0 0 0 0 
0 0 0 0 0 126.752 766.882 1388.52 2125.79 1398.93 763.253 128.574 0 0 0 0 0 
0 0 0 0 0 0 63.1596 510.29 583.534 509.853 63.9684 0 0 0 0 0 0 
0 0 0 0 0 0 55.5985 96.0838 120.157 95.9258 55.1164 0 0 0 0 0 0 
0 0 0 0 0 0 0 0 64.3006 0 0 0 0 0 0 0 0 
0 0 0 0 0 0 0 16.1379 0 15.5553 0 0 0 0 0 0 0 
0 0 0 0 0 0 0 0 0 0 0 0 0 0 0 0 0 
0 0 0 0 0 0 0 0 1.94002 0 0 0 0 0 0 0 0 
