1 0 0 0 0 0 0 0 0 0 0 0 0 0 0 0 1 
0 0 0 0 0 0 0 0 0 0 0 0 0 0 0 0 0 
0 16 0 0 0 0 0 0 0 0 0 0 0 0 0 16 0 
0 0 32.2597 0 0 0 0 0 0 0 0 0 0 0 32.2724 0 0 
0 0 87.7403 96.5675 23.2819 0 0 0 8.16147 0 0 0 23.1415 95.1808 87.7276 0 0 
0 0 0 256.422 256.336 190.516 96.2915 63.3762 0 66.0926 96.1407 192.2 255.605 258.096 0 0 0 
0 0 0 207.011 741.366 690.161 696.436 603.368 760.348 630.5 710.77 686.562 738.797 206.723 0 0 0 
0 0 0 0 572.271 1668.85 1823.05 1914.57 1571.15 1937.31 1816.08 1671.54 577.346 0 0 0 0 
0 0 0 0 226.745 1250.57 2928.88 3674.59 4393.42 3686.51 2945.77 1251.13 225.111 0 0 0 0 
0 0 0 0 0 441.22 1574.77 3166.26 3263.46 3106.19 1559.56 442.693 0 0 0 0 0 
0 0 0 0 0 126.69 769.3 1394.71 2108.51 1383.34 763.302 123.88 0 0 0 0 0 
0 0 0 0 0 0 63.5745 511.511 581.417 518.718 61.0545 0 0 0 0 0 0 
0 0 0 0 0 0 55.7037 95.7641 117.418 95.709 55.3172 0 0 0 0 0 0 
0 0 0 0 0 0 0 0 64.1456 0 0 0 0 0 0 0 0 
0 0 0 0 0 0 0 15.8505 0 15.6389 0 0 0 0 0 0 0 
0 0 0 0 0 0 0 0 0 0 0 0 0 0 0 0 0 
0 0 0 0 0 0 0 0 1.97496 0 0 0 0 0 0 0 0 
