1 0 0 0 0 0 0 0 0 0 0 0 0 0 0 0 1 
0 0 0 0 0 0 0 0 0 0 0 0 0 0 0 0 0 
0 16 0 0 0 0 0 0 0 0 0 0 0 0 0 16 0 
0 0 31.6196 0 0 0 0 0 0 0 0 0 0 0 32.7171 0 0 
0 0 88.3804 94.9142 24.2934 0 0 0 7.89402 0 0 0 23.3995 95.8829 87.2829 0 0 
0 0 0 255.194 253.372 192.94 95.0284 62.5337 0 63.4362 95.1169 195.179 257.348 256.465 0 0 0 
0 0 0 209.892 738.724 680.76 699.839 622.721 757.085 624.951 707.698 686.045 739.838 207.652 0 0 0 
0 0 0 0 575.407 1670.92 1830.4 1901.03 1600.53 1928.84 1821.15 1648.27 571.666 0 0 0 0 
0 0 0 0 228.204 1251.99 2936.92 3682.28 4352 3655.66 2926.41 1255.89 227.747 0 0 0 0 
0 0 0 0 0 442.966 1563.71 3142.51 3264.05 3142.23 1560.65 451.164 0 0 0 0 0 
0 0 0 0 0 128.425 760.557 1392.47 2124.24 1391.84 775.901 131.451 0 0 0 0 0 
0 0 0 0 0 0 64.1953 522.316 578.625 520.376 65.1149 0 0 0 0 0 0 
0 0 0 0 0 0 57.3546 98.0479 118.943 96.4972 55.97 0 0 0 0 0 0 
0 0 0 0 0 0 0 0 64.5222 0 0 0 0 0 0 0 0 
0 0 0 0 0 0 0 16.0943 0 16.1573 0 0 0 0 0 0 0 
0 0 0 0 0 0 0 0 0 0 0 0 0 0 0 0 0 
0 0 0 0 0 0 0 0 2.11227 0 0 0 0 0 0 0 0 
