1 0 0 0 0 0 0 0 0 0 0 0 0 0 0 0 1 
0 0 0 0 0 0 0 0 0 0 0 0 0 0 0 0 0 
0 16 0 0 0 0 0 0 0 0 0 0 0 0 0 16 0 
0 0 32.0503 0 0 0 0 0 0 0 0 0 0 0 32.0298 0 0 
0 0 87.9497 95.4045 24.2099 0 0 0 8.04718 0 0 0 24.1612 95.7524 87.9702 0 0 
0 0 0 255.573 254.656 192.978 96.6965 63.8208 0 63.2547 94.5981 188.661 252.331 257.242 0 0 0 
0 0 0 209.023 736.556 700.24 708.666 630.761 771.197 635.398 708.321 687.898 733.595 207.006 0 0 0 
0 0 0 0 575.489 1658.12 1820.89 1922.62 1596.07 1909.99 1834.3 1664.29 581.198 0 0 0 0 
0 0 0 0 229.089 1240.22 2915.41 3667.47 4339.36 3678.12 2910.17 1247.33 228.715 0 0 0 0 
0 0 0 0 0 448.084 1584.7 3140.02 3283.93 3130.36 1567.05 451.437 0 0 0 0 0 
0 0 0 0 0 128.357 762.588 1395.5 2111.9 1399.68 771.696 128.379 0 0 0 0 0 
0 0 0 0 0 0 63.4742 509.257 575.005 511.266 65.8439 0 0 0 0 0 0 
0 0 0 0 0 0 55.5816 94.6512 118.904 95.9469 56.0133 0 0 0 0 0 0 
0 0 0 0 0 0 0 0 63.6009 0 0 0 0 0 0 0 0 
0 0 0 0 0 0 0 15.8979 0 15.9835 0 0 0 0 0 0 0 
0 0 0 0 0 0 0 0 0 0 0 0 0 0 0 0 0 
0 0 0 0 0 0 0 0 1.98681 0 0 0 0 0 0 0 0 
