1 0 0 0 0 0 0 0 0 0 0 0 0 0 0 0 1 
0 0 0 0 0 0 0 0 0 0 0 0 0 0 0 0 0 
0 16 0 0 0 0 0 0 0 0 0 0 0 0 0 16 0 
0 0 31.8792 0 0 0 0 0 0 0 0 0 0 0 32.008 0 0 
0 0 88.1208 96.0392 23.6994 0 0 0 7.81173 0 0 0 24.523 96.4382 87.992 0 0 
0 0 0 255.341 254.505 189.544 96.9863 64.136 0 62.9622 93.9731 192.335 254.85 257.115 0 0 0 
0 0 0 208.62 733.865 693.822 709.305 630.279 775.799 639.584 711.436 688.8 734.3 206.447 0 0 0 
0 0 0 0 579.226 1667.34 1827.9 1943.62 1597.19 1922.01 1833.48 1681.24 579.392 0 0 0 0 
0 0 0 0 228.705 1240.88 2927.63 3673.91 4371.12 3666.26 2921.01 1229.79 226.935 0 0 0 0 
0 0 0 0 0 448.547 1566.79 3119.53 3265.39 3146.7 1557.96 446.531 0 0 0 0 0 
0 0 0 0 0 127.865 758.955 1387.77 2094.41 1382.5 769.774 129.303 0 0 0 0 0 
0 0 0 0 0 0 64.4198 509.902 574.032 509.431 64.227 0 0 0 0 0 0 
0 0 0 0 0 0 56.0107 95.0752 119.438 94.6242 56.1439 0 0 0 0 0 0 
0 0 0 0 0 0 0 0 62.8177 0 0 0 0 0 0 0 0 
0 0 0 0 0 0 0 15.7847 0 15.9322 0 0 0 0 0 0 0 
0 0 0 0 0 0 0 0 0 0 0 0 0 0 0 0 0 
0 0 0 0 0 0 0 0 1.98903 0 0 0 0 0 0 0 0 
