1 0 0 0 0 0 0 0 0 0 0 0 0 0 0 0 1 
0 0 0 0 0 0 0 0 0 0 0 0 0 0 0 0 0 
0 16 0 0 0 0 0 0 0 0 0 0 0 0 0 16 0 
0 0 31.851 0 0 0 0 0 0 0 0 0 0 0 32.3717 0 0 
0 0 88.149 96.3235 23.6676 0 0 0 7.85723 0 0 0 24.2291 96.3791 87.6283 0 0 
0 0 0 254.784 256.595 192.423 96.6851 64.6045 0 64.4914 96.3038 191.098 256.128 256.053 0 0 0 
0 0 0 208.893 737.503 693.671 703.357 628.157 772.935 622.338 702.221 685.959 741.085 207.567 0 0 0 
0 0 0 0 574.921 1661.21 1847.51 1930.29 1609.68 1930.85 1828.22 1659.04 571.514 0 0 0 0 
0 0 0 0 227.313 1241.01 2919.56 3693.41 4358.64 3677.33 2929.11 1257.79 227.045 0 0 0 0 
0 0 0 0 0 450.541 1554.79 3113.96 3243.37 3126.1 1566.93 444.188 0 0 0 0 0 
0 0 0 0 0 129.145 765.774 1387.47 2112.82 1399.32 766.242 129.924 0 0 0 0 0 
0 0 0 0 0 0 63.8679 510.329 579.379 508.294 62.9738 0 0 0 0 0 0 
0 0 0 0 0 0 56.4553 95.951 119.748 95.6705 55.9947 0 0 0 0 0 0 
0 0 0 0 0 0 0 0 63.6199 0 0 0 0 0 0 0 0 
0 0 0 0 0 0 0 15.8344 0 15.6004 0 0 0 0 0 0 0 
0 0 0 0 0 0 0 0 0 0 0 0 0 0 0 0 0 
0 0 0 0 0 0 0 0 1.94662 0 0 0 0 0 0 0 0 
