1 0 0 0 0 0 0 0 0 0 0 0 0 0 0 0 1 
0 0 0 0 0 0 0 0 0 0 0 0 0 0 0 0 0 
0 16 0 0 0 0 0 0 0 0 0 0 0 0 0 16 0 
0 0 31.7031 0 0 0 0 0 0 0 0 0 0 0 31.4949 0 0 
0 0 88.2969 95.8292 23.6028 0 0 0 7.82248 0 0 0 23.9858 94.5 88.5051 0 0 
0 0 0 255.546 258.692 193.186 95.0367 63.1631 0 64.6591 97.9385 192.206 255.97 258.525 0 0 0 
0 0 0 208.625 729.16 688.151 711.291 627.01 768.109 620.756 694.285 691.591 734.988 206.975 0 0 0 
0 0 0 0 579.017 1647.92 1821.98 1924.38 1590.8 1903.39 1816.68 1660.71 577.974 0 0 0 0 
0 0 0 0 229.528 1253.88 2909.74 3671.95 4370.2 3688.53 2945.12 1249.89 227.082 0 0 0 0 
0 0 0 0 0 455.187 1572.49 3120.49 3259.47 3146.69 1566.05 448.32 0 0 0 0 0 
0 0 0 0 0 129.673 776.79 1400.2 2110.52 1388.98 768.245 125.283 0 0 0 0 0 
0 0 0 0 0 0 64.2982 519.928 574.62 513.833 63.3759 0 0 0 0 0 0 
0 0 0 0 0 0 56.3779 96.7275 121.859 97.0514 56.3058 0 0 0 0 0 0 
0 0 0 0 0 0 0 0 64.6164 0 0 0 0 0 0 0 0 
0 0 0 0 0 0 0 16.1522 0 16.1082 0 0 0 0 0 0 0 
0 0 0 0 0 0 0 0 0 0 0 0 0 0 0 0 0 
0 0 0 0 0 0 0 0 1.98891 0 0 0 0 0 0 0 0 
