1 0 0 0 0 0 0 0 0 0 0 0 0 0 0 0 1 
0 0 0 0 0 0 0 0 0 0 0 0 0 0 0 0 0 
0 16 0 0 0 0 0 0 0 0 0 0 0 0 0 16 0 
0 0 32.2863 0 0 0 0 0 0 0 0 0 0 0 32.3299 0 0 
0 0 87.7137 95.6134 24.5161 0 0 0 8.21127 0 0 0 23.4642 94.969 87.6701 0 0 
0 0 0 258.015 257.837 193.59 97.5175 65.0215 0 64.3382 96.6265 191.839 256.01 258.705 0 0 0 
0 0 0 206.371 740.124 695.594 707.877 631.103 780.334 639.816 708.834 686.981 740.426 206.326 0 0 0 
0 0 0 0 570.311 1658.67 1824.89 1937.12 1619.94 1913.9 1830.09 1668.73 576.46 0 0 0 0 
0 0 0 0 227.211 1245.64 2933.17 3660.34 4336.58 3674.09 2924.03 1249 223.64 0 0 0 0 
0 0 0 0 0 446.812 1560.25 3129.57 3259.96 3142.8 1566.01 444.476 0 0 0 0 0 
0 0 0 0 0 127.694 765.608 1394.47 2100.49 1382.64 764.166 126.972 0 0 0 0 0 
0 0 0 0 0 0 62.9649 511.45 578.463 510.589 62.696 0 0 0 0 0 0 
0 0 0 0 0 0 55.7208 94.8993 120.179 95.849 55.5422 0 0 0 0 0 0 
0 0 0 0 0 0 0 0 63.881 0 0 0 0 0 0 0 0 
0 0 0 0 0 0 0 16.0208 0 15.9774 0 0 0 0 0 0 0 
0 0 0 0 0 0 0 0 0 0 0 0 0 0 0 0 0 
0 0 0 0 0 0 0 0 1.96232 0 0 0 0 0 0 0 0 
