1 0 0 0 0 0 0 0 0 0 0 0 0 0 0 0 1 
0 0 0 0 0 0 0 0 0 0 0 0 0 0 0 0 0 
0 16 0 0 0 0 0 0 0 0 0 0 0 0 0 16 0 
0 0 32.1069 0 0 0 0 0 0 0 0 0 0 0 32.0391 0 0 
0 0 87.8931 96.3516 24.3763 0 0 0 8.02989 0 0 0 24.1253 96.0894 87.9609 0 0 
0 0 0 255.633 256.304 192.552 97.7584 64.7741 0 63.7328 95.527 190.344 255.21 254.63 0 0 0 
0 0 0 208.015 731.883 688.408 705.405 627.236 770.738 624.665 705.941 691.864 736.597 209.281 0 0 0 
0 0 0 0 577.423 1664.41 1827.53 1930.99 1586.53 1920.32 1836.47 1669.32 575.424 0 0 0 0 
0 0 0 0 230.013 1245.22 2940.37 3680.12 4363.4 3654.71 2920.02 1244.5 228.644 0 0 0 0 
0 0 0 0 0 448.783 1548.38 3134.5 3270.58 3150.84 1565.89 444.573 0 0 0 0 0 
0 0 0 0 0 128.634 768.519 1380.86 2108.04 1397.11 764.003 127.399 0 0 0 0 0 
0 0 0 0 0 0 64.0871 510.344 577.67 515.705 64.0732 0 0 0 0 0 0 
0 0 0 0 0 0 55.9438 95.0691 119.344 96.6972 56.0744 0 0 0 0 0 0 
0 0 0 0 0 0 0 0 63.6806 0 0 0 0 0 0 0 0 
0 0 0 0 0 0 0 16.1093 0 16.2118 0 0 0 0 0 0 0 
0 0 0 0 0 0 0 0 0 0 0 0 0 0 0 0 0 
0 0 0 0 0 0 0 0 1.99146 0 0 0 0 0 0 0 0 
