1 0 0 0 0 0 0 0 0 0 0 0 0 0 0 0 1 
0 0 0 0 0 0 0 0 0 0 0 0 0 0 0 0 0 
0 16 0 0 0 0 0 0 0 0 0 0 0 0 0 16 0 
0 0 31.5566 0 0 0 0 0 0 0 0 0 0 0 32.1981 0 0 
0 0 88.4434 95.3698 24.1139 0 0 0 7.89458 0 0 0 23.6815 95.6555 87.8019 0 0 
0 0 0 255.687 255.639 193.101 96.5535 64.1298 0 63.5267 95.2879 191.093 256.233 256.155 0 0 0 
0 0 0 208.943 732.349 685.931 704.407 622.182 765.234 622.93 706.164 688.393 737.543 208.189 0 0 0 
0 0 0 0 580.097 1666.79 1828.93 1927.16 1608.25 1910.61 1820.84 1666 574.741 0 0 0 0 
0 0 0 0 227.801 1247.34 2935.86 3671.19 4348.2 3692.7 2935.51 1245.55 227.801 0 0 0 0 
0 0 0 0 0 448.7 1559.7 3141 3257.29 3142.67 1561.94 448.945 0 0 0 0 0 
0 0 0 0 0 126.136 762.727 1391.43 2118.01 1385.05 766.616 128.02 0 0 0 0 0 
0 0 0 0 0 0 63.8268 511.262 579.164 510.535 65.5724 0 0 0 0 0 0 
0 0 0 0 0 0 55.9944 95.699 120.609 96.1861 56.0639 0 0 0 0 0 0 
0 0 0 0 0 0 0 0 63.3648 0 0 0 0 0 0 0 0 
0 0 0 0 0 0 0 15.9437 0 15.8029 0 0 0 0 0 0 0 
0 0 0 0 0 0 0 0 0 0 0 0 0 0 0 0 0 
0 0 0 0 0 0 0 0 1.98095 0 0 0 0 0 0 0 0 
