1 0 0 0 0 0 0 0 0 0 0 0 0 0 0 0 1 
0 0 0 0 0 0 0 0 0 0 0 0 0 0 0 0 0 
0 16 0 0 0 0 0 0 0 0 0 0 0 0 0 16 0 
0 0 31.3579 0 0 0 0 0 0 0 0 0 0 0 31.8914 0 0 
0 0 88.6421 94.9693 23.8682 0 0 0 7.82693 0 0 0 24.6896 95.3351 88.1086 0 0 
0 0 0 256.418 255.681 192.366 96.2958 64.1687 0 63.6818 95.5125 190.79 257.169 255.785 0 0 0 
0 0 0 208.613 737.144 689.656 699.169 618.998 767.339 628.188 703.21 696.125 736.665 208.88 0 0 0 
0 0 0 0 573.327 1660.6 1837.52 1936.23 1585.71 1922.71 1836.42 1671.45 571.741 0 0 0 0 
0 0 0 0 229.979 1245.38 2897.93 3667.04 4359.56 3664.12 2925.46 1234.14 229.735 0 0 0 0 
0 0 0 0 0 450.188 1578.85 3119.69 3255.71 3152.55 1564.86 448.554 0 0 0 0 0 
0 0 0 0 0 129.814 774.831 1405.77 2125.17 1377.4 763.596 126.944 0 0 0 0 0 
0 0 0 0 0 0 66.8336 515.215 577.814 518.621 63.7845 0 0 0 0 0 0 
0 0 0 0 0 0 56.5697 96.5288 123.96 96.5948 55.1546 0 0 0 0 0 0 
0 0 0 0 0 0 0 0 64.8665 0 0 0 0 0 0 0 0 
0 0 0 0 0 0 0 16.3661 0 16.1291 0 0 0 0 0 0 0 
0 0 0 0 0 0 0 0 0 0 0 0 0 0 0 0 0 
0 0 0 0 0 0 0 0 2.05362 0 0 0 0 0 0 0 0 
