1 0 0 0 0 0 0 0 0 0 0 0 0 0 0 0 1 
0 0 0 0 0 0 0 0 0 0 0 0 0 0 0 0 0 
0 16 0 0 0 0 0 0 0 0 0 0 0 0 0 16 0 
0 0 31.6718 0 0 0 0 0 0 0 0 0 0 0 31.9962 0 0 
0 0 88.3282 96.192 23.6263 0 0 0 8.00115 0 0 0 24.6199 95.4074 88.0038 0 0 
0 0 0 257.69 257.123 191.302 96.728 64.7493 0 64.5807 96.325 191.763 256.01 254.534 0 0 0 
0 0 0 206.118 737.577 686.942 709.481 631.537 769.54 617.37 694.68 684.387 736.348 210.059 0 0 0 
0 0 0 0 576.612 1674.55 1831.51 1926.31 1590.67 1926.43 1829.9 1671.56 573.722 0 0 0 0 
0 0 0 0 225.062 1243.64 2935.87 3673.66 4374.87 3680.69 2922.21 1235.09 229.3 0 0 0 0 
0 0 0 0 0 446.164 1551.23 3150.75 3271.23 3130.63 1568.35 455.594 0 0 0 0 0 
0 0 0 0 0 125.394 764.397 1374.57 2098.13 1394.11 774.853 129.601 0 0 0 0 0 
0 0 0 0 0 0 62.8999 507.88 571.281 512.623 64.992 0 0 0 0 0 0 
0 0 0 0 0 0 55.8735 94.5091 119.988 97.3236 56.6784 0 0 0 0 0 0 
0 0 0 0 0 0 0 0 64.283 0 0 0 0 0 0 0 0 
0 0 0 0 0 0 0 16.0408 0 16.2461 0 0 0 0 0 0 0 
0 0 0 0 0 0 0 0 0 0 0 0 0 0 0 0 0 
0 0 0 0 0 0 0 0 2.00399 0 0 0 0 0 0 0 0 
