1 0 0 0 0 0 0 0 0 0 0 0 0 0 0 0 1 
0 0 0 0 0 0 0 0 0 0 0 0 0 0 0 0 0 
0 16 0 0 0 0 0 0 0 0 0 0 0 0 0 16 0 
0 0 32.5929 0 0 0 0 0 0 0 0 0 0 0 31.9278 0 0 
0 0 87.4071 96.0827 23.8387 0 0 0 7.90586 0 0 0 23.9889 95.8292 88.0722 0 0 
0 0 0 256.007 255.268 191.728 94.1766 62.844 0 63.9511 96.1988 190.955 253.392 256.581 0 0 0 
0 0 0 207.91 735.741 690.335 706.975 617.195 771.843 622.25 701.038 685.394 739.832 207.589 0 0 0 
0 0 0 0 575.905 1662.43 1818.15 1921.54 1611.95 1919.65 1821.74 1659.32 575.936 0 0 0 0 
0 0 0 0 229.247 1244.59 2928.81 3666.58 4349.83 3684.5 2937.06 1252.46 226.851 0 0 0 0 
0 0 0 0 0 450.212 1577.32 3147.6 3230.1 3132.54 1563.48 449.513 0 0 0 0 0 
0 0 0 0 0 128.699 762.826 1401.63 2140.15 1394.35 769.27 130.351 0 0 0 0 0 
0 0 0 0 0 0 64.2797 511.915 571.68 511.474 63.473 0 0 0 0 0 0 
0 0 0 0 0 0 55.4583 94.5374 120.314 95.2622 55.7385 0 0 0 0 0 0 
0 0 0 0 0 0 0 0 64.174 0 0 0 0 0 0 0 0 
0 0 0 0 0 0 0 16.1532 0 16.025 0 0 0 0 0 0 0 
0 0 0 0 0 0 0 0 0 0 0 0 0 0 0 0 0 
0 0 0 0 0 0 0 0 2.04267 0 0 0 0 0 0 0 0 
