1 0 0 0 0 0 0 0 0 0 0 0 0 0 0 0 1 
0 0 0 0 0 0 0 0 0 0 0 0 0 0 0 0 0 
0 16 0 0 0 0 0 0 0 0 0 0 0 0 0 16 0 
0 0 31.7205 0 0 0 0 0 0 0 0 0 0 0 32.1198 0 0 
0 0 88.2795 97.5721 23.8092 0 0 0 8.00584 0 0 0 24.1321 95.5424 87.8802 0 0 
0 0 0 254.768 256.697 191.71 95.7416 63.6928 0 63.1869 94.2017 190.867 254.609 254.762 0 0 0 
0 0 0 207.66 734.976 689.658 710.241 624.645 764.267 620.156 704.353 690.301 737.308 209.696 0 0 0 
0 0 0 0 576.854 1669.34 1828.56 1913.04 1599.62 1913.54 1824.33 1660.32 575.488 0 0 0 0 
0 0 0 0 227.664 1246.13 2919.13 3695.81 4367.63 3698.87 2941.15 1247.38 228.463 0 0 0 0 
0 0 0 0 0 444.089 1570.46 3142.77 3277.85 3146.05 1552 449.681 0 0 0 0 0 
0 0 0 0 0 127.078 764.808 1382.14 2096.15 1378.13 771.223 129.447 0 0 0 0 0 
0 0 0 0 0 0 63.7533 507.182 570.57 506.961 65.0071 0 0 0 0 0 0 
0 0 0 0 0 0 55.3071 94.9745 119.47 97.2747 55.7318 0 0 0 0 0 0 
0 0 0 0 0 0 0 0 64.4327 0 0 0 0 0 0 0 0 
0 0 0 0 0 0 0 15.75 0 15.8293 0 0 0 0 0 0 0 
0 0 0 0 0 0 0 0 0 0 0 0 0 0 0 0 0 
0 0 0 0 0 0 0 0 2.01132 0 0 0 0 0 0 0 0 
