1 0 0 0 0 0 0 0 0 0 0 0 0 0 0 0 1 
0 0 0 0 0 0 0 0 0 0 0 0 0 0 0 0 0 
0 16 0 0 0 0 0 0 0 0 0 0 0 0 0 16 0 
0 0 32.0098 0 0 0 0 0 0 0 0 0 0 0 31.7372 0 0 
0 0 87.9902 96.5355 23.807 0 0 0 8.04246 0 0 0 23.9152 95.5831 88.2628 0 0 
0 0 0 256.32 256.509 190.333 96.2209 63.8849 0 64.897 96.4239 192.257 255.108 257.105 0 0 0 
0 0 0 207.144 731.73 687.981 704.975 625.813 771.863 626.95 710.95 689.024 738.168 207.312 0 0 0 
0 0 0 0 579.598 1662.87 1821.33 1917.4 1599.62 1921.56 1818.75 1666.61 576.502 0 0 0 0 
0 0 0 0 228.356 1248.55 2917.18 3674.46 4351.67 3676.82 2924.63 1241.62 226.306 0 0 0 0 
0 0 0 0 0 450.075 1580.18 3142.69 3267.76 3137.71 1571.07 451.053 0 0 0 0 0 
0 0 0 0 0 128.19 768.496 1392.03 2107.09 1389.8 764.614 127.437 0 0 0 0 0 
0 0 0 0 0 0 63.6865 512.311 578.646 509.575 64.9031 0 0 0 0 0 0 
0 0 0 0 0 0 55.9362 95.4268 119.288 96.5473 56.6605 0 0 0 0 0 0 
0 0 0 0 0 0 0 0 63.9987 0 0 0 0 0 0 0 0 
0 0 0 0 0 0 0 15.9762 0 16.1307 0 0 0 0 0 0 0 
0 0 0 0 0 0 0 0 0 0 0 0 0 0 0 0 0 
0 0 0 0 0 0 0 0 2.01797 0 0 0 0 0 0 0 0 
