1 0 0 0 0 0 0 0 0 0 0 0 0 0 0 0 1 
0 0 0 0 0 0 0 0 0 0 0 0 0 0 0 0 0 
0 16 0 0 0 0 0 0 0 0 0 0 0 0 0 16 0 
0 0 31.2753 0 0 0 0 0 0 0 0 0 0 0 31.4482 0 0 
0 0 88.7247 95.4076 24.221 0 0 0 8.2158 0 0 0 24.306 96.3541 88.5518 0 0 
0 0 0 255.655 256.102 193.294 97.5182 64.8168 0 65.0677 97.4786 194.532 256.279 254.709 0 0 0 
0 0 0 208.937 734.581 687.307 706.243 624.868 775.883 629.425 710.397 694.949 738.023 208.937 0 0 0 
0 0 0 0 577.707 1666.34 1820.76 1926.64 1601.14 1915.13 1819.97 1663.59 572.777 0 0 0 0 
0 0 0 0 227.389 1253.68 2939.47 3686.48 4348.91 3675.03 2934.82 1243.12 228.615 0 0 0 0 
0 0 0 0 0 441.207 1564.69 3128.82 3264.4 3134.9 1562.94 444.21 0 0 0 0 0 
0 0 0 0 0 126.169 761.571 1388.21 2104.44 1391.7 762.912 127.599 0 0 0 0 0 
0 0 0 0 0 0 62.608 508.642 579.869 516.331 63.4063 0 0 0 0 0 0 
0 0 0 0 0 0 55.1343 95.6557 121.171 96.4989 56.079 0 0 0 0 0 0 
0 0 0 0 0 0 0 0 63.9835 0 0 0 0 0 0 0 0 
0 0 0 0 0 0 0 15.8644 0 15.9268 0 0 0 0 0 0 0 
0 0 0 0 0 0 0 0 0 0 0 0 0 0 0 0 0 
0 0 0 0 0 0 0 0 1.98821 0 0 0 0 0 0 0 0 
