1 0 0 0 0 0 0 0 0 0 0 0 0 0 0 0 1 
0 0 0 0 0 0 0 0 0 0 0 0 0 0 0 0 0 
0 16 0 0 0 0 0 0 0 0 0 0 0 0 0 16 0 
0 0 32.0112 0 0 0 0 0 0 0 0 0 0 0 31.8867 0 0 
0 0 87.9888 96.7757 24.1193 0 0 0 8.02075 0 0 0 23.3597 96.1662 88.1133 0 0 
0 0 0 256.112 259.275 194 97.8613 65.6448 0 64.0058 95.8496 190.906 256.493 255.886 0 0 0 
0 0 0 207.112 736.579 693.101 709.788 627.744 776.22 627.992 702.469 693.231 735.669 207.948 0 0 0 
0 0 0 0 572.294 1660.79 1818.05 1918.86 1595.4 1929.55 1833.95 1660.97 576.632 0 0 0 0 
0 0 0 0 227.733 1242.45 2943.79 3681.42 4346.22 3663.26 2926.93 1251.23 227.847 0 0 0 0 
0 0 0 0 0 448.019 1547.41 3142.79 3265.12 3141.63 1556.14 444.352 0 0 0 0 0 
0 0 0 0 0 129.647 769.175 1381.85 2115.85 1385.12 772.018 127.313 0 0 0 0 0 
0 0 0 0 0 0 64.5828 509.458 576.125 515.328 64.075 0 0 0 0 0 0 
0 0 0 0 0 0 57.3474 95.7929 120.383 96.8317 56.5633 0 0 0 0 0 0 
0 0 0 0 0 0 0 0 64.6483 0 0 0 0 0 0 0 0 
0 0 0 0 0 0 0 16.4398 0 16.2902 0 0 0 0 0 0 0 
0 0 0 0 0 0 0 0 0 0 0 0 0 0 0 0 0 
0 0 0 0 0 0 0 0 2.02064 0 0 0 0 0 0 0 0 
