1 0 0 0 0 0 0 0 0 0 0 0 0 0 0 0 1 
0 0 0 0 0 0 0 0 0 0 0 0 0 0 0 0 0 
0 16 0 0 0 0 0 0 0 0 0 0 0 0 0 16 0 
0 0 32.1381 0 0 0 0 0 0 0 0 0 0 0 32.4999 0 0 
0 0 87.8619 94.4839 23.8262 0 0 0 7.99729 0 0 0 24.1224 96.5617 87.5001 0 0 
0 0 0 257.014 255.91 189.025 95.4449 64.431 0 63.1117 96.9138 193.619 258.514 255.246 0 0 0 
0 0 0 208.502 725.899 683.858 708.43 632.203 769.65 621.283 708.677 688.916 739.242 208.192 0 0 0 
0 0 0 0 585.595 1667.09 1830.64 1920.35 1617.85 1929.67 1835.84 1670.14 570.78 0 0 0 0 
0 0 0 0 228.77 1253.96 2934.66 3711.3 4357.37 3682.82 2914.44 1249.22 227.342 0 0 0 0 
0 0 0 0 0 445.736 1556.35 3110.81 3267.76 3140.92 1574.57 438.738 0 0 0 0 0 
0 0 0 0 0 128.336 763.207 1387.13 2097.34 1384.09 757.232 127.369 0 0 0 0 0 
0 0 0 0 0 0 63.0362 503.183 566.216 504.884 63.4278 0 0 0 0 0 0 
0 0 0 0 0 0 56.2335 94.6492 118.483 96.9783 56.8954 0 0 0 0 0 0 
0 0 0 0 0 0 0 0 65.3625 0 0 0 0 0 0 0 0 
0 0 0 0 0 0 0 15.9359 0 16.2419 0 0 0 0 0 0 0 
0 0 0 0 0 0 0 0 0 0 0 0 0 0 0 0 0 
0 0 0 0 0 0 0 0 1.97155 0 0 0 0 0 0 0 0 
