1 0 0 0 0 0 0 0 0 0 0 0 0 0 0 0 1 
0 0 0 0 0 0 0 0 0 0 0 0 0 0 0 0 0 
0 16 0 0 0 0 0 0 0 0 0 0 0 0 0 16 0 
0 0 31.5591 0 0 0 0 0 0 0 0 0 0 0 31.82 0 0 
0 0 88.4409 96.9391 24.4575 0 0 0 7.85586 0 0 0 24.0345 96.5915 88.18 0 0 
0 0 0 254.584 257.025 191.864 94.3029 63.8419 0 63.9645 97.0574 192.449 258.814 256.653 0 0 0 
0 0 0 208.477 725.223 685.135 706.423 613.688 768.543 626.784 708.905 687.945 737.877 206.756 0 0 0 
0 0 0 0 584.113 1656.52 1821.03 1928.66 1598.36 1932.6 1837.13 1674.47 572.279 0 0 0 0 
0 0 0 0 229.182 1254.97 2941.7 3692.04 4384.76 3682.97 2911.86 1236.81 226.995 0 0 0 0 
0 0 0 0 0 450.813 1561.8 3129.48 3254.65 3129.99 1564.73 447.559 0 0 0 0 0 
0 0 0 0 0 128.694 763.104 1387.85 2090.78 1373.27 766.474 128.773 0 0 0 0 0 
0 0 0 0 0 0 64.0134 511.645 578.121 516.712 64.9211 0 0 0 0 0 0 
0 0 0 0 0 0 55.6175 97.0343 120.69 97.4837 56.9188 0 0 0 0 0 0 
0 0 0 0 0 0 0 0 64.184 0 0 0 0 0 0 0 0 
0 0 0 0 0 0 0 15.7599 0 16.2187 0 0 0 0 0 0 0 
0 0 0 0 0 0 0 0 0 0 0 0 0 0 0 0 0 
0 0 0 0 0 0 0 0 2.05136 0 0 0 0 0 0 0 0 
