1 0 0 0 0 0 0 0 0 0 0 0 0 0 0 0 1 
0 0 0 0 0 0 0 0 0 0 0 0 0 0 0 0 0 
0 16 0 0 0 0 0 0 0 0 0 0 0 0 0 16 0 
0 0 32.061 0 0 0 0 0 0 0 0 0 0 0 32.5151 0 0 
0 0 87.939 96.4623 23.6464 0 0 0 7.94605 0 0 0 23.6257 96.6347 87.4849 0 0 
0 0 0 252.941 255.44 191.86 95.7873 63.4868 0 62.7374 95.1014 191.792 252.582 255.821 0 0 0 
0 0 0 210.597 733.836 685.862 705.901 616.659 767.606 628.992 704.965 685.672 738.561 207.544 0 0 0 
0 0 0 0 578.911 1665.63 1811.46 1918.05 1589.42 1907.19 1802.72 1655.11 577.893 0 0 0 0 
0 0 0 0 228.166 1243.93 2943.52 3662.72 4330.38 3691.61 2949.19 1255.69 227.338 0 0 0 0 
0 0 0 0 0 455.504 1565.8 3153.04 3266.95 3125.01 1562.2 450.808 0 0 0 0 0 
0 0 0 0 0 125.216 765.839 1397.12 2135.66 1390.04 771.952 128.922 0 0 0 0 0 
0 0 0 0 0 0 64.6983 516.671 581.989 520.244 65.418 0 0 0 0 0 0 
0 0 0 0 0 0 54.9926 96.2579 122.398 98.1516 56.4619 0 0 0 0 0 0 
0 0 0 0 0 0 0 0 65.631 0 0 0 0 0 0 0 0 
0 0 0 0 0 0 0 15.9865 0 16.0338 0 0 0 0 0 0 0 
0 0 0 0 0 0 0 0 0 0 0 0 0 0 0 0 0 
0 0 0 0 0 0 0 0 2.02833 0 0 0 0 0 0 0 0 
