1 0 0 0 0 0 0 0 0 0 0 0 0 0 0 0 1 
0 0 0 0 0 0 0 0 0 0 0 0 0 0 0 0 0 
0 16 0 0 0 0 0 0 0 0 0 0 0 0 0 16 0 
0 0 31.8046 0 0 0 0 0 0 0 0 0 0 0 32.2589 0 0 
0 0 88.1954 95.8327 24.3052 0 0 0 7.67047 0 0 0 23.2976 95.3713 87.7411 0 0 
0 0 0 256.45 257.51 190.341 95.1327 63.7063 0 63.5795 96.3354 192.651 258.42 256.719 0 0 0 
0 0 0 207.717 732.481 694.066 703.156 618.734 761.642 614.86 703.094 698.544 733.043 207.91 0 0 0 
0 0 0 0 574.387 1651.77 1805.52 1906.04 1592.45 1898.62 1809.66 1639.85 575.416 0 0 0 0 
0 0 0 0 231.317 1248.25 2933.33 3690.73 4350.7 3707.35 2934.64 1256.19 229.823 0 0 0 0 
0 0 0 0 0 454.784 1577.2 3133.81 3281.78 3140.58 1567.16 451.62 0 0 0 0 0 
0 0 0 0 0 128.793 773.091 1402.3 2119.42 1390.93 776.665 129.145 0 0 0 0 0 
0 0 0 0 0 0 64.2925 512.721 571.952 512.162 63.6592 0 0 0 0 0 0 
0 0 0 0 0 0 56.2818 95.8419 118.878 96.0064 56.7867 0 0 0 0 0 0 
0 0 0 0 0 0 0 0 63.5292 0 0 0 0 0 0 0 0 
0 0 0 0 0 0 0 16.1264 0 15.924 0 0 0 0 0 0 0 
0 0 0 0 0 0 0 0 0 0 0 0 0 0 0 0 0 
0 0 0 0 0 0 0 0 1.98288 0 0 0 0 0 0 0 0 
