1 0 0 0 0 0 0 0 0 0 0 0 0 0 0 0 1 
0 0 0 0 0 0 0 0 0 0 0 0 0 0 0 0 0 
0 16 0 0 0 0 0 0 0 0 0 0 0 0 0 16 0 
0 0 31.831 0 0 0 0 0 0 0 0 0 0 0 32.1672 0 0 
0 0 88.169 96.1576 23.4521 0 0 0 8.02515 0 0 0 24.2655 94.7065 87.8328 0 0 
0 0 0 255.929 255.149 191.282 96.6828 64.0843 0 64.6797 95.6951 195.577 251.955 258.328 0 0 0 
0 0 0 207.913 735.285 685.751 706.794 618.533 764.138 622.595 711.067 687.86 746.152 206.965 0 0 0 
0 0 0 0 575.936 1672.47 1813.14 1921.74 1601.86 1906.58 1803.57 1660.02 569.438 0 0 0 0 
0 0 0 0 230.178 1245.47 2941 3719.55 4384.58 3693.64 2934.86 1243.69 228.189 0 0 0 0 
0 0 0 0 0 445.281 1560.83 3111.78 3260.93 3145.58 1571.37 451.227 0 0 0 0 0 
0 0 0 0 0 127.745 770.079 1384.39 2097.4 1379.43 770.714 129.628 0 0 0 0 0 
0 0 0 0 0 0 63.4758 508.279 567.816 515.08 64.328 0 0 0 0 0 0 
0 0 0 0 0 0 55.9907 95.7553 118.73 96.4857 56.3955 0 0 0 0 0 0 
0 0 0 0 0 0 0 0 64.4945 0 0 0 0 0 0 0 0 
0 0 0 0 0 0 0 15.8904 0 15.9161 0 0 0 0 0 0 0 
0 0 0 0 0 0 0 0 0 0 0 0 0 0 0 0 0 
0 0 0 0 0 0 0 0 2.02747 0 0 0 0 0 0 0 0 
