1 0 0 0 0 0 0 0 0 0 0 0 0 0 0 0 0 
0 0 0 0 0 0 0 0 0 0 0 0 0 0 0 0 0 
0 16 0 0 0 0 0 0 0 0 0 0 0 0 0 0 0 
0 0 32 0 0 0 0 0 0 0 0 0 0 0 0 0 0 
0 0 88 96.0084 24.0021 0 0 0 8.00032 0 0 0 0 0 0 0 0 
0 0 0 255.983 256.016 191.97 95.9639 64.0026 0 0 0 0 0 0 0 0 0 
0 0 0 208.008 735.963 688.101 704.043 623.918 768.105 0 0 0 0 0 0 0 0 
0 0 0 0 576.019 1663.88 1824 1920.24 1599.71 0 0 0 0 0 0 0 0 
0 0 0 0 228 1248.02 2927.96 3679.67 4356.26 0 0 0 0 0 0 0 0 
0 0 0 0 0 448.078 1568.03 3136.08 3263.87 0 0 0 0 0 0 0 0 
0 0 0 0 0 127.955 768.018 1392.25 2112.05 0 0 0 0 0 0 0 0 
0 0 0 0 0 0 64.0094 511.859 576.06 0 0 0 0 0 0 0 0 
0 0 0 0 0 0 55.9708 95.9926 119.971 0 0 0 0 0 0 0 0 
0 0 0 0 0 0 0 0 63.9797 0 0 0 0 0 0 0 0 
0 0 0 0 0 0 0 15.9917 0 0 0 0 0 0 0 0 0 
0 0 0 0 0 0 0 0 0 0 0 0 0 0 0 0 0 
0 0 0 0 0 0 0 0 1.99896 0 0 0 0 0 0 0 0 
