1 0 0 0 0 0 0 0 0 0 0 0 0 0 0 0 0 
0 0 0 0 0 0 0 0 0 0 0 0 0 0 0 0 0 
0 16 0 0 0 0 0 0 0 0 0 0 0 0 0 0 0 
0 0 32 0 0 0 0 0 0 0 0 0 0 0 0 0 0 
0 0 88 95.9997 23.9999 0 0 0 7.9958 0 0 0 0 0 0 0 0 
0 0 0 256.001 256.013 191.991 95.9968 63.9664 0 0 0 0 0 0 0 0 0 
0 0 0 208 735.983 687.949 703.864 623.998 768.042 0 0 0 0 0 0 0 0 
0 0 0 0 575.996 1664.12 1823.97 1919.91 1599.95 0 0 0 0 0 0 0 0 
0 0 0 0 228.009 1247.94 2928.4 3680.3 4356.02 0 0 0 0 0 0 0 0 
0 0 0 0 0 447.991 1567.82 3135.98 3264.09 0 0 0 0 0 0 0 0 
0 0 0 0 0 128.002 767.953 1391.74 2111.81 0 0 0 0 0 0 0 0 
0 0 0 0 0 0 64.0045 512.1 576.065 0 0 0 0 0 0 0 0 
0 0 0 0 0 0 55.9869 96.0182 120.015 0 0 0 0 0 0 0 0 
0 0 0 0 0 0 0 0 64.0116 0 0 0 0 0 0 0 0 
0 0 0 0 0 0 0 15.9963 0 0 0 0 0 0 0 0 0 
0 0 0 0 0 0 0 0 0 0 0 0 0 0 0 0 0 
0 0 0 0 0 0 0 0 1.99953 0 0 0 0 0 0 0 0 
