1 0 0 0 0 0 0 0 0 0 0 0 0 0 0 0 0 
0 0 0 0 0 0 0 0 0 0 0 0 0 0 0 0 0 
0 16 0 0 0 0 0 0 0 0 0 0 0 0 0 0 0 
0 0 32 0 0 0 0 0 0 0 0 0 0 0 0 0 0 
0 0 88 96.0023 24.0006 0 0 0 7.99969 0 0 0 0 0 0 0 0 
0 0 0 255.995 256.05 192.026 96.0187 63.9976 0 0 0 0 0 0 0 0 0 
0 0 0 208.002 735.886 687.987 704.071 624.037 767.969 0 0 0 0 0 0 0 0 
0 0 0 0 576.076 1664.02 1823.9 1919.95 1600.19 0 0 0 0 0 0 0 0 
0 0 0 0 227.987 1247.94 2927.98 3680.11 4355.87 0 0 0 0 0 0 0 0 
0 0 0 0 0 447.987 1568.02 3135.82 3263.81 0 0 0 0 0 0 0 0 
0 0 0 0 0 128.041 767.968 1392.05 2112.22 0 0 0 0 0 0 0 0 
0 0 0 0 0 0 64.0126 512.036 575.921 0 0 0 0 0 0 0 0 
0 0 0 0 0 0 56.0241 95.9887 120.007 0 0 0 0 0 0 0 0 
0 0 0 0 0 0 0 0 64.0138 0 0 0 0 0 0 0 0 
0 0 0 0 0 0 0 16.0069 0 0 0 0 0 0 0 0 0 
0 0 0 0 0 0 0 0 0 0 0 0 0 0 0 0 0 
0 0 0 0 0 0 0 0 2.00086 0 0 0 0 0 0 0 0 
