1 0 0 0 0 0 0 0 0 0 0 0 0 0 0 0 1 
0 0 0 0 0 0 0 0 0 0 0 0 0 0 0 0 0 
0 16 0 0 0 0 0 0 0 0 0 0 0 0 0 16 0 
0 0 31.9491 0 0 0 0 0 0 0 0 0 0 0 32.011 0 0 
0 0 88.0509 95.8244 23.9233 0 0 0 8.02918 0 0 0 23.976 95.8844 87.989 0 0 
0 0 0 256.242 255.546 191.654 95.9966 64.0676 0 64.1885 96.0778 191.987 256.035 256.013 0 0 0 
0 0 0 207.933 736.484 687.671 703.904 624.437 767.324 624.146 704.592 687.571 735.968 208.102 0 0 0 
0 0 0 0 576.163 1664.74 1825.56 1921.28 1601.13 1919.76 1824.26 1666.2 575.963 0 0 0 0 
0 0 0 0 227.884 1247.94 2927.17 3679.81 4358 3680.16 2929.38 1246.77 228.057 0 0 0 0 
0 0 0 0 0 448.092 1567.81 3134.22 3264.09 3137.46 1566.63 447.623 0 0 0 0 0 
0 0 0 0 0 127.908 767.805 1392.79 2109.93 1391.02 767.203 127.849 0 0 0 0 0 
0 0 0 0 0 0 63.7426 511.641 575.79 511.369 63.9395 0 0 0 0 0 0 
0 0 0 0 0 0 56.0132 95.7902 119.766 95.908 55.9106 0 0 0 0 0 0 
0 0 0 0 0 0 0 0 63.9348 0 0 0 0 0 0 0 0 
0 0 0 0 0 0 0 15.9666 0 15.9924 0 0 0 0 0 0 0 
0 0 0 0 0 0 0 0 0 0 0 0 0 0 0 0 0 
0 0 0 0 0 0 0 0 1.99765 0 0 0 0 0 0 0 0 
