1 0 0 0 0 0 0 0 0 0 0 0 0 0 0 0 1 
0 0 0 0 0 0 0 0 0 0 0 0 0 0 0 0 0 
0 16 0 0 0 0 0 0 0 0 0 0 0 0 0 16 0 
0 0 32.0032 0 0 0 0 0 0 0 0 0 0 0 32.0083 0 0 
0 0 87.9968 95.8911 23.957 0 0 0 7.98476 0 0 0 24.0787 96.0539 87.9917 0 0 
0 0 0 256.297 255.806 192.29 96.1127 64.0917 0 63.9886 96.0342 192.302 256.463 256.074 0 0 0 
0 0 0 207.812 736.073 688.327 704.485 624.645 769.244 624.57 704.169 688.585 736.071 207.872 0 0 0 
0 0 0 0 576.233 1663.06 1824.54 1920.72 1599.7 1921.37 1825.4 1665.8 575.835 0 0 0 0 
0 0 0 0 227.932 1248.17 2927.06 3679.03 4354.89 3680.15 2928.52 1246.66 227.552 0 0 0 0 
0 0 0 0 0 448.304 1567.29 3134.12 3265.16 3136.14 1567.82 446.863 0 0 0 0 0 
0 0 0 0 0 127.85 768.595 1393.65 2111.16 1390.87 766.426 127.793 0 0 0 0 0 
0 0 0 0 0 0 63.9561 511.835 576.168 511.211 63.8061 0 0 0 0 0 0 
0 0 0 0 0 0 55.9546 95.9512 119.793 95.7587 55.8208 0 0 0 0 0 0 
0 0 0 0 0 0 0 0 63.9139 0 0 0 0 0 0 0 0 
0 0 0 0 0 0 0 15.955 0 15.9395 0 0 0 0 0 0 0 
0 0 0 0 0 0 0 0 0 0 0 0 0 0 0 0 0 
0 0 0 0 0 0 0 0 1.98942 0 0 0 0 0 0 0 0 
