1 0 0 0 0 0 0 0 0 0 0 0 0 0 0 0 1 
0 0 0 0 0 0 0 0 0 0 0 0 0 0 0 0 0 
0 16 0 0 0 0 0 0 0 0 0 0 0 0 0 16 0 
0 0 32.0171 0 0 0 0 0 0 0 0 0 0 0 31.9057 0 0 
0 0 87.9829 95.9443 23.8308 0 0 0 7.95784 0 0 0 24.0555 96.0275 88.0943 0 0 
0 0 0 256.204 255.946 191.667 95.8908 63.7886 0 63.586 95.6678 191.718 255.979 255.891 0 0 0 
0 0 0 207.852 736.363 687.724 703.95 623.805 767.776 622.81 703.547 687.881 736.292 208.081 0 0 0 
0 0 0 0 575.626 1663.6 1824.08 1919.51 1601.04 1920.17 1821.75 1664.23 575.616 0 0 0 0 
0 0 0 0 228.234 1248.74 2926.09 3681.52 4358.21 3682.4 2929.99 1247.7 228.057 0 0 0 0 
0 0 0 0 0 448.463 1568.45 3132.51 3260.52 3136.4 1568.3 448.357 0 0 0 0 0 
0 0 0 0 0 127.806 769.644 1394.29 2113.12 1389.63 768.598 128.115 0 0 0 0 0 
0 0 0 0 0 0 63.824 512.635 575.134 512.838 64.0499 0 0 0 0 0 0 
0 0 0 0 0 0 56.0669 95.9362 120.044 96.1477 56.0952 0 0 0 0 0 0 
0 0 0 0 0 0 0 0 64.1974 0 0 0 0 0 0 0 0 
0 0 0 0 0 0 0 16.0085 0 16.0148 0 0 0 0 0 0 0 
0 0 0 0 0 0 0 0 0 0 0 0 0 0 0 0 0 
0 0 0 0 0 0 0 0 1.99722 0 0 0 0 0 0 0 0 
