1 0 0 0 0 0 0 0 0 0 0 0 0 0 0 0 1 
0 0 0 0 0 0 0 0 0 0 0 0 0 0 0 0 0 
0 16 0 0 0 0 0 0 0 0 0 0 0 0 0 16 0 
0 0 32.0392 0 0 0 0 0 0 0 0 0 0 0 32.0452 0 0 
0 0 87.9608 96.0827 24.0538 0 0 0 7.9994 0 0 0 24.0355 96.2814 87.9548 0 0 
0 0 0 256.205 256.506 192.223 95.9326 64.0122 0 63.9744 96.085 192.043 256.552 256.16 0 0 0 
0 0 0 207.712 736.34 688.288 703.845 623.891 767.995 624.461 704.429 687.967 735.997 207.559 0 0 0 
0 0 0 0 575.402 1664.3 1825.76 1919.76 1602.43 1920.72 1824.24 1662.87 576.051 0 0 0 0 
0 0 0 0 227.697 1248.15 2926.59 3679.84 4351.62 3676.05 2924.99 1247.87 227.364 0 0 0 0 
0 0 0 0 0 447.159 1568.82 3137.44 3265.29 3137.85 1568.76 449.125 0 0 0 0 0 
0 0 0 0 0 127.888 767.123 1391.31 2111.77 1391.31 769.048 128.128 0 0 0 0 0 
0 0 0 0 0 0 63.896 511.59 576.144 513.209 64.2824 0 0 0 0 0 0 
0 0 0 0 0 0 56.0312 96.1721 120.481 96.327 56.1667 0 0 0 0 0 0 
0 0 0 0 0 0 0 0 64.2579 0 0 0 0 0 0 0 0 
0 0 0 0 0 0 0 15.9921 0 16.0959 0 0 0 0 0 0 0 
0 0 0 0 0 0 0 0 0 0 0 0 0 0 0 0 0 
0 0 0 0 0 0 0 0 2.01433 0 0 0 0 0 0 0 0 
