1 0 0 0 0 0 0 0 0 0 0 0 0 0 0 0 1 
0 0 0 0 0 0 0 0 0 0 0 0 0 0 0 0 0 
0 16 0 0 0 0 0 0 0 0 0 0 0 0 0 16 0 
0 0 32.0334 0 0 0 0 0 0 0 0 0 0 0 32.0052 0 0 
0 0 87.9666 96.1582 23.9751 0 0 0 8.02539 0 0 0 23.9456 96.0508 87.9948 0 0 
0 0 0 255.835 256.453 192.128 95.7853 64.024 0 63.9899 95.9088 191.838 256.251 255.858 0 0 0 
0 0 0 208.007 736.366 688.01 704.57 623.617 767.761 624.374 704.34 688.004 736.177 208.091 0 0 0 
0 0 0 0 575.542 1665.63 1823.96 1921.05 1600.83 1920.13 1821.42 1665.34 575.564 0 0 0 0 
0 0 0 0 227.664 1246.34 2928.8 3682.01 4356.5 3681.55 2930.72 1247.67 228.062 0 0 0 0 
0 0 0 0 0 447.941 1567.25 3136.43 3265.4 3134.62 1567.23 447.093 0 0 0 0 0 
0 0 0 0 0 127.959 767.717 1389.28 2110.2 1390.78 768.465 128.053 0 0 0 0 0 
0 0 0 0 0 0 63.9727 511.817 575.408 512.706 63.8568 0 0 0 0 0 0 
0 0 0 0 0 0 55.9514 95.7538 119.849 95.8864 56.0593 0 0 0 0 0 0 
0 0 0 0 0 0 0 0 64.0301 0 0 0 0 0 0 0 0 
0 0 0 0 0 0 0 16.0217 0 15.9698 0 0 0 0 0 0 0 
0 0 0 0 0 0 0 0 0 0 0 0 0 0 0 0 0 
0 0 0 0 0 0 0 0 2.00003 0 0 0 0 0 0 0 0 
