1 0 0 0 0 0 0 0 0 0 0 0 0 0 0 0 1 
0 0 0 0 0 0 0 0 0 0 0 0 0 0 0 0 0 
0 16 0 0 0 0 0 0 0 0 0 0 0 0 0 16 0 
0 0 32.0295 0 0 0 0 0 0 0 0 0 0 0 32.0028 0 0 
0 0 87.9705 95.9065 23.9168 0 0 0 8.01411 0 0 0 24.0821 96.1381 87.9972 0 0 
0 0 0 256.421 256.073 191.896 95.8366 63.7276 0 64.0729 96.2846 192.388 255.866 255.836 0 0 0 
0 0 0 207.672 735.737 688.046 704.979 625.141 768.359 624.473 704.76 688.893 736.231 208.026 0 0 0 
0 0 0 0 576.18 1664.25 1822.69 1918.46 1599.23 1920.02 1823.5 1662.22 576.3 0 0 0 0 
0 0 0 0 228.093 1248.43 2928.8 3682.69 4359.61 3682.87 2930.2 1249.75 227.521 0 0 0 0 
0 0 0 0 0 447.563 1568.41 3135.41 3262.12 3135.99 1567.83 447.131 0 0 0 0 0 
0 0 0 0 0 127.823 767.395 1391.57 2111.59 1389.56 765.692 127.619 0 0 0 0 0 
0 0 0 0 0 0 63.9288 511.403 575.653 511.303 63.8238 0 0 0 0 0 0 
0 0 0 0 0 0 55.9688 95.6374 119.564 95.7854 55.914 0 0 0 0 0 0 
0 0 0 0 0 0 0 0 63.8585 0 0 0 0 0 0 0 0 
0 0 0 0 0 0 0 15.9622 0 15.9195 0 0 0 0 0 0 0 
0 0 0 0 0 0 0 0 0 0 0 0 0 0 0 0 0 
0 0 0 0 0 0 0 0 1.99456 0 0 0 0 0 0 0 0 
