1 0 0 0 0 0 0 0 0 0 0 0 0 0 0 0 1 
0 0 0 0 0 0 0 0 0 0 0 0 0 0 0 0 0 
0 16 0 0 0 0 0 0 0 0 0 0 0 0 0 16 0 
0 0 31.9387 0 0 0 0 0 0 0 0 0 0 0 32.058 0 0 
0 0 88.0613 95.9242 23.9943 0 0 0 7.9879 0 0 0 24.0418 95.9514 87.942 0 0 
0 0 0 256.385 255.764 192.368 95.9244 63.8192 0 63.7749 95.947 192.32 256.091 255.871 0 0 0 
0 0 0 207.691 736.178 688.061 704.016 624.235 767.323 623.19 703.593 687.571 735.39 208.178 0 0 0 
0 0 0 0 576.418 1662.64 1824.7 1919.66 1598.91 1920.87 1826.79 1664.51 576.608 0 0 0 0 
0 0 0 0 227.645 1249.12 2930.34 3683.91 4353.82 3680.8 2924.66 1249.15 227.868 0 0 0 0 
0 0 0 0 0 448.043 1566.51 3134.4 3269.31 3136.11 1568.38 446.691 0 0 0 0 0 
0 0 0 0 0 127.769 766.728 1391.7 2112.27 1391.98 768.694 127.757 0 0 0 0 0 
0 0 0 0 0 0 63.946 510.533 574.556 511.344 63.9344 0 0 0 0 0 0 
0 0 0 0 0 0 55.8457 95.7796 119.798 95.925 55.9957 0 0 0 0 0 0 
0 0 0 0 0 0 0 0 64.02 0 0 0 0 0 0 0 0 
0 0 0 0 0 0 0 15.9665 0 16.0054 0 0 0 0 0 0 0 
0 0 0 0 0 0 0 0 0 0 0 0 0 0 0 0 0 
0 0 0 0 0 0 0 0 2.00504 0 0 0 0 0 0 0 0 
