1 0 0 0 0 0 0 0 0 0 0 0 0 0 0 0 1 
0 0 0 0 0 0 0 0 0 0 0 0 0 0 0 0 0 
0 16 0 0 0 0 0 0 0 0 0 0 0 0 0 16 0 
0 0 31.9592 0 0 0 0 0 0 0 0 0 0 0 32.0378 0 0 
0 0 88.0408 95.9942 24.022 0 0 0 8.01001 0 0 0 23.9332 95.9995 87.9622 0 0 
0 0 0 255.817 255.388 191.978 95.8058 63.7978 0 63.9288 95.8038 191.776 256.052 256.005 0 0 0 
0 0 0 208.188 736.614 687.815 703.879 623.719 767.284 623.305 704.276 688.421 736.057 207.995 0 0 0 
0 0 0 0 576.121 1664.67 1822.6 1920.2 1598.92 1920.71 1826.35 1664.15 576.142 0 0 0 0 
0 0 0 0 227.855 1247.54 2930.15 3676.58 4357.35 3682.04 2927.55 1248.03 227.816 0 0 0 0 
0 0 0 0 0 448.054 1567.6 3140.79 3265.73 3134.85 1566.62 447.548 0 0 0 0 0 
0 0 0 0 0 127.946 767.838 1391.57 2111.19 1390.75 767.241 128.071 0 0 0 0 0 
0 0 0 0 0 0 64.0291 511.42 575.714 512.313 64.0918 0 0 0 0 0 0 
0 0 0 0 0 0 56.0983 95.9057 119.733 96.1127 56.0689 0 0 0 0 0 0 
0 0 0 0 0 0 0 0 64.0728 0 0 0 0 0 0 0 0 
0 0 0 0 0 0 0 16.0189 0 15.9853 0 0 0 0 0 0 0 
0 0 0 0 0 0 0 0 0 0 0 0 0 0 0 0 0 
0 0 0 0 0 0 0 0 1.99865 0 0 0 0 0 0 0 0 
