1 0 0 0 0 0 0 0 0 0 0 0 0 0 0 0 1 
0 0 0 0 0 0 0 0 0 0 0 0 0 0 0 0 0 
0 16 0 0 0 0 0 0 0 0 0 0 0 0 0 16 0 
0 0 31.9654 0 0 0 0 0 0 0 0 0 0 0 32.0769 0 0 
0 0 88.0346 95.5644 23.9427 0 0 0 8.02649 0 0 0 23.9445 96.1181 87.9231 0 0 
0 0 0 256.237 255.781 191.641 95.9173 64.1041 0 63.961 96.0538 192.129 255.765 256.041 0 0 0 
0 0 0 208.198 735.73 687.596 702.913 623.505 768.606 624.143 704.445 687.754 736.25 207.841 0 0 0 
0 0 0 0 576.392 1663.94 1821.84 1917.45 1601.47 1919.67 1822.68 1661.87 575.972 0 0 0 0 
0 0 0 0 228.154 1248.72 2928.27 3679.87 4351.25 3678.11 2927.27 1249.39 228.069 0 0 0 0 
0 0 0 0 0 447.685 1570.19 3136.54 3265.19 3135.29 1568.43 448.8 0 0 0 0 0 
0 0 0 0 0 128.41 768.544 1392.81 2112.52 1394.46 769.087 128.063 0 0 0 0 0 
0 0 0 0 0 0 64.2581 513.187 576.532 512.448 64.0348 0 0 0 0 0 0 
0 0 0 0 0 0 56.0687 96.5264 120.192 95.9353 56.0079 0 0 0 0 0 0 
0 0 0 0 0 0 0 0 64.206 0 0 0 0 0 0 0 0 
0 0 0 0 0 0 0 16.0124 0 15.9789 0 0 0 0 0 0 0 
0 0 0 0 0 0 0 0 0 0 0 0 0 0 0 0 0 
0 0 0 0 0 0 0 0 2.00848 0 0 0 0 0 0 0 0 
