1 0 0 0 0 0 0 0 0 0 0 0 0 0 0 0 1 
0 0 0 0 0 0 0 0 0 0 0 0 0 0 0 0 0 
0 16 0 0 0 0 0 0 0 0 0 0 0 0 0 16 0 
0 0 32.0033 0 0 0 0 0 0 0 0 0 0 0 32.0943 0 0 
0 0 87.9967 95.9075 23.9736 0 0 0 7.99433 0 0 0 23.9662 96.0908 87.9057 0 0 
0 0 0 256.211 255.941 191.885 95.8856 63.8566 0 63.7512 95.9402 192.323 256.488 256.085 0 0 0 
0 0 0 207.882 735.627 687.159 703.721 624.518 769.192 624.055 704.702 689.985 735.986 207.824 0 0 0 
0 0 0 0 576.318 1664.15 1822.87 1920.47 1602.34 1922.51 1825.35 1664.52 576.212 0 0 0 0 
0 0 0 0 228.14 1248.93 2929.39 3683.04 4355.11 3680.33 2929.56 1246.25 227.348 0 0 0 0 
0 0 0 0 0 447.85 1568.61 3135.7 3263.22 3134.65 1566.53 447.674 0 0 0 0 0 
0 0 0 0 0 128.034 767.418 1388.72 2111.6 1392 766.303 127.249 0 0 0 0 0 
0 0 0 0 0 0 64.1564 511.913 575.01 510.62 63.8363 0 0 0 0 0 0 
0 0 0 0 0 0 55.9473 95.8097 119.673 96.187 55.7866 0 0 0 0 0 0 
0 0 0 0 0 0 0 0 63.8665 0 0 0 0 0 0 0 0 
0 0 0 0 0 0 0 15.9846 0 15.8909 0 0 0 0 0 0 0 
0 0 0 0 0 0 0 0 0 0 0 0 0 0 0 0 0 
0 0 0 0 0 0 0 0 1.99048 0 0 0 0 0 0 0 0 
