1 0 0 0 0 0 0 0 0 0 0 0 0 0 0 0 1 
0 0 0 0 0 0 0 0 0 0 0 0 0 0 0 0 0 
0 16 0 0 0 0 0 0 0 0 0 0 0 0 0 16 0 
0 0 31.9941 0 0 0 0 0 0 0 0 0 0 0 32.0451 0 0 
0 0 88.0059 96.0941 24.0524 0 0 0 7.98791 0 0 0 24.1516 96.1699 87.9549 0 0 
0 0 0 256.118 256.25 192.382 95.8699 63.9355 0 64.0942 96.2614 192.36 256.269 255.866 0 0 0 
0 0 0 207.788 735.651 687.96 704.275 624.058 768.6 623.853 703.251 687.899 735.797 207.964 0 0 0 
0 0 0 0 576.592 1665.34 1824.11 1919.95 1598.62 1916.94 1822.66 1663.21 575.703 0 0 0 0 
0 0 0 0 227.455 1246.66 2928.61 3677.98 4353.92 3681.54 2927.97 1248.53 228.079 0 0 0 0 
0 0 0 0 0 447.537 1566.8 3137.77 3265.95 3135.07 1569.33 448.303 0 0 0 0 0 
0 0 0 0 0 128.122 768.537 1391.92 2113 1393.49 768.398 127.699 0 0 0 0 0 
0 0 0 0 0 0 63.9571 512.574 576.081 513.007 64.1638 0 0 0 0 0 0 
0 0 0 0 0 0 55.8471 95.8462 119.89 96.0554 55.972 0 0 0 0 0 0 
0 0 0 0 0 0 0 0 63.9583 0 0 0 0 0 0 0 0 
0 0 0 0 0 0 0 15.9545 0 15.9506 0 0 0 0 0 0 0 
0 0 0 0 0 0 0 0 0 0 0 0 0 0 0 0 0 
0 0 0 0 0 0 0 0 1.98973 0 0 0 0 0 0 0 0 
