1 0 0 0 0 0 0 0 0 0 0 0 0 0 0 0 1 
0 0 0 0 0 0 0 0 0 0 0 0 0 0 0 0 0 
0 16 0 0 0 0 0 0 0 0 0 0 0 0 0 16 0 
0 0 31.9379 0 0 0 0 0 0 0 0 0 0 0 31.9864 0 0 
0 0 88.0621 95.7101 23.9636 0 0 0 7.98766 0 0 0 23.9679 95.9527 88.0136 0 0 
0 0 0 256.126 256.094 192.105 96.1439 64.028 0 63.9309 95.613 191.799 256.216 255.922 0 0 0 
0 0 0 208.164 736.281 688.251 703.611 624.376 768.864 623.534 704.14 688.242 735.894 208.125 0 0 0 
0 0 0 0 575.783 1664.61 1825.3 1918.57 1599.92 1919.69 1824.43 1663.38 575.537 0 0 0 0 
0 0 0 0 227.878 1248.19 2929.01 3682.71 4351.94 3680.72 2927.49 1248.03 228.385 0 0 0 0 
0 0 0 0 0 447.037 1566.78 3136.28 3267.04 3135.95 1567.8 448.525 0 0 0 0 0 
0 0 0 0 0 127.806 767.405 1390.74 2111.36 1392.11 768.486 128.023 0 0 0 0 0 
0 0 0 0 0 0 63.8132 511.584 577.038 512.078 63.9312 0 0 0 0 0 0 
0 0 0 0 0 0 55.9397 95.7654 119.965 96.0223 56.1067 0 0 0 0 0 0 
0 0 0 0 0 0 0 0 63.9022 0 0 0 0 0 0 0 0 
0 0 0 0 0 0 0 15.9495 0 15.9701 0 0 0 0 0 0 0 
0 0 0 0 0 0 0 0 0 0 0 0 0 0 0 0 0 
0 0 0 0 0 0 0 0 1.9907 0 0 0 0 0 0 0 0 
