1 0 0 0 0 0 0 0 0 0 0 0 0 0 0 0 1 
0 0 0 0 0 0 0 0 0 0 0 0 0 0 0 0 0 
0 16 0 0 0 0 0 0 0 0 0 0 0 0 0 16 0 
0 0 32.0274 0 0 0 0 0 0 0 0 0 0 0 31.9088 0 0 
0 0 87.9726 96.2409 23.977 0 0 0 8.02163 0 0 0 23.893 95.7978 88.0912 0 0 
0 0 0 255.867 256.725 192.645 96.0849 64.031 0 63.9121 95.8566 191.514 255.545 256.153 0 0 0 
0 0 0 207.892 735.455 687.617 704.992 622.76 766.514 622.757 703.268 686.733 735.724 208.049 0 0 0 
0 0 0 0 575.585 1663.2 1821.03 1919.56 1598.53 1920.45 1822.42 1665.93 576.765 0 0 0 0 
0 0 0 0 228.258 1247.43 2927 3678.24 4354.59 3678.71 2928.68 1248.02 228.074 0 0 0 0 
0 0 0 0 0 448.911 1568 3137.48 3265.74 3136.84 1569.3 447.476 0 0 0 0 0 
0 0 0 0 0 128.189 770.865 1392.7 2114.3 1392.42 768.416 128.333 0 0 0 0 0 
0 0 0 0 0 0 64.0237 513.269 576.29 512.829 64.1234 0 0 0 0 0 0 
0 0 0 0 0 0 55.9967 95.9411 120.048 96.0802 55.9385 0 0 0 0 0 0 
0 0 0 0 0 0 0 0 63.9481 0 0 0 0 0 0 0 0 
0 0 0 0 0 0 0 16.0228 0 16.0067 0 0 0 0 0 0 0 
0 0 0 0 0 0 0 0 0 0 0 0 0 0 0 0 0 
0 0 0 0 0 0 0 0 2.01303 0 0 0 0 0 0 0 0 
