1 0 0 0 0 0 0 0 0 0 0 0 0 0 0 0 1 
0 0 0 0 0 0 0 0 0 0 0 0 0 0 0 0 0 
0 16 0 0 0 0 0 0 0 0 0 0 0 0 0 16 0 
0 0 32.0161 0 0 0 0 0 0 0 0 0 0 0 32.0699 0 0 
0 0 87.9839 96.0106 24.0161 0 0 0 8.04398 0 0 0 24.0812 96.1767 87.9301 0 0 
0 0 0 255.746 256.163 192.724 96.3472 64.1684 0 64.1106 95.9347 192.096 256.103 255.787 0 0 0 
0 0 0 208.244 735.227 687.715 704.879 625.617 769.461 624.836 704.889 688.579 736.202 208.036 0 0 0 
0 0 0 0 576.22 1662.62 1822.1 1919.41 1601.18 1919.07 1822.91 1662.92 575.592 0 0 0 0 
0 0 0 0 228.374 1248.6 2928.33 3678.76 4354.42 3680.63 2928.82 1248.53 228.021 0 0 0 0 
0 0 0 0 0 448.351 1568.05 3135.83 3263.18 3136.09 1567.37 447.844 0 0 0 0 0 
0 0 0 0 0 127.982 768.238 1392.52 2111.59 1391.39 768.13 128.029 0 0 0 0 0 
0 0 0 0 0 0 64.1081 511.695 576.241 511.925 64.0157 0 0 0 0 0 0 
0 0 0 0 0 0 55.9409 95.9726 119.847 95.9796 55.9305 0 0 0 0 0 0 
0 0 0 0 0 0 0 0 64.0383 0 0 0 0 0 0 0 0 
0 0 0 0 0 0 0 16.0202 0 15.967 0 0 0 0 0 0 0 
0 0 0 0 0 0 0 0 0 0 0 0 0 0 0 0 0 
0 0 0 0 0 0 0 0 2.00191 0 0 0 0 0 0 0 0 
