1 0 0 0 0 0 0 0 0 0 0 0 0 0 0 0 0 
0 0 0 0 0 0 0 0 0 0 0 0 0 0 0 0 0 
0 16 0 0 0 0 0 0 0 0 0 0 0 0 0 0 0 
0 0 32 0 0 0 0 0 0 0 0 0 0 0 0 0 0 
0 0 88 95.8392 23.9415 0 0 0 7.99939 0 0 0 0 0 0 0 0 
0 0 0 255.999 255.534 191.366 95.7744 63.9049 0 0 0 0 0 0 0 0 0 
0 0 0 208.162 735.069 687.826 704.619 624.789 768.534 0 0 0 0 0 0 0 0 
0 0 0 0 576.735 1664.27 1830.66 1924.35 1598.5 0 0 0 0 0 0 0 0 
0 0 0 0 228.72 1249.01 2917.62 3676.93 4356.4 0 0 0 0 0 0 0 0 
0 0 0 0 0 446.875 1568.2 3127.53 3262.55 0 0 0 0 0 0 0 0 
0 0 0 0 0 128.656 770.821 1393.85 2111.9 0 0 0 0 0 0 0 0 
0 0 0 0 0 0 64.183 516.242 576.009 0 0 0 0 0 0 0 0 
0 0 0 0 0 0 56.1149 96.3445 121.513 0 0 0 0 0 0 0 0 
0 0 0 0 0 0 0 0 64.5966 0 0 0 0 0 0 0 0 
0 0 0 0 0 0 0 16.0589 0 0 0 0 0 0 0 0 0 
0 0 0 0 0 0 0 0 0 0 0 0 0 0 0 0 0 
0 0 0 0 0 0 0 0 2.00049 0 0 0 0 0 0 0 0 
