1 0 0 0 0 0 0 0 0 0 0 0 0 0 0 0 0 
0 0 0 0 0 0 0 0 0 0 0 0 0 0 0 0 0 
0 16 0 0 0 0 0 0 0 0 0 0 0 0 0 0 0 
0 0 32 0 0 0 0 0 0 0 0 0 0 0 0 0 0 
0 0 88 96.2366 24.1522 0 0 0 8.15341 0 0 0 0 0 0 0 0 
0 0 0 255.865 257.269 194.189 97.1773 65.0725 0 0 0 0 0 0 0 0 0 
0 0 0 207.898 735.824 690.638 708.755 627.319 769.323 0 0 0 0 0 0 0 0 
0 0 0 0 576.392 1657.71 1821.96 1919.05 1598.12 0 0 0 0 0 0 0 0 
0 0 0 0 226.362 1248.66 2923.91 3675.59 4355.32 0 0 0 0 0 0 0 0 
0 0 0 0 0 449.913 1566.11 3129.98 3256.13 0 0 0 0 0 0 0 0 
0 0 0 0 0 126.89 770.284 1396.95 2115.48 0 0 0 0 0 0 0 0 
0 0 0 0 0 0 64.2537 513.311 581.514 0 0 0 0 0 0 0 0 
0 0 0 0 0 0 55.5541 96.8738 119.936 0 0 0 0 0 0 0 0 
0 0 0 0 0 0 0 0 64.0475 0 0 0 0 0 0 0 0 
0 0 0 0 0 0 0 15.8457 0 0 0 0 0 0 0 0 0 
0 0 0 0 0 0 0 0 0 0 0 0 0 0 0 0 0 
0 0 0 0 0 0 0 0 1.98551 0 0 0 0 0 0 0 0 
