1 0 0 0 0 0 0 0 0 0 0 0 0 0 0 0 0 
0 0 0 0 0 0 0 0 0 0 0 0 0 0 0 0 0 
0 16 0 0 0 0 0 0 0 0 0 0 0 0 0 0 0 
0 0 32 0 0 0 0 0 0 0 0 0 0 0 0 0 0 
0 0 88 95.8229 23.8916 0 0 0 8.00726 0 0 0 0 0 0 0 0 
0 0 0 255.665 255.377 192.829 95.7452 64.1724 0 0 0 0 0 0 0 0 0 
0 0 0 208.512 734.678 685.609 702.612 623.627 764.604 0 0 0 0 0 0 0 0 
0 0 0 0 577.106 1657.83 1820.54 1916.09 1592.51 0 0 0 0 0 0 0 0 
0 0 0 0 228.948 1251.47 2927.9 3670.07 4352.25 0 0 0 0 0 0 0 0 
0 0 0 0 0 450.67 1570.03 3147.1 3272.04 0 0 0 0 0 0 0 0 
0 0 0 0 0 129.586 770.3 1392.86 2117.74 0 0 0 0 0 0 0 0 
0 0 0 0 0 0 64.1963 513.079 575.927 0 0 0 0 0 0 0 0 
0 0 0 0 0 0 56.679 96.8295 120.778 0 0 0 0 0 0 0 0 
0 0 0 0 0 0 0 0 64.1238 0 0 0 0 0 0 0 0 
0 0 0 0 0 0 0 16.1733 0 0 0 0 0 0 0 0 0 
0 0 0 0 0 0 0 0 0 0 0 0 0 0 0 0 0 
0 0 0 0 0 0 0 0 2.01839 0 0 0 0 0 0 0 0 
