1 0 0 0 0 0 0 0 0 0 0 0 0 0 0 0 0 
0 0 0 0 0 0 0 0 0 0 0 0 0 0 0 0 0 
0 16 0 0 0 0 0 0 0 0 0 0 0 0 0 0 0 
0 0 32 0 0 0 0 0 0 0 0 0 0 0 0 0 0 
0 0 88 95.6902 23.917 0 0 0 7.78186 0 0 0 0 0 0 0 0 
0 0 0 255.859 255.273 190.557 95.2121 62.2907 0 0 0 0 0 0 0 0 0 
0 0 0 208.451 735.571 685.26 700.483 623.523 768.357 0 0 0 0 0 0 0 0 
0 0 0 0 576.938 1668.28 1825.4 1922.46 1599.1 0 0 0 0 0 0 0 0 
0 0 0 0 228.301 1246.42 2937.35 3678.66 4369.53 0 0 0 0 0 0 0 0 
0 0 0 0 0 449.126 1563.99 3141.3 3255.3 0 0 0 0 0 0 0 0 
0 0 0 0 0 128.352 765.743 1389.57 2108.89 0 0 0 0 0 0 0 0 
0 0 0 0 0 0 63.5075 509.958 577.093 0 0 0 0 0 0 0 0 
0 0 0 0 0 0 56.3182 96.1452 118.407 0 0 0 0 0 0 0 0 
0 0 0 0 0 0 0 0 63.5323 0 0 0 0 0 0 0 0 
0 0 0 0 0 0 0 16.0864 0 0 0 0 0 0 0 0 0 
0 0 0 0 0 0 0 0 0 0 0 0 0 0 0 0 0 
0 0 0 0 0 0 0 0 2.01133 0 0 0 0 0 0 0 0 
