1 0 0 0 0 0 0 0 0 0 0 0 0 0 0 0 0 
0 0 0 0 0 0 0 0 0 0 0 0 0 0 0 0 0 
0 16 0 0 0 0 0 0 0 0 0 0 0 0 0 0 0 
0 0 32 0 0 0 0 0 0 0 0 0 0 0 0 0 0 
0 0 88 95.9359 24.0898 0 0 0 8.00809 0 0 0 0 0 0 0 0 
0 0 0 256.038 256.982 192.284 95.7497 64.0905 0 0 0 0 0 0 0 0 0 
0 0 0 208.026 732.854 687.466 706.251 627.12 769.119 0 0 0 0 0 0 0 0 
0 0 0 0 576.415 1660.33 1828.96 1922.28 1608.22 0 0 0 0 0 0 0 0 
0 0 0 0 229.658 1248.3 2922.26 3679.48 4347.65 0 0 0 0 0 0 0 0 
0 0 0 0 0 448.666 1568.26 3129.79 3261.89 0 0 0 0 0 0 0 0 
0 0 0 0 0 130.946 765.061 1387.9 2110.01 0 0 0 0 0 0 0 0 
0 0 0 0 0 0 64.125 516.104 577.223 0 0 0 0 0 0 0 0 
0 0 0 0 0 0 57.334 96.8186 121.056 0 0 0 0 0 0 0 0 
0 0 0 0 0 0 0 0 64.776 0 0 0 0 0 0 0 0 
0 0 0 0 0 0 0 16.4243 0 0 0 0 0 0 0 0 0 
0 0 0 0 0 0 0 0 0 0 0 0 0 0 0 0 0 
0 0 0 0 0 0 0 0 2.05327 0 0 0 0 0 0 0 0 
