1 0 0 0 0 0 0 0 0 0 0 0 0 0 0 0 0 
0 0 0 0 0 0 0 0 0 0 0 0 0 0 0 0 0 
0 16 0 0 0 0 0 0 0 0 0 0 0 0 0 0 0 
0 0 32 0 0 0 0 0 0 0 0 0 0 0 0 0 0 
0 0 88 96.3675 24.1903 0 0 0 7.9864 0 0 0 0 0 0 0 0 
0 0 0 255.509 256.383 192.903 96.7148 63.9328 0 0 0 0 0 0 0 0 0 
0 0 0 208.123 736.854 686.973 702.628 621.748 765.074 0 0 0 0 0 0 0 0 
0 0 0 0 574.936 1657.96 1820.73 1910.56 1588.12 0 0 0 0 0 0 0 0 
0 0 0 0 227.636 1251.45 2919.65 3671.09 4359.32 0 0 0 0 0 0 0 0 
0 0 0 0 0 452.114 1572.9 3144.46 3262.88 0 0 0 0 0 0 0 0 
0 0 0 0 0 126.592 775.99 1399.34 2120.39 0 0 0 0 0 0 0 0 
0 0 0 0 0 0 64.0609 516.977 578.177 0 0 0 0 0 0 0 0 
0 0 0 0 0 0 55.328 96.0727 121.589 0 0 0 0 0 0 0 0 
0 0 0 0 0 0 0 0 64.4855 0 0 0 0 0 0 0 0 
0 0 0 0 0 0 0 15.8247 0 0 0 0 0 0 0 0 0 
0 0 0 0 0 0 0 0 0 0 0 0 0 0 0 0 0 
0 0 0 0 0 0 0 0 1.97712 0 0 0 0 0 0 0 0 
