1 0 0 0 0 0 0 0 0 0 0 0 0 0 0 0 0 
0 0 0 0 0 0 0 0 0 0 0 0 0 0 0 0 0 
0 16 0 0 0 0 0 0 0 0 0 0 0 0 0 0 0 
0 0 32 0 0 0 0 0 0 0 0 0 0 0 0 0 0 
0 0 88 95.8816 24.0247 0 0 0 8.00255 0 0 0 0 0 0 0 0 
0 0 0 255.929 256.659 192.887 95.7262 64.1425 0 0 0 0 0 0 0 0 0 
0 0 0 208.189 737.327 689.636 704.981 621.707 765.038 0 0 0 0 0 0 0 0 
0 0 0 0 574.284 1663.16 1825.08 1922.4 1595.52 0 0 0 0 0 0 0 0 
0 0 0 0 227.706 1247.61 2923.1 3672.98 4353.38 0 0 0 0 0 0 0 0 
0 0 0 0 0 447.397 1570.93 3144.57 3274.49 0 0 0 0 0 0 0 0 
0 0 0 0 0 127.307 768.423 1391.26 2112.84 0 0 0 0 0 0 0 0 
0 0 0 0 0 0 64.1681 510.883 576.687 0 0 0 0 0 0 0 0 
0 0 0 0 0 0 55.5914 96.2281 118.548 0 0 0 0 0 0 0 0 
0 0 0 0 0 0 0 0 63.5247 0 0 0 0 0 0 0 0 
0 0 0 0 0 0 0 15.814 0 0 0 0 0 0 0 0 0 
0 0 0 0 0 0 0 0 0 0 0 0 0 0 0 0 0 
0 0 0 0 0 0 0 0 1.97464 0 0 0 0 0 0 0 0 
