1 0 0 0 0 0 0 0 0 0 0 0 0 0 0 0 0 
0 0 0 0 0 0 0 0 0 0 0 0 0 0 0 0 0 
0 16 0 0 0 0 0 0 0 0 0 0 0 0 0 0 0 
0 0 32 0 0 0 0 0 0 0 0 0 0 0 0 0 0 
0 0 88 95.9228 24.0787 0 0 0 8.10003 0 0 0 0 0 0 0 0 
0 0 0 255.963 256.614 193.056 96.2859 64.7801 0 0 0 0 0 0 0 0 0 
0 0 0 208.114 736.656 690.098 705.889 625.105 770.466 0 0 0 0 0 0 0 0 
0 0 0 0 575.119 1665.96 1825.81 1930.01 1612.34 0 0 0 0 0 0 0 0 
0 0 0 0 227.532 1246.02 2928.32 3670.27 4351.95 0 0 0 0 0 0 0 0 
0 0 0 0 0 445.926 1565 3139.2 3253.87 0 0 0 0 0 0 0 0 
0 0 0 0 0 126.94 767.497 1389.79 2111.92 0 0 0 0 0 0 0 0 
0 0 0 0 0 0 63.4984 509.077 576.026 0 0 0 0 0 0 0 0 
0 0 0 0 0 0 55.6944 95.8829 119.518 0 0 0 0 0 0 0 0 
0 0 0 0 0 0 0 0 63.818 0 0 0 0 0 0 0 0 
0 0 0 0 0 0 0 15.8819 0 0 0 0 0 0 0 0 0 
0 0 0 0 0 0 0 0 0 0 0 0 0 0 0 0 0 
0 0 0 0 0 0 0 0 1.98887 0 0 0 0 0 0 0 0 
