1 0 0 0 0 0 0 0 0 0 0 0 0 0 0 0 0 
0 0 0 0 0 0 0 0 0 0 0 0 0 0 0 0 0 
0 16 0 0 0 0 0 0 0 0 0 0 0 0 0 0 0 
0 0 32 0 0 0 0 0 0 0 0 0 0 0 0 0 0 
0 0 88 96.0612 24.0453 0 0 0 8.02929 0 0 0 0 0 0 0 0 
0 0 0 256.174 255.727 193.054 96.1509 64.3106 0 0 0 0 0 0 0 0 0 
0 0 0 207.764 735.766 687.241 707.438 625.832 768.808 0 0 0 0 0 0 0 0 
0 0 0 0 575.709 1663.39 1821.45 1919.56 1601.84 0 0 0 0 0 0 0 0 
0 0 0 0 228.753 1248.3 2925.39 3676.89 4348.6 0 0 0 0 0 0 0 0 
0 0 0 0 0 446.476 1568.02 3137.4 3267.98 0 0 0 0 0 0 0 0 
0 0 0 0 0 129.536 768.674 1388.42 2111.76 0 0 0 0 0 0 0 0 
0 0 0 0 0 0 64.1567 515.146 575.441 0 0 0 0 0 0 0 0 
0 0 0 0 0 0 56.7238 96.2397 120.924 0 0 0 0 0 0 0 0 
0 0 0 0 0 0 0 0 64.5936 0 0 0 0 0 0 0 0 
0 0 0 0 0 0 0 16.2062 0 0 0 0 0 0 0 0 0 
0 0 0 0 0 0 0 0 0 0 0 0 0 0 0 0 0 
0 0 0 0 0 0 0 0 2.02564 0 0 0 0 0 0 0 0 
