1 0 0 0 0 0 0 0 0 0 0 0 0 0 0 0 0 
0 0 0 0 0 0 0 0 0 0 0 0 0 0 0 0 0 
0 16 0 0 0 0 0 0 0 0 0 0 0 0 0 0 0 
0 0 32 0 0 0 0 0 0 0 0 0 0 0 0 0 0 
0 0 88 95.9711 23.9045 0 0 0 7.82347 0 0 0 0 0 0 0 0 
0 0 0 256.261 255.676 191.885 96.0386 62.6429 0 0 0 0 0 0 0 0 0 
0 0 0 207.768 736.444 688.503 702.758 624.683 768.125 0 0 0 0 0 0 0 0 
0 0 0 0 576.008 1665.1 1824.7 1924.52 1608.38 0 0 0 0 0 0 0 0 
0 0 0 0 227.967 1246.34 2930.26 3680.79 4355.28 0 0 0 0 0 0 0 0 
0 0 0 0 0 449.242 1567.58 3133.99 3257.33 0 0 0 0 0 0 0 0 
0 0 0 0 0 126.927 767.32 1390.18 2113.1 0 0 0 0 0 0 0 0 
0 0 0 0 0 0 64.2501 511.044 574.621 0 0 0 0 0 0 0 0 
0 0 0 0 0 0 55.0938 96.3915 119.688 0 0 0 0 0 0 0 0 
0 0 0 0 0 0 0 0 63.6797 0 0 0 0 0 0 0 0 
0 0 0 0 0 0 0 15.7569 0 0 0 0 0 0 0 0 0 
0 0 0 0 0 0 0 0 0 0 0 0 0 0 0 0 0 
0 0 0 0 0 0 0 0 1.96701 0 0 0 0 0 0 0 0 
