1 0 0 0 0 0 0 0 0 0 0 0 0 0 0 0 0 
0 0 0 0 0 0 0 0 0 0 0 0 0 0 0 0 0 
0 16 0 0 0 0 0 0 0 0 0 0 0 0 0 0 0 
0 0 32 0 0 0 0 0 0 0 0 0 0 0 0 0 0 
0 0 88 95.9158 23.9732 0 0 0 7.97733 0 0 0 0 0 0 0 0 
0 0 0 255.981 255.58 191.233 95.9895 63.9203 0 0 0 0 0 0 0 0 0 
0 0 0 208.103 735.14 686.771 704.904 624.807 767.873 0 0 0 0 0 0 0 0 
0 0 0 0 575.119 1664.9 1827.11 1929.47 1604.05 0 0 0 0 0 0 0 0 
0 0 0 0 230.188 1246.89 2916.59 3675.89 4366.66 0 0 0 0 0 0 0 0 
0 0 0 0 0 448.766 1572.15 3128.45 3258.38 0 0 0 0 0 0 0 0 
0 0 0 0 0 129.435 769.982 1391.13 2104.16 0 0 0 0 0 0 0 0 
0 0 0 0 0 0 64.4642 513.928 575.851 0 0 0 0 0 0 0 0 
0 0 0 0 0 0 56.818 96.1597 119.157 0 0 0 0 0 0 0 0 
0 0 0 0 0 0 0 0 63.8624 0 0 0 0 0 0 0 0 
0 0 0 0 0 0 0 16.2468 0 0 0 0 0 0 0 0 0 
0 0 0 0 0 0 0 0 0 0 0 0 0 0 0 0 0 
0 0 0 0 0 0 0 0 2.03606 0 0 0 0 0 0 0 0 
