1 0 0 0 0 0 0 0 0 0 0 0 0 0 0 0 0 
0 0 0 0 0 0 0 0 0 0 0 0 0 0 0 0 0 
0 16 0 0 0 0 0 0 0 0 0 0 0 0 0 0 0 
0 0 32 0 0 0 0 0 0 0 0 0 0 0 0 0 0 
0 0 88 95.9448 24.0201 0 0 0 8.00125 0 0 0 0 0 0 0 0 
0 0 0 255.66 256.501 193.158 96.2574 63.7976 0 0 0 0 0 0 0 0 0 
0 0 0 208.395 735.843 691.683 704.817 625.346 767.25 0 0 0 0 0 0 0 0 
0 0 0 0 576.977 1662.69 1825.56 1915.86 1607.6 0 0 0 0 0 0 0 0 
0 0 0 0 226.66 1245.73 2924.42 3685.79 4350.28 0 0 0 0 0 0 0 0 
0 0 0 0 0 447.423 1571.22 3135.12 3266.99 0 0 0 0 0 0 0 0 
0 0 0 0 0 127.319 766.11 1389.42 2105.38 0 0 0 0 0 0 0 0 
0 0 0 0 0 0 63.7013 513.048 578.193 0 0 0 0 0 0 0 0 
0 0 0 0 0 0 55.9163 95.6308 120.535 0 0 0 0 0 0 0 0 
0 0 0 0 0 0 0 0 63.7622 0 0 0 0 0 0 0 0 
0 0 0 0 0 0 0 15.9926 0 0 0 0 0 0 0 0 0 
0 0 0 0 0 0 0 0 0 0 0 0 0 0 0 0 0 
0 0 0 0 0 0 0 0 2.00453 0 0 0 0 0 0 0 0 
