1 0 0 0 0 0 0 0 0 0 0 0 0 0 0 0 0 
0 0 0 0 0 0 0 0 0 0 0 0 0 0 0 0 0 
0 16 0 0 0 0 0 0 0 0 0 0 0 0 0 0 0 
0 0 32 0 0 0 0 0 0 0 0 0 0 0 0 0 0 
0 0 88 95.9968 23.9992 0 0 0 8.00517 0 0 0 0 0 0 0 0 
0 0 0 256.006 255.061 192.065 95.4618 64.0413 0 0 0 0 0 0 0 0 0 
0 0 0 207.997 738.147 687.972 705.112 625.502 769.696 0 0 0 0 0 0 0 0 
0 0 0 0 574.527 1664.25 1822.8 1915.16 1587.88 0 0 0 0 0 0 0 0 
0 0 0 0 228.266 1247.83 2930.84 3680.02 4365.95 0 0 0 0 0 0 0 0 
0 0 0 0 0 447.377 1564.48 3141.31 3270.18 0 0 0 0 0 0 0 0 
0 0 0 0 0 128.505 768.94 1392.22 2109.53 0 0 0 0 0 0 0 0 
0 0 0 0 0 0 64.3816 510.398 573.455 0 0 0 0 0 0 0 0 
0 0 0 0 0 0 55.9766 95.3459 118.833 0 0 0 0 0 0 0 0 
0 0 0 0 0 0 0 0 64.4731 0 0 0 0 0 0 0 0 
0 0 0 0 0 0 0 15.9933 0 0 0 0 0 0 0 0 0 
0 0 0 0 0 0 0 0 0 0 0 0 0 0 0 0 0 
0 0 0 0 0 0 0 0 1.99917 0 0 0 0 0 0 0 0 
