1 0 0 0 0 0 0 0 0 0 0 0 0 0 0 0 0 
0 0 0 0 0 0 0 0 0 0 0 0 0 0 0 0 0 
0 16 0 0 0 0 0 0 0 0 0 0 0 0 0 0 0 
0 0 32 0 0 0 0 0 0 0 0 0 0 0 0 0 0 
0 0 88 96.1787 24.0447 0 0 0 7.93361 0 0 0 0 0 0 0 0 
0 0 0 255.643 255.651 191.278 96.0057 63.4689 0 0 0 0 0 0 0 0 0 
0 0 0 208.179 736.467 689.762 698.425 622.204 768.295 0 0 0 0 0 0 0 0 
0 0 0 0 575.933 1664.18 1832.82 1921.77 1599.49 0 0 0 0 0 0 0 0 
0 0 0 0 227.904 1245.21 2931.02 3677.9 4355.73 0 0 0 0 0 0 0 0 
0 0 0 0 0 449.593 1558.46 3146.22 3261.5 0 0 0 0 0 0 0 0 
0 0 0 0 0 127.972 770.631 1383.24 2118.49 0 0 0 0 0 0 0 0 
0 0 0 0 0 0 64.5604 512.942 572.915 0 0 0 0 0 0 0 0 
0 0 0 0 0 0 56.0711 96.2309 119.654 0 0 0 0 0 0 0 0 
0 0 0 0 0 0 0 0 63.9921 0 0 0 0 0 0 0 0 
0 0 0 0 0 0 0 16.0203 0 0 0 0 0 0 0 0 0 
0 0 0 0 0 0 0 0 0 0 0 0 0 0 0 0 0 
0 0 0 0 0 0 0 0 2.00254 0 0 0 0 0 0 0 0 
