1 0 0 0 0 0 0 0 0 0 0 0 0 0 0 0 0 
0 0 0 0 0 0 0 0 0 0 0 0 0 0 0 0 0 
0 16 0 0 0 0 0 0 0 0 0 0 0 0 0 0 0 
0 0 32 0 0 0 0 0 0 0 0 0 0 0 0 0 0 
0 0 88 96.4075 24.1019 0 0 0 8.12606 0 0 0 0 0 0 0 0 
0 0 0 255.185 255.99 193.098 95.7093 65.0085 0 0 0 0 0 0 0 0 0 
0 0 0 208.407 735.43 689.366 706.055 622.934 766.074 0 0 0 0 0 0 0 0 
0 0 0 0 576.761 1657.48 1824.54 1922.52 1602.47 0 0 0 0 0 0 0 0 
0 0 0 0 227.716 1251.29 2920.96 3678.05 4352.76 0 0 0 0 0 0 0 0 
0 0 0 0 0 450.021 1572.4 3130.69 3273.9 0 0 0 0 0 0 0 0 
0 0 0 0 0 126.742 769.315 1397.59 2099.77 0 0 0 0 0 0 0 0 
0 0 0 0 0 0 63.3782 511.097 581.399 0 0 0 0 0 0 0 0 
0 0 0 0 0 0 55.6526 96.2139 119.974 0 0 0 0 0 0 0 0 
0 0 0 0 0 0 0 0 63.5385 0 0 0 0 0 0 0 0 
0 0 0 0 0 0 0 15.9007 0 0 0 0 0 0 0 0 0 
0 0 0 0 0 0 0 0 0 0 0 0 0 0 0 0 0 
0 0 0 0 0 0 0 0 1.98759 0 0 0 0 0 0 0 0 
