1 0 0 0 0 0 0 0 0 0 0 0 0 0 0 0 0 
0 0 0 0 0 0 0 0 0 0 0 0 0 0 0 0 0 
0 16 0 0 0 0 0 0 0 0 0 0 0 0 0 0 0 
0 0 32 0 0 0 0 0 0 0 0 0 0 0 0 0 0 
0 0 88 95.8736 23.9684 0 0 0 8.18516 0 0 0 0 0 0 0 0 
0 0 0 256.253 256.365 191.454 95.9362 65.4812 0 0 0 0 0 0 0 0 0 
0 0 0 207.874 735.199 689.231 704.644 622.472 768.115 0 0 0 0 0 0 0 0 
0 0 0 0 576.633 1663.79 1824.51 1921.62 1592.61 0 0 0 0 0 0 0 0 
0 0 0 0 227.835 1245.89 2924.55 3678.31 4366.62 0 0 0 0 0 0 0 0 
0 0 0 0 0 450.661 1570 3136.37 3262.06 0 0 0 0 0 0 0 0 
0 0 0 0 0 126.977 769.137 1388.75 2111.68 0 0 0 0 0 0 0 0 
0 0 0 0 0 0 63.5315 514.68 574.379 0 0 0 0 0 0 0 0 
0 0 0 0 0 0 55.6857 96.4066 120.692 0 0 0 0 0 0 0 0 
0 0 0 0 0 0 0 0 63.671 0 0 0 0 0 0 0 0 
0 0 0 0 0 0 0 15.9102 0 0 0 0 0 0 0 0 0 
0 0 0 0 0 0 0 0 0 0 0 0 0 0 0 0 0 
0 0 0 0 0 0 0 0 1.98877 0 0 0 0 0 0 0 0 
