1 0 0 0 0 0 0 0 0 0 0 0 0 0 0 0 0 
0 0 0 0 0 0 0 0 0 0 0 0 0 0 0 0 0 
0 16 0 0 0 0 0 0 0 0 0 0 0 0 0 0 0 
0 0 32 0 0 0 0 0 0 0 0 0 0 0 0 0 0 
0 0 88 95.3925 23.8481 0 0 0 8.00524 0 0 0 0 0 0 0 0 
0 0 0 257.215 254.926 191.069 95.4349 64.0419 0 0 0 0 0 0 0 0 0 
0 0 0 207.393 737.579 688.616 707.207 624.337 769.309 0 0 0 0 0 0 0 0 
0 0 0 0 576.671 1664.58 1819 1919.49 1596.01 0 0 0 0 0 0 0 0 
0 0 0 0 226.976 1248.15 2931.05 3682.25 4353.08 0 0 0 0 0 0 0 0 
0 0 0 0 0 448.153 1566.68 3128.74 3275.35 0 0 0 0 0 0 0 0 
0 0 0 0 0 127.433 768.459 1399.35 2106.54 0 0 0 0 0 0 0 0 
0 0 0 0 0 0 64.5577 510.093 575.82 0 0 0 0 0 0 0 0 
0 0 0 0 0 0 55.6118 95.8111 120.625 0 0 0 0 0 0 0 0 
0 0 0 0 0 0 0 0 63.2744 0 0 0 0 0 0 0 0 
0 0 0 0 0 0 0 15.8891 0 0 0 0 0 0 0 0 0 
0 0 0 0 0 0 0 0 0 0 0 0 0 0 0 0 0 
0 0 0 0 0 0 0 0 1.98614 0 0 0 0 0 0 0 0 
