1 0 0 0 0 0 0 0 0 0 0 0 0 0 0 0 0 
0 0 0 0 0 0 0 0 0 0 0 0 0 0 0 0 0 
0 16 0 0 0 0 0 0 0 0 0 0 0 0 0 0 0 
0 0 32 0 0 0 0 0 0 0 0 0 0 0 0 0 0 
0 0 88 96.4896 24.1224 0 0 0 7.90163 0 0 0 0 0 0 0 0 
0 0 0 255.021 256.214 192.018 95.8864 63.213 0 0 0 0 0 0 0 0 0 
0 0 0 208.49 735.641 688.317 707.046 627.064 762.685 0 0 0 0 0 0 0 0 
0 0 0 0 575.585 1664.83 1817.29 1917.6 1612.9 0 0 0 0 0 0 0 0 
0 0 0 0 228.437 1245.96 2932.82 3677.45 4348.27 0 0 0 0 0 0 0 0 
0 0 0 0 0 448.24 1567.48 3138.6 3260.09 0 0 0 0 0 0 0 0 
0 0 0 0 0 128.637 767.222 1393.93 2116.84 0 0 0 0 0 0 0 0 
0 0 0 0 0 0 63.9241 509.857 577.361 0 0 0 0 0 0 0 0 
0 0 0 0 0 0 56.3367 96.1906 117.798 0 0 0 0 0 0 0 0 
0 0 0 0 0 0 0 0 64.1467 0 0 0 0 0 0 0 0 
0 0 0 0 0 0 0 16.0962 0 0 0 0 0 0 0 0 0 
0 0 0 0 0 0 0 0 0 0 0 0 0 0 0 0 0 
0 0 0 0 0 0 0 0 2.01203 0 0 0 0 0 0 0 0 
