1 0 0 0 0 0 0 0 0 0 0 0 0 0 0 0 0 
0 0 0 0 0 0 0 0 0 0 0 0 0 0 0 0 0 
0 16 0 0 0 0 0 0 0 0 0 0 0 0 0 0 0 
0 0 32 0 0 0 0 0 0 0 0 0 0 0 0 0 0 
0 0 88 95.6272 23.9068 0 0 0 8.00983 0 0 0 0 0 0 0 0 
0 0 0 256.746 256.317 192.004 95.7617 64.0787 0 0 0 0 0 0 0 0 0 
0 0 0 207.627 736.216 689.945 708.455 625.527 771.228 0 0 0 0 0 0 0 0 
0 0 0 0 574.988 1661.02 1820.83 1917.96 1597.65 0 0 0 0 0 0 0 0 
0 0 0 0 228.572 1249.1 2925.89 3683.7 4357.9 0 0 0 0 0 0 0 0 
0 0 0 0 0 446.953 1566.37 3133.66 3254.61 0 0 0 0 0 0 0 0 
0 0 0 0 0 128.983 769.822 1387.03 2118.06 0 0 0 0 0 0 0 0 
0 0 0 0 0 0 64.4831 514.864 577.075 0 0 0 0 0 0 0 0 
0 0 0 0 0 0 56.3913 97.0699 119.154 0 0 0 0 0 0 0 0 
0 0 0 0 0 0 0 0 64.29 0 0 0 0 0 0 0 0 
0 0 0 0 0 0 0 16.1118 0 0 0 0 0 0 0 0 0 
0 0 0 0 0 0 0 0 0 0 0 0 0 0 0 0 0 
0 0 0 0 0 0 0 0 2.01398 0 0 0 0 0 0 0 0 
