1 0 0 0 0 0 0 0 0 0 0 0 0 0 0 0 0 
0 0 0 0 0 0 0 0 0 0 0 0 0 0 0 0 0 
0 16 0 0 0 0 0 0 0 0 0 0 0 0 0 0 0 
0 0 32 0 0 0 0 0 0 0 0 0 0 0 0 0 0 
0 0 88 95.8267 23.9567 0 0 0 7.93178 0 0 0 0 0 0 0 0 
0 0 0 256.347 255.528 190.752 95.3832 63.4543 0 0 0 0 0 0 0 0 0 
0 0 0 207.827 736.266 687.551 702.366 621.983 764.831 0 0 0 0 0 0 0 0 
0 0 0 0 577.059 1666.83 1825 1926.33 1599.86 0 0 0 0 0 0 0 0 
0 0 0 0 227.191 1248.66 2934.92 3673.33 4364.79 0 0 0 0 0 0 0 0 
0 0 0 0 0 446.24 1561.16 3139.39 3258.29 0 0 0 0 0 0 0 0 
0 0 0 0 0 127.972 768.798 1392.01 2113.63 0 0 0 0 0 0 0 0 
0 0 0 0 0 0 64.3675 512.772 575.155 0 0 0 0 0 0 0 0 
0 0 0 0 0 0 56.007 94.7303 119.365 0 0 0 0 0 0 0 0 
0 0 0 0 0 0 0 0 64.1548 0 0 0 0 0 0 0 0 
0 0 0 0 0 0 0 16.002 0 0 0 0 0 0 0 0 0 
0 0 0 0 0 0 0 0 0 0 0 0 0 0 0 0 0 
0 0 0 0 0 0 0 0 2.00025 0 0 0 0 0 0 0 0 
