1 0 0 0 0 0 0 0 0 0 0 0 0 0 0 0 0 
0 0 0 0 0 0 0 0 0 0 0 0 0 0 0 0 0 
0 16 0 0 0 0 0 0 0 0 0 0 0 0 0 0 0 
0 0 32 0 0 0 0 0 0 0 0 0 0 0 0 0 0 
0 0 88 95.8736 23.9684 0 0 0 7.88279 0 0 0 0 0 0 0 0 
0 0 0 256.253 256.377 193.625 97.0124 63.0623 0 0 0 0 0 0 0 0 0 
0 0 0 207.874 734.828 686.728 707.698 628.415 771.081 0 0 0 0 0 0 0 0 
0 0 0 0 577.341 1661.2 1820.34 1922.22 1602.52 0 0 0 0 0 0 0 0 
0 0 0 0 227.486 1249.97 2918.77 3670.01 4340.32 0 0 0 0 0 0 0 0 
0 0 0 0 0 449.433 1576.68 3134.91 3276.37 0 0 0 0 0 0 0 0 
0 0 0 0 0 127.047 768.216 1398.65 2109.47 0 0 0 0 0 0 0 0 
0 0 0 0 0 0 63.4883 510.809 576.219 0 0 0 0 0 0 0 0 
0 0 0 0 0 0 55.7989 95.9864 120.43 0 0 0 0 0 0 0 0 
0 0 0 0 0 0 0 0 63.7146 0 0 0 0 0 0 0 0 
0 0 0 0 0 0 0 15.9425 0 0 0 0 0 0 0 0 0 
0 0 0 0 0 0 0 0 0 0 0 0 0 0 0 0 0 
0 0 0 0 0 0 0 0 1.99282 0 0 0 0 0 0 0 0 
