1 0 0 0 0 0 0 0 0 0 0 0 0 0 0 0 0 
0 0 0 0 0 0 0 0 0 0 0 0 0 0 0 0 0 
0 16 0 0 0 0 0 0 0 0 0 0 0 0 0 0 0 
0 0 32 0 0 0 0 0 0 0 0 0 0 0 0 0 0 
0 0 88 96.1317 24.0329 0 0 0 8.00455 0 0 0 0 0 0 0 0 
0 0 0 255.737 255.262 191 96.2748 64.0364 0 0 0 0 0 0 0 0 0 
0 0 0 208.132 736.948 686.973 701.715 623.268 770.412 0 0 0 0 0 0 0 0 
0 0 0 0 576.186 1667.76 1823.86 1914.58 1603.87 0 0 0 0 0 0 0 0 
0 0 0 0 227.571 1247.45 2931.53 3687.21 4344.44 0 0 0 0 0 0 0 0 
0 0 0 0 0 446.933 1569.4 3137.62 3264.32 0 0 0 0 0 0 0 0 
0 0 0 0 0 127.886 765.002 1392.22 2118.07 0 0 0 0 0 0 0 0 
0 0 0 0 0 0 64.1327 509.171 575.395 0 0 0 0 0 0 0 0 
0 0 0 0 0 0 56.078 95.8807 119.423 0 0 0 0 0 0 0 0 
0 0 0 0 0 0 0 0 64.0718 0 0 0 0 0 0 0 0 
0 0 0 0 0 0 0 16.0223 0 0 0 0 0 0 0 0 0 
0 0 0 0 0 0 0 0 0 0 0 0 0 0 0 0 0 
0 0 0 0 0 0 0 0 2.00279 0 0 0 0 0 0 0 0 
