1 0 0 0 0 0 0 0 0 0 0 0 0 0 0 0 0 
0 0 0 0 0 0 0 0 0 0 0 0 0 0 0 0 0 
0 16 0 0 0 0 0 0 0 0 0 0 0 0 0 0 0 
0 0 32 0 0 0 0 0 0 0 0 0 0 0 0 0 0 
0 0 88 95.5568 23.8892 0 0 0 8.07912 0 0 0 0 0 0 0 0 
0 0 0 256.886 256.314 190.886 95.3255 64.633 0 0 0 0 0 0 0 0 0 
0 0 0 207.557 734.994 691.319 701.823 622.793 766.542 0 0 0 0 0 0 0 0 
0 0 0 0 577.512 1660.27 1825.76 1913.65 1609.2 0 0 0 0 0 0 0 0 
0 0 0 0 227.29 1249.43 2931.62 3691.81 4345.47 0 0 0 0 0 0 0 0 
0 0 0 0 0 448.618 1567.37 3133.28 3266.27 0 0 0 0 0 0 0 0 
0 0 0 0 0 127.473 765.916 1389.45 2111.37 0 0 0 0 0 0 0 0 
0 0 0 0 0 0 64.5772 512.323 575.464 0 0 0 0 0 0 0 0 
0 0 0 0 0 0 55.6103 96.1632 120.756 0 0 0 0 0 0 0 0 
0 0 0 0 0 0 0 0 64.857 0 0 0 0 0 0 0 0 
0 0 0 0 0 0 0 15.8887 0 0 0 0 0 0 0 0 0 
0 0 0 0 0 0 0 0 0 0 0 0 0 0 0 0 0 
0 0 0 0 0 0 0 0 1.98608 0 0 0 0 0 0 0 0 
