1 0 0 0 0 0 0 0 0 0 0 0 0 0 0 0 0 
0 0 0 0 0 0 0 0 0 0 0 0 0 0 0 0 0 
0 16 0 0 0 0 0 0 0 0 0 0 0 0 0 0 0 
0 0 32 0 0 0 0 0 0 0 0 0 0 0 0 0 0 
0 0 88 96.2784 24.0696 0 0 0 8.00298 0 0 0 0 0 0 0 0 
0 0 0 255.443 256.491 193.333 97.7257 64.0238 0 0 0 0 0 0 0 0 0 
0 0 0 208.278 735.42 687.873 701.597 627.974 768.668 0 0 0 0 0 0 0 0 
0 0 0 0 575.407 1660.44 1822.55 1906.67 1594.7 0 0 0 0 0 0 0 0 
0 0 0 0 228.612 1249.83 2931.51 3694.7 4356.22 0 0 0 0 0 0 0 0 
0 0 0 0 0 448.875 1566.16 3133.32 3273.5 0 0 0 0 0 0 0 0 
0 0 0 0 0 127.652 768.408 1386.46 2109.36 0 0 0 0 0 0 0 0 
0 0 0 0 0 0 64.2786 514.816 574.556 0 0 0 0 0 0 0 0 
0 0 0 0 0 0 55.7776 96.0966 118.82 0 0 0 0 0 0 0 0 
0 0 0 0 0 0 0 0 64.1877 0 0 0 0 0 0 0 0 
0 0 0 0 0 0 0 15.9365 0 0 0 0 0 0 0 0 0 
0 0 0 0 0 0 0 0 0 0 0 0 0 0 0 0 0 
0 0 0 0 0 0 0 0 1.99206 0 0 0 0 0 0 0 0 
