1 0 0 0 0 0 0 0 0 0 0 0 0 0 0 0 0 
0 0 0 0 0 0 0 0 0 0 0 0 0 0 0 0 0 
0 16 0 0 0 0 0 0 0 0 0 0 0 0 0 0 0 
0 0 32 0 0 0 0 0 0 0 0 0 0 0 0 0 0 
0 0 88 95.856 23.964 0 0 0 7.81218 0 0 0 0 0 0 0 0 
0 0 0 256.288 256.054 192.419 97.0416 62.4974 0 0 0 0 0 0 0 0 0 
0 0 0 207.856 736.158 687.603 703.059 627.659 766.725 0 0 0 0 0 0 0 0 
0 0 0 0 575.665 1662.75 1820.65 1912.21 1602.8 0 0 0 0 0 0 0 0 
0 0 0 0 228.158 1248.94 2931.39 3685.75 4354.3 0 0 0 0 0 0 0 0 
0 0 0 0 0 449.379 1568.7 3139.28 3264.58 0 0 0 0 0 0 0 0 
0 0 0 0 0 126.915 767.641 1388.64 2111.66 0 0 0 0 0 0 0 0 
0 0 0 0 0 0 64.1301 513.021 576.963 0 0 0 0 0 0 0 0 
0 0 0 0 0 0 55.3795 95.1138 119.009 0 0 0 0 0 0 0 0 
0 0 0 0 0 0 0 0 64.1704 0 0 0 0 0 0 0 0 
0 0 0 0 0 0 0 15.8227 0 0 0 0 0 0 0 0 0 
0 0 0 0 0 0 0 0 0 0 0 0 0 0 0 0 0 
0 0 0 0 0 0 0 0 1.97784 0 0 0 0 0 0 0 0 
