1 0 0 0 0 0 0 0 0 0 0 0 0 0 0 0 0 
0 0 0 0 0 0 0 0 0 0 0 0 0 0 0 0 0 
0 16 0 0 0 0 0 0 0 0 0 0 0 0 0 0 0 
0 0 32 0 0 0 0 0 0 0 0 0 0 0 0 0 0 
0 0 88 96.0848 24.0212 0 0 0 7.84761 0 0 0 0 0 0 0 0 
0 0 0 255.83 255.337 191.281 95.7714 62.7809 0 0 0 0 0 0 0 0 0 
0 0 0 208.085 738.556 689.644 704.328 626.071 768.077 0 0 0 0 0 0 0 0 
0 0 0 0 572.792 1663.23 1828.77 1925.41 1605.42 0 0 0 0 0 0 0 0 
0 0 0 0 229.294 1246.21 2918.44 3669.72 4346.74 0 0 0 0 0 0 0 0 
0 0 0 0 0 450.908 1571.43 3137.43 3261.71 0 0 0 0 0 0 0 0 
0 0 0 0 0 126.726 770.194 1394.69 2121.92 0 0 0 0 0 0 0 0 
0 0 0 0 0 0 63.3287 512.391 573.071 0 0 0 0 0 0 0 0 
0 0 0 0 0 0 55.7341 95.5908 119.838 0 0 0 0 0 0 0 0 
0 0 0 0 0 0 0 0 63.3846 0 0 0 0 0 0 0 0 
0 0 0 0 0 0 0 15.924 0 0 0 0 0 0 0 0 0 
0 0 0 0 0 0 0 0 0 0 0 0 0 0 0 0 0 
0 0 0 0 0 0 0 0 1.99051 0 0 0 0 0 0 0 0 
