1 0 0 0 0 0 0 0 0 0 0 0 0 0 0 0 0 
0 0 0 0 0 0 0 0 0 0 0 0 0 0 0 0 0 
0 16 0 0 0 0 0 0 0 0 0 0 0 0 0 0 0 
0 0 32 0 0 0 0 0 0 0 0 0 0 0 0 0 0 
0 0 88 95.4453 23.8613 0 0 0 8.06198 0 0 0 0 0 0 0 0 
0 0 0 257.109 256.563 191.786 96.9459 64.4958 0 0 0 0 0 0 0 0 0 
0 0 0 207.445 734.992 688.098 700.323 621.085 768.703 0 0 0 0 0 0 0 0 
0 0 0 0 576.881 1664.68 1829.36 1926.11 1595.65 0 0 0 0 0 0 0 0 
0 0 0 0 227.702 1247.14 2925.16 3669.36 4361.45 0 0 0 0 0 0 0 0 
0 0 0 0 0 448.375 1567 3147.96 3266.89 0 0 0 0 0 0 0 0 
0 0 0 0 0 127.928 769.41 1387.62 2103.51 0 0 0 0 0 0 0 0 
0 0 0 0 0 0 64.1758 510.685 579.553 0 0 0 0 0 0 0 0 
0 0 0 0 0 0 55.623 96.79 120.132 0 0 0 0 0 0 0 0 
0 0 0 0 0 0 0 0 64.0614 0 0 0 0 0 0 0 0 
0 0 0 0 0 0 0 15.8923 0 0 0 0 0 0 0 0 0 
0 0 0 0 0 0 0 0 0 0 0 0 0 0 0 0 0 
0 0 0 0 0 0 0 0 1.98654 0 0 0 0 0 0 0 0 
