1 0 0 0 0 0 0 0 0 0 0 0 0 0 0 0 0 
0 0 0 0 0 0 0 0 0 0 0 0 0 0 0 0 0 
0 16 0 0 0 0 0 0 0 0 0 0 0 0 0 0 0 
0 0 32 0 0 0 0 0 0 0 0 0 0 0 0 0 0 
0 0 88 96.5248 24.1312 0 0 0 8.02783 0 0 0 0 0 0 0 0 
0 0 0 254.95 256.768 192.631 95.5587 64.2227 0 0 0 0 0 0 0 0 0 
0 0 0 208.525 734.577 689.228 704.584 624.289 771.04 0 0 0 0 0 0 0 0 
0 0 0 0 576.017 1660.58 1822.93 1918.96 1598.34 0 0 0 0 0 0 0 0 
0 0 0 0 228.507 1249.36 2930.26 3679.69 4351.08 0 0 0 0 0 0 0 0 
0 0 0 0 0 447.473 1567.42 3137.77 3266.46 0 0 0 0 0 0 0 0 
0 0 0 0 0 128.727 766.824 1390.89 2115.05 0 0 0 0 0 0 0 0 
0 0 0 0 0 0 63.9472 512.291 572.683 0 0 0 0 0 0 0 0 
0 0 0 0 0 0 56.4661 95.7462 120.791 0 0 0 0 0 0 0 0 
0 0 0 0 0 0 0 0 64.5272 0 0 0 0 0 0 0 0 
0 0 0 0 0 0 0 16.1332 0 0 0 0 0 0 0 0 0 
0 0 0 0 0 0 0 0 0 0 0 0 0 0 0 0 0 
0 0 0 0 0 0 0 0 2.01665 0 0 0 0 0 0 0 0 
