1 0 0 0 0 0 0 0 0 0 0 0 0 0 0 0 0 
0 0 0 0 0 0 0 0 0 0 0 0 0 0 0 0 0 
0 16 0 0 0 0 0 0 0 0 0 0 0 0 0 0 0 
0 0 32 0 0 0 0 0 0 0 0 0 0 0 0 0 0 
0 0 88 96.208 24.052 0 0 0 8.12259 0 0 0 0 0 0 0 0 
0 0 0 255.584 256.307 192.442 95.8445 64.9807 0 0 0 0 0 0 0 0 0 
0 0 0 208.208 735.104 685.343 704.432 624.317 766.928 0 0 0 0 0 0 0 0 
0 0 0 0 576.664 1667.85 1821.85 1919.98 1593.43 0 0 0 0 0 0 0 0 
0 0 0 0 227.873 1246.49 2931.44 3679.45 4366.69 0 0 0 0 0 0 0 0 
0 0 0 0 0 447.883 1566.88 3133.21 3264.98 0 0 0 0 0 0 0 0 
0 0 0 0 0 127.992 767.131 1391.91 2109.95 0 0 0 0 0 0 0 0 
0 0 0 0 0 0 64.5975 513.969 572.948 0 0 0 0 0 0 0 0 
0 0 0 0 0 0 55.83 96.2253 120.701 0 0 0 0 0 0 0 0 
0 0 0 0 0 0 0 0 64.2579 0 0 0 0 0 0 0 0 
0 0 0 0 0 0 0 15.9514 0 0 0 0 0 0 0 0 0 
0 0 0 0 0 0 0 0 0 0 0 0 0 0 0 0 0 
0 0 0 0 0 0 0 0 1.99393 0 0 0 0 0 0 0 0 
