1 0 0 0 0 0 0 0 0 0 0 0 0 0 0 0 0 
0 0 0 0 0 0 0 0 0 0 0 0 0 0 0 0 0 
0 16 0 0 0 0 0 0 0 0 0 0 0 0 0 0 0 
0 0 32 0 0 0 0 0 0 0 0 0 0 0 0 0 0 
0 0 88 96.0027 24.0007 0 0 0 7.78182 0 0 0 0 0 0 0 0 
0 0 0 255.995 255.949 191.129 95.1226 62.2546 0 0 0 0 0 0 0 0 0 
0 0 0 208.003 736.861 688.625 703.141 626.522 770.712 0 0 0 0 0 0 0 0 
0 0 0 0 574.428 1665.66 1830.25 1924.08 1595.85 0 0 0 0 0 0 0 0 
0 0 0 0 228.761 1246.19 2924.31 3672.09 4362.23 0 0 0 0 0 0 0 0 
0 0 0 0 0 448.494 1564.02 3140.69 3252.27 0 0 0 0 0 0 0 0 
0 0 0 0 0 127.9 771.516 1387.19 2119.45 0 0 0 0 0 0 0 0 
0 0 0 0 0 0 63.7229 515.851 577.544 0 0 0 0 0 0 0 0 
0 0 0 0 0 0 55.9181 95.3504 118.236 0 0 0 0 0 0 0 0 
0 0 0 0 0 0 0 0 63.9376 0 0 0 0 0 0 0 0 
0 0 0 0 0 0 0 15.9766 0 0 0 0 0 0 0 0 0 
0 0 0 0 0 0 0 0 0 0 0 0 0 0 0 0 0 
0 0 0 0 0 0 0 0 1.99707 0 0 0 0 0 0 0 0 
