1 0 0 0 0 0 0 0 0 0 0 0 0 0 0 0 0 
0 0 0 0 0 0 0 0 0 0 0 0 0 0 0 0 0 
0 16 0 0 0 0 0 0 0 0 0 0 0 0 0 0 0 
0 0 32 0 0 0 0 0 0 0 0 0 0 0 0 0 0 
0 0 88 95.7152 23.9288 0 0 0 7.93341 0 0 0 0 0 0 0 0 
0 0 0 256.57 256.483 190.562 95.7044 63.4673 0 0 0 0 0 0 0 0 0 
0 0 0 207.715 735.273 688.913 701.226 623.338 763.589 0 0 0 0 0 0 0 0 
0 0 0 0 576.291 1665.42 1830.18 1916.5 1596.37 0 0 0 0 0 0 0 0 
0 0 0 0 228.025 1247.73 2927.9 3686.48 4364.95 0 0 0 0 0 0 0 0 
0 0 0 0 0 447.832 1562.52 3139.59 3272.27 0 0 0 0 0 0 0 0 
0 0 0 0 0 127.548 770.117 1385.98 2105.24 0 0 0 0 0 0 0 0 
0 0 0 0 0 0 64.3907 512.517 573.894 0 0 0 0 0 0 0 0 
0 0 0 0 0 0 55.9552 96.137 119.938 0 0 0 0 0 0 0 0 
0 0 0 0 0 0 0 0 63.8231 0 0 0 0 0 0 0 0 
0 0 0 0 0 0 0 15.9872 0 0 0 0 0 0 0 0 0 
0 0 0 0 0 0 0 0 0 0 0 0 0 0 0 0 0 
0 0 0 0 0 0 0 0 1.9984 0 0 0 0 0 0 0 0 
