1 0 0 0 0 0 0 0 0 0 0 0 0 0 0 0 1 
0 0 0 0 0 0 0 0 0 0 0 0 0 0 0 0 0 
0 16 0 0 0 0 0 0 0 0 0 0 0 0 0 16 0 
0 0 26.724 0 0 0 0 0 0 0 0 0 0 0 38.4986 0 0 
0 0 93.276 90.0515 22.1051 0 0 0 6.08838 0 0 0 31.3991 91.6112 81.5014 0 0 
0 0 0 260.573 209.727 139.082 70.7686 56.8103 0 37.1551 98.5006 167.673 228.413 245.164 0 0 0 
0 0 0 209.376 803.967 541.551 574.308 556.111 671.496 701.066 774.767 622.979 583.272 223.225 0 0 0 
0 0 0 0 519.08 1775.68 2004.53 1233.79 1466.68 1966.19 2009.59 1541.89 692.652 0 0 0 0 
0 0 0 0 265.12 1340.35 3056.55 3860.18 4310.82 3731.17 2746.79 1382.14 284.264 0 0 0 0 
0 0 0 0 0 456.032 1443.81 3741.41 3153.86 2645.79 1516.92 516.468 0 0 0 0 0 
0 0 0 0 0 115.303 749.039 1272.95 2236.42 1790.23 705.434 136.85 0 0 0 0 0 
0 0 0 0 0 0 49.4045 610.768 797.421 438.716 88.2954 0 0 0 0 0 0 
0 0 0 0 0 0 59.5932 92.2122 147.508 112.671 67.6984 0 0 0 0 0 0 
0 0 0 0 0 0 0 0 77.7313 0 0 0 0 0 0 0 0 
0 0 0 0 0 0 0 15.7757 0 17.0109 0 0 0 0 0 0 0 
0 0 0 0 0 0 0 0 0 0 0 0 0 0 0 0 0 
0 0 0 0 0 0 0 0 1.97661 0 0 0 0 0 0 0 0 
