1 0 0 0 0 0 0 0 0 0 0 0 0 0 0 0 1 
0 0 0 0 0 0 0 0 0 0 0 0 0 0 0 0 0 
0 16 0 0 0 0 0 0 0 0 0 0 0 0 0 16 0 
0 0 40.1507 0 0 0 0 0 0 0 0 0 0 0 40.5693 0 0 
0 0 79.8493 99.9324 13.5512 0 0 0 9.66356 0 0 0 33.3191 128.571 79.4307 0 0 
0 0 0 284.681 211.977 140.708 131.615 45.4665 0 76.769 102.305 177.233 283.37 255.694 0 0 0 
0 0 0 175.387 751.523 737.256 589.858 657.766 767.672 695.01 940.781 886.11 914.731 175.736 0 0 0 
0 0 0 0 652.934 1714.17 2058.81 2057.97 1625.16 2278.85 2153.47 1681.54 432.088 0 0 0 0 
0 0 0 0 190.015 1314.3 2858.37 3726.5 4928.24 4257.45 2722.24 1249.61 156.492 0 0 0 0 
0 0 0 0 0 370.716 1554.07 3041.48 2989.13 2542.24 1368.83 306.231 0 0 0 0 0 
0 0 0 0 0 90.8478 722.709 1287.84 1841.55 1145.88 626.696 67.2701 0 0 0 0 0 
0 0 0 0 0 0 54.8653 512.269 519.433 354.976 46.8387 0 0 0 0 0 0 
0 0 0 0 0 0 37.7084 100.872 139.803 74.407 46.8387 0 0 0 0 0 0 
0 0 0 0 0 0 0 0 47.5657 0 0 0 0 0 0 0 0 
0 0 0 0 0 0 0 9.83281 0 14.4245 0 0 0 0 0 0 0 
0 0 0 0 0 0 0 0 0 0 0 0 0 0 0 0 0 
0 0 0 0 0 0 0 0 1.78758 0 0 0 0 0 0 0 0 
