1 0 0 0 0 0 0 0 0 0 0 0 0 0 0 0 1 
0 0 0 0 0 0 0 0 0 0 0 0 0 0 0 0 0 
0 16 0 0 0 0 0 0 0 0 0 0 0 0 0 16 0 
0 0 33.4714 0 0 0 0 0 0 0 0 0 0 0 32.4861 0 0 
0 0 86.5286 99.3912 25.1198 0 0 0 6.84711 0 0 0 24.2032 103.895 87.5139 0 0 
0 0 0 256.616 275.025 202.232 96.6459 59.339 0 63.3712 97.1405 191.182 255.345 246.063 0 0 0 
0 0 0 203.993 732.684 708.729 712.92 617.621 781.948 649.764 726.092 698.951 720.774 210.042 0 0 0 
0 0 0 0 571.887 1669.74 1923.73 1957.31 1643.3 1898.13 1783.53 1635.38 599.201 0 0 0 0 
0 0 0 0 215.284 1219.24 2919.13 3686.64 4287.86 3657.92 2878.21 1256.45 220.477 0 0 0 0 
0 0 0 0 0 445.708 1498.27 3095.97 3192.71 3146.39 1611.3 461.926 0 0 0 0 0 
0 0 0 0 0 122.35 739.997 1419.02 2196.37 1401.56 793.467 124.111 0 0 0 0 0 
0 0 0 0 0 0 63.037 494.14 581.475 511.684 63.5752 0 0 0 0 0 0 
0 0 0 0 0 0 54.2644 94.5115 115.461 96.3222 54.6888 0 0 0 0 0 0 
0 0 0 0 0 0 0 0 62.0529 0 0 0 0 0 0 0 0 
0 0 0 0 0 0 0 15.4419 0 14.8706 0 0 0 0 0 0 0 
0 0 0 0 0 0 0 0 0 0 0 0 0 0 0 0 0 
0 0 0 0 0 0 0 0 1.97874 0 0 0 0 0 0 0 0 
