1 0 0 0 0 0 0 0 0 0 0 0 0 0 0 0 1 
0 0 0 0 0 0 0 0 0 0 0 0 0 0 0 0 0 
0 16 0 0 0 0 0 0 0 0 0 0 0 0 0 16 0 
0 0 32.5537 0 0 0 0 0 0 0 0 0 0 0 32.0415 0 0 
0 0 87.4463 99.4604 27.1319 0 0 0 8.32786 0 0 0 23.6688 97.2451 87.9585 0 0 
0 0 0 250.598 261.604 197.976 97.182 62.562 0 62.7561 93.3475 191.874 257.575 252.077 0 0 0 
0 0 0 209.942 717.973 694.006 720.908 612.995 767.053 620.992 662.888 662.726 723.565 210.678 0 0 0 
0 0 0 0 582.372 1630.48 1849.07 1981.37 1562.83 1883.9 1775.71 1624.09 572.416 0 0 0 0 
0 0 0 0 230.918 1248.45 2835.5 3569.68 4286.91 3579.05 2970.73 1297.84 242.776 0 0 0 0 
0 0 0 0 0 459.665 1563.17 3095.34 3266.01 3218.33 1602.96 455.364 0 0 0 0 0 
0 0 0 0 0 137.423 815.84 1437.85 2158.81 1448.2 778.968 136.107 0 0 0 0 0 
0 0 0 0 0 0 64.9026 559.831 610.262 504.342 63.4402 0 0 0 0 0 0 
0 0 0 0 0 0 61.4214 101.578 138.522 105.863 59.9525 0 0 0 0 0 0 
0 0 0 0 0 0 0 0 69.0725 0 0 0 0 0 0 0 0 
0 0 0 0 0 0 0 18.7945 0 16.5705 0 0 0 0 0 0 0 
0 0 0 0 0 0 0 0 0 0 0 0 0 0 0 0 0 
0 0 0 0 0 0 0 0 2.20206 0 0 0 0 0 0 0 0 
