1 0 0 0 0 0 0 0 0 0 0 0 0 0 0 0 1 
0 0 0 0 0 0 0 0 0 0 0 0 0 0 0 0 0 
0 16 0 0 0 0 0 0 0 0 0 0 0 0 0 16 0 
0 0 31.6425 0 0 0 0 0 0 0 0 0 0 0 32.0834 0 0 
0 0 88.3575 98.5482 25.0912 0 0 0 7.72481 0 0 0 23.8525 94.077 87.9166 0 0 
0 0 0 254.751 269.892 203.004 100.127 62.8905 0 56.2454 90.0363 186.126 249.362 253.369 0 0 0 
0 0 0 206.701 733.844 670.585 709.137 600.117 782.614 628.131 712.988 656.986 718.601 212.554 0 0 0 
0 0 0 0 562.647 1663.81 1851.6 1970.07 1616.16 1859.42 1727.82 1649.16 592.376 0 0 0 0 
0 0 0 0 228.527 1262.57 2913.67 3659.84 4248.19 3672.59 2996.87 1285.98 235.808 0 0 0 0 
0 0 0 0 0 444.249 1571.76 3179.46 3428.82 3255.97 1572.14 463.751 0 0 0 0 0 
0 0 0 0 0 123.78 748.316 1348.23 2056.84 1372.18 788.457 126 0 0 0 0 0 
0 0 0 0 0 0 58.9847 511.57 547.129 485.059 66.23 0 0 0 0 0 0 
0 0 0 0 0 0 54.4101 92.3236 118.658 94.7006 53.4619 0 0 0 0 0 0 
0 0 0 0 0 0 0 0 61.8808 0 0 0 0 0 0 0 0 
0 0 0 0 0 0 0 15.4992 0 15.6975 0 0 0 0 0 0 0 
0 0 0 0 0 0 0 0 0 0 0 0 0 0 0 0 0 
0 0 0 0 0 0 0 0 1.97716 0 0 0 0 0 0 0 0 
