1 0 0 0 0 0 0 0 0 0 0 0 0 0 0 0 1 
0 0 0 0 0 0 0 0 0 0 0 0 0 0 0 0 0 
0 16 0 0 0 0 0 0 0 0 0 0 0 0 0 16 0 
0 0 32.0535 0 0 0 0 0 0 0 0 0 0 0 32.3158 0 0 
0 0 87.9465 96.6148 24.467 0 0 0 7.99347 0 0 0 24.2573 96.9509 87.6842 0 0 
0 0 0 256.39 258.88 194.656 97.5923 65.118 0 63.6041 94.8648 191.497 255.103 256.119 0 0 0 
0 0 0 206.995 734.74 692.425 705.69 625.649 769.153 622.15 708.132 688.872 736.86 206.931 0 0 0 
0 0 0 0 575.254 1663.35 1820.34 1926.34 1599.83 1923.06 1822.07 1658.4 577.416 0 0 0 0 
0 0 0 0 226.659 1250.3 2935.96 3672.77 4339.3 3665.13 2921.05 1252.36 226.364 0 0 0 0 
0 0 0 0 0 440.939 1571.24 3147.63 3268.39 3143.86 1571.85 449.422 0 0 0 0 0 
0 0 0 0 0 126.329 757.881 1382.76 2125.35 1400.26 771.372 127.444 0 0 0 0 0 
0 0 0 0 0 0 63.8222 508.238 574.884 511.524 63.0279 0 0 0 0 0 0 
0 0 0 0 0 0 55.4717 95.6029 119.692 94.5229 55.6296 0 0 0 0 0 0 
0 0 0 0 0 0 0 0 63.4411 0 0 0 0 0 0 0 0 
0 0 0 0 0 0 0 15.8971 0 15.887 0 0 0 0 0 0 0 
0 0 0 0 0 0 0 0 0 0 0 0 0 0 0 0 0 
0 0 0 0 0 0 0 0 1.96637 0 0 0 0 0 0 0 0 
