1 0 0 0 0 0 0 0 0 0 0 0 0 0 0 0 1 
0 0 0 0 0 0 0 0 0 0 0 0 0 0 0 0 0 
0 16 0 0 0 0 0 0 0 0 0 0 0 0 0 16 0 
0 0 32.0714 0 0 0 0 0 0 0 0 0 0 0 31.6166 0 0 
0 0 87.9286 96.8183 24.1233 0 0 0 8.05101 0 0 0 23.6623 94.9891 88.3834 0 0 
0 0 0 254.942 256.035 191.78 96.9931 64.0358 0 65.1613 96.2758 189.276 255.487 256.612 0 0 0 
0 0 0 208.24 736.377 691.502 704.694 626.496 772.754 629.235 707.933 693.399 737.663 208.399 0 0 0 
0 0 0 0 575.209 1667.61 1833.48 1922.48 1611.59 1918.14 1824.45 1667.34 576.407 0 0 0 0 
0 0 0 0 228.255 1242.8 2930.52 3687.69 4360.75 3690.16 2936.09 1241.35 226.781 0 0 0 0 
0 0 0 0 0 446.706 1559.69 3144.78 3252.72 3142.57 1561.42 448.978 0 0 0 0 0 
0 0 0 0 0 127.599 763.76 1380.45 2110.43 1376.26 762.241 127.653 0 0 0 0 0 
0 0 0 0 0 0 63.8518 502.414 568.647 506.709 63.4279 0 0 0 0 0 0 
0 0 0 0 0 0 55.0134 95.7879 119.417 95.6971 56.1606 0 0 0 0 0 0 
0 0 0 0 0 0 0 0 63.6613 0 0 0 0 0 0 0 0 
0 0 0 0 0 0 0 15.8551 0 16.0596 0 0 0 0 0 0 0 
0 0 0 0 0 0 0 0 0 0 0 0 0 0 0 0 0 
0 0 0 0 0 0 0 0 1.98074 0 0 0 0 0 0 0 0 
