1 0 0 0 0 0 0 0 0 0 0 0 0 0 0 0 1 
0 0 0 0 0 0 0 0 0 0 0 0 0 0 0 0 0 
0 16 0 0 0 0 0 0 0 0 0 0 0 0 0 16 0 
0 0 31.9668 0 0 0 0 0 0 0 0 0 0 0 32.0926 0 0 
0 0 88.0332 96.2023 23.754 0 0 0 8.13132 0 0 0 23.9061 95.1405 87.9074 0 0 
0 0 0 256.044 255.294 190.299 96.1194 64.3934 0 64.9705 96.9285 191.441 255.42 256.688 0 0 0 
0 0 0 207.753 733.652 689.995 701.197 623.568 767.507 618.948 702.229 689.309 737.819 208.171 0 0 0 
0 0 0 0 578.571 1657.34 1820.21 1913.5 1609.81 1930.21 1830.02 1659.13 574.711 0 0 0 0 
0 0 0 0 228.729 1251.98 2924.76 3678.59 4350.08 3692.91 2932.41 1252.53 228.144 0 0 0 0 
0 0 0 0 0 449.338 1574.44 3129.27 3259.4 3124.96 1563.85 446.944 0 0 0 0 0 
0 0 0 0 0 129.054 771.22 1402.3 2110.54 1385.02 762.774 128.651 0 0 0 0 0 
0 0 0 0 0 0 63.0982 515.515 577.28 511.126 63.7635 0 0 0 0 0 0 
0 0 0 0 0 0 56.955 96.6733 120.776 95.71 56.0235 0 0 0 0 0 0 
0 0 0 0 0 0 0 0 64.4427 0 0 0 0 0 0 0 0 
0 0 0 0 0 0 0 16.194 0 16.1438 0 0 0 0 0 0 0 
0 0 0 0 0 0 0 0 0 0 0 0 0 0 0 0 0 
0 0 0 0 0 0 0 0 2.03737 0 0 0 0 0 0 0 0 
