1 0 0 0 0 0 0 0 0 0 0 0 0 0 0 0 1 
0 0 0 0 0 0 0 0 0 0 0 0 0 0 0 0 0 
0 16 0 0 0 0 0 0 0 0 0 0 0 0 0 16 0 
0 0 31.9754 0 0 0 0 0 0 0 0 0 0 0 31.9303 0 0 
0 0 88.0246 96.1476 23.867 0 0 0 7.8169 0 0 0 23.8523 95.6075 88.0697 0 0 
0 0 0 255.739 255.524 189.611 95.3038 63.7738 0 64.0529 95.9318 191.857 255.604 257.233 0 0 0 
0 0 0 208.114 734.852 684.734 698.235 614.766 767.771 624.849 704.081 684.555 734.352 207.16 0 0 0 
0 0 0 0 576.836 1664.67 1824.17 1915.14 1591.46 1923.64 1820.63 1665.94 578.029 0 0 0 0 
0 0 0 0 228.921 1251.1 2926.25 3668.24 4349.72 3665.23 2928.28 1247.58 228.163 0 0 0 0 
0 0 0 0 0 448.238 1575.39 3145.85 3270.94 3144.66 1569.43 449.772 0 0 0 0 0 
0 0 0 0 0 129.645 767.622 1406.57 2116.39 1394.05 769.175 128.303 0 0 0 0 0 
0 0 0 0 0 0 64.4867 513.311 579.562 510.696 64.437 0 0 0 0 0 0 
0 0 0 0 0 0 56.5355 96.2249 119.991 96.742 56.0369 0 0 0 0 0 0 
0 0 0 0 0 0 0 0 64.3273 0 0 0 0 0 0 0 0 
0 0 0 0 0 0 0 16.1216 0 16.075 0 0 0 0 0 0 0 
0 0 0 0 0 0 0 0 0 0 0 0 0 0 0 0 0 
0 0 0 0 0 0 0 0 2.0227 0 0 0 0 0 0 0 0 
