1 0 0 0 0 0 0 0 0 0 0 0 0 0 0 0 1 
0 0 0 0 0 0 0 0 0 0 0 0 0 0 0 0 0 
0 16 0 0 0 0 0 0 0 0 0 0 0 0 0 16 0 
0 0 32.0581 0 0 0 0 0 0 0 0 0 0 0 32.2427 0 0 
0 0 87.9419 96.1318 24.2061 0 0 0 7.97179 0 0 0 23.6661 95.8333 87.7573 0 0 
0 0 0 256.236 257.087 194.251 97.0307 64.0248 0 63.731 94.7176 189.589 256.094 255.234 0 0 0 
0 0 0 207.633 736.979 690.322 706.389 624.928 764.683 619.389 700.013 682.392 735.445 208.933 0 0 0 
0 0 0 0 574.556 1666.01 1831.62 1917.17 1592.57 1907.5 1816.25 1665.01 577.037 0 0 0 0 
0 0 0 0 227.173 1245.88 2925.58 3684.7 4375.94 3699.6 2940.87 1252.41 227.757 0 0 0 0 
0 0 0 0 0 444.727 1563.04 3142.71 3264.3 3144.56 1570.73 450.456 0 0 0 0 0 
0 0 0 0 0 126.815 764.64 1386.1 2109.14 1384.19 766.436 128.137 0 0 0 0 0 
0 0 0 0 0 0 64.0571 508.606 571.02 509.784 63.2613 0 0 0 0 0 0 
0 0 0 0 0 0 55.6504 95.6444 118.795 95.466 55.7207 0 0 0 0 0 0 
0 0 0 0 0 0 0 0 63.5904 0 0 0 0 0 0 0 0 
0 0 0 0 0 0 0 16.1163 0 15.7693 0 0 0 0 0 0 0 
0 0 0 0 0 0 0 0 0 0 0 0 0 0 0 0 0 
0 0 0 0 0 0 0 0 1.99034 0 0 0 0 0 0 0 0 
