1 0 0 0 0 0 0 0 0 0 0 0 0 0 0 0 1 
0 0 0 0 0 0 0 0 0 0 0 0 0 0 0 0 0 
0 16 0 0 0 0 0 0 0 0 0 0 0 0 0 16 0 
0 0 32.0044 0 0 0 0 0 0 0 0 0 0 0 31.9722 0 0 
0 0 87.9956 95.4692 24.0953 0 0 0 8.03019 0 0 0 24.1304 95.8418 88.0278 0 0 
0 0 0 257.803 255.044 194.893 96.2908 64.1365 0 64.2055 97.4608 191.942 255.967 255.229 0 0 0 
0 0 0 206.728 740.804 687.485 705.455 626.458 770.215 619.684 699.789 687.896 735.696 208.929 0 0 0 
0 0 0 0 573.043 1665.48 1824.82 1922.4 1595.86 1918.54 1823.78 1663.65 575.291 0 0 0 0 
0 0 0 0 227.014 1244.82 2919.7 3675.28 4365.89 3692.05 2931.87 1247.56 228.915 0 0 0 0 
0 0 0 0 0 449.373 1574.85 3133.34 3259.34 3124.91 1569.63 447.595 0 0 0 0 0 
0 0 0 0 0 125.957 767.507 1393.19 2104.33 1396.05 765.992 129.353 0 0 0 0 0 
0 0 0 0 0 0 64.2836 512.018 580.201 512.835 62.9302 0 0 0 0 0 0 
0 0 0 0 0 0 55.0938 97.188 119.689 95.7681 56.5533 0 0 0 0 0 0 
0 0 0 0 0 0 0 0 64.4337 0 0 0 0 0 0 0 0 
0 0 0 0 0 0 0 15.999 0 15.9554 0 0 0 0 0 0 0 
0 0 0 0 0 0 0 0 0 0 0 0 0 0 0 0 0 
0 0 0 0 0 0 0 0 2.00361 0 0 0 0 0 0 0 0 
