1 0 0 0 0 0 0 0 0 0 0 0 0 0 0 0 1 
0 0 0 0 0 0 0 0 0 0 0 0 0 0 0 0 0 
0 16 0 0 0 0 0 0 0 0 0 0 0 0 0 16 0 
0 0 31.7048 0 0 0 0 0 0 0 0 0 0 0 32.1051 0 0 
0 0 88.2952 96.4632 23.5347 0 0 0 8.15423 0 0 0 24.1768 96.3433 87.8949 0 0 
0 0 0 255.687 257.627 191.827 95.1078 64.2502 0 64.6247 96.4625 193.036 254.575 255.288 0 0 0 
0 0 0 207.85 735.694 684.584 701.503 628.163 773.295 624.291 704.775 688.5 737.503 208.369 0 0 0 
0 0 0 0 574.711 1662.55 1824.96 1915.81 1602.61 1919.52 1817.03 1668.34 575.526 0 0 0 0 
0 0 0 0 228.433 1255.4 2925.05 3671.58 4346.59 3673.76 2941.02 1245.84 228.22 0 0 0 0 
0 0 0 0 0 446.447 1575.8 3140.57 3260.22 3148.24 1564.9 444.814 0 0 0 0 0 
0 0 0 0 0 127.187 766.534 1393.87 2115.03 1388.75 764.198 127.467 0 0 0 0 0 
0 0 0 0 0 0 63.5792 514.329 576.676 508.957 64.1423 0 0 0 0 0 0 
0 0 0 0 0 0 55.464 95.4117 121.722 95.8668 55.464 0 0 0 0 0 0 
0 0 0 0 0 0 0 0 63.701 0 0 0 0 0 0 0 0 
0 0 0 0 0 0 0 16.0119 0 15.9875 0 0 0 0 0 0 0 
0 0 0 0 0 0 0 0 0 0 0 0 0 0 0 0 0 
0 0 0 0 0 0 0 0 2.00295 0 0 0 0 0 0 0 0 
