1 0 0 0 0 0 0 0 0 0 0 0 0 0 0 0 1 
0 0 0 0 0 0 0 0 0 0 0 0 0 0 0 0 0 
0 16 0 0 0 0 0 0 0 0 0 0 0 0 0 16 0 
0 0 31.9139 0 0 0 0 0 0 0 0 0 0 0 31.6682 0 0 
0 0 88.0861 96.1955 23.964 0 0 0 7.98278 0 0 0 24.3594 95.6223 88.3318 0 0 
0 0 0 256.104 256.719 191.902 95.261 63.4576 0 63.6889 94.7215 191.272 256.037 254.019 0 0 0 
0 0 0 207.7 736.722 687.374 699.744 621.645 767.047 625.437 704.918 682.581 735.203 210.358 0 0 0 
0 0 0 0 575.311 1661.17 1824.52 1928.91 1607.84 1910.09 1820.49 1661.54 574.923 0 0 0 0 
0 0 0 0 227.284 1250.9 2926.99 3682.89 4346.61 3675.51 2927.79 1253.81 229.478 0 0 0 0 
0 0 0 0 0 449.918 1575.55 3124.1 3264.62 3137.31 1568.66 450.189 0 0 0 0 0 
0 0 0 0 0 126.733 766.282 1392.93 2108.98 1399.48 770.889 128.61 0 0 0 0 0 
0 0 0 0 0 0 64.4617 513.541 579.272 515.515 64.2592 0 0 0 0 0 0 
0 0 0 0 0 0 55.1842 96.4532 121.24 96.7325 56.2793 0 0 0 0 0 0 
0 0 0 0 0 0 0 0 64.3687 0 0 0 0 0 0 0 0 
0 0 0 0 0 0 0 16.0733 0 16.243 0 0 0 0 0 0 0 
0 0 0 0 0 0 0 0 0 0 0 0 0 0 0 0 0 
0 0 0 0 0 0 0 0 2.03733 0 0 0 0 0 0 0 0 
