1 0 0 0 0 0 0 0 0 0 0 0 0 0 0 0 1 
0 0 0 0 0 0 0 0 0 0 0 0 0 0 0 0 0 
0 16 0 0 0 0 0 0 0 0 0 0 0 0 0 16 0 
0 0 32.1346 0 0 0 0 0 0 0 0 0 0 0 32.0743 0 0 
0 0 87.8654 96.4841 24.0535 0 0 0 8.00182 0 0 0 24.5 96.3025 87.9257 0 0 
0 0 0 256.387 257.867 194.263 97.491 64.7924 0 63.7645 95.6394 193.191 256.749 255.776 0 0 0 
0 0 0 207.129 735.817 685.691 708.668 624.528 771.58 621.999 703.898 688.622 735.428 207.922 0 0 0 
0 0 0 0 575.517 1663.11 1822.53 1914.54 1595.77 1910.75 1823.04 1662.01 576.417 0 0 0 0 
0 0 0 0 226.745 1248.96 2926.74 3680.77 4347.95 3670.73 2924.8 1249.94 226.906 0 0 0 0 
0 0 0 0 0 447.927 1559.59 3130.98 3264.03 3147.61 1569.93 447.446 0 0 0 0 0 
0 0 0 0 0 128.048 772.227 1393.48 2117.05 1396.57 771.125 126.793 0 0 0 0 0 
0 0 0 0 0 0 65.0213 517.286 579.017 516.214 63.7378 0 0 0 0 0 0 
0 0 0 0 0 0 55.7295 97.8603 120.549 96.5566 55.8277 0 0 0 0 0 0 
0 0 0 0 0 0 0 0 64.0573 0 0 0 0 0 0 0 0 
0 0 0 0 0 0 0 15.7567 0 15.807 0 0 0 0 0 0 0 
0 0 0 0 0 0 0 0 0 0 0 0 0 0 0 0 0 
0 0 0 0 0 0 0 0 2.00074 0 0 0 0 0 0 0 0 
