1 0 0 0 0 0 0 0 0 0 0 0 0 0 0 0 1 
0 0 0 0 0 0 0 0 0 0 0 0 0 0 0 0 0 
0 16 0 0 0 0 0 0 0 0 0 0 0 0 0 16 0 
0 0 31.6142 0 0 0 0 0 0 0 0 0 0 0 32.071 0 0 
0 0 88.3858 95.7935 24.0118 0 0 0 8.0733 0 0 0 23.7727 96.5318 87.929 0 0 
0 0 0 256.482 255.338 191.999 96.1451 64.3081 0 63.7806 94.6416 190.809 254.568 256.025 0 0 0 
0 0 0 207.724 739.251 685.95 700.999 620.38 762.95 620.572 703.153 682.043 736.629 207.443 0 0 0 
0 0 0 0 573.336 1672.44 1828.63 1911.55 1587.55 1904.51 1815.62 1666.83 578.257 0 0 0 0 
0 0 0 0 228.064 1247.28 2931.17 3688.65 4354.64 3677.71 2929.29 1251.98 226.774 0 0 0 0 
0 0 0 0 0 442.761 1561.8 3133.1 3280.04 3141.34 1573.42 448.518 0 0 0 0 0 
0 0 0 0 0 127.571 769.181 1395.09 2109.02 1402.78 771.25 127.816 0 0 0 0 0 
0 0 0 0 0 0 63.9673 513.96 581.388 517.235 64.3659 0 0 0 0 0 0 
0 0 0 0 0 0 56.1117 96.8817 119.982 96.0533 56.2524 0 0 0 0 0 0 
0 0 0 0 0 0 0 0 64.3255 0 0 0 0 0 0 0 0 
0 0 0 0 0 0 0 16.0827 0 16.0267 0 0 0 0 0 0 0 
0 0 0 0 0 0 0 0 0 0 0 0 0 0 0 0 0 
0 0 0 0 0 0 0 0 2.0237 0 0 0 0 0 0 0 0 
