1 0 0 0 0 0 0 0 0 0 0 0 0 0 0 0 1 
0 0 0 0 0 0 0 0 0 0 0 0 0 0 0 0 0 
0 16 0 0 0 0 0 0 0 0 0 0 0 0 0 16 0 
0 0 32.037 0 0 0 0 0 0 0 0 0 0 0 32.0474 0 0 
0 0 87.963 96.2201 24.362 0 0 0 8.02806 0 0 0 24.0939 95.7304 87.9526 0 0 
0 0 0 256.08 256.819 193.733 97.2385 64.9865 0 64.2767 97.4493 192.573 254.455 256.117 0 0 0 
0 0 0 207.7 739.941 694.748 705.863 625.588 765.757 627.712 706.606 683.326 731.72 208.152 0 0 0 
0 0 0 0 571.799 1661.2 1831.68 1918.91 1603.4 1909.27 1813.05 1660.13 579.103 0 0 0 0 
0 0 0 0 227.078 1241.44 2920.46 3674.88 4341.69 3679.27 2922.82 1248.42 230.629 0 0 0 0 
0 0 0 0 0 448.378 1562.11 3135.67 3256.84 3122.89 1567.94 454.409 0 0 0 0 0 
0 0 0 0 0 128.502 770.028 1392.45 2126.1 1402.9 779.413 129.142 0 0 0 0 0 
0 0 0 0 0 0 64.4947 514.563 580.747 520.289 64.6898 0 0 0 0 0 0 
0 0 0 0 0 0 56.1307 96.9583 120.852 97.4629 56.0442 0 0 0 0 0 0 
0 0 0 0 0 0 0 0 64.6253 0 0 0 0 0 0 0 0 
0 0 0 0 0 0 0 16.0004 0 15.9313 0 0 0 0 0 0 0 
0 0 0 0 0 0 0 0 0 0 0 0 0 0 0 0 0 
0 0 0 0 0 0 0 0 1.9703 0 0 0 0 0 0 0 0 
