1 0 0 0 0 0 0 0 0 0 0 0 0 0 0 0 1 
0 0 0 0 0 0 0 0 0 0 0 0 0 0 0 0 0 
0 16 0 0 0 0 0 0 0 0 0 0 0 0 0 16 0 
0 0 32.0706 0 0 0 0 0 0 0 0 0 0 0 31.881 0 0 
0 0 87.9294 95.8718 23.9985 0 0 0 7.92552 0 0 0 23.992 95.9964 88.119 0 0 
0 0 0 256.063 255.553 191.565 95.7659 63.8634 0 63.7248 95.7514 191.533 256.197 256.145 0 0 0 
0 0 0 208.065 735.947 688.271 702.8 622.257 766.594 623.213 702.931 688.076 735.66 207.859 0 0 0 
0 0 0 0 576.171 1665.21 1824.78 1918.6 1600.77 1917.74 1825.31 1664.69 576.499 0 0 0 0 
0 0 0 0 228.33 1246.77 2927.31 3679.92 4351.88 3681.39 2925.76 1248.38 227.652 0 0 0 0 
0 0 0 0 0 447.858 1567.39 3137.59 3267.18 3136.12 1569.48 447.552 0 0 0 0 0 
0 0 0 0 0 128.327 769.595 1392.52 2113.5 1392.42 768.619 127.768 0 0 0 0 0 
0 0 0 0 0 0 64.2143 513.016 575.796 513.251 64.0188 0 0 0 0 0 0 
0 0 0 0 0 0 56.1389 96.209 120.133 96.1287 56.129 0 0 0 0 0 0 
0 0 0 0 0 0 0 0 64.22 0 0 0 0 0 0 0 0 
0 0 0 0 0 0 0 16.0147 0 16.0156 0 0 0 0 0 0 0 
0 0 0 0 0 0 0 0 0 0 0 0 0 0 0 0 0 
0 0 0 0 0 0 0 0 1.99852 0 0 0 0 0 0 0 0 
