1 0 0 0 0 0 0 0 0 0 0 0 0 0 0 0 1 
0 0 0 0 0 0 0 0 0 0 0 0 0 0 0 0 0 
0 16 0 0 0 0 0 0 0 0 0 0 0 0 0 16 0 
0 0 32.014 0 0 0 0 0 0 0 0 0 0 0 31.9618 0 0 
0 0 87.986 96.046 23.9741 0 0 0 8.00826 0 0 0 23.9527 95.972 88.0382 0 0 
0 0 0 256.009 255.674 192.117 95.9782 63.9789 0 64.1015 96.0682 192.033 255.825 255.993 0 0 0 
0 0 0 207.945 736.732 687.798 703.557 622.136 766.944 623.631 704.315 688.081 737.053 208.035 0 0 0 
0 0 0 0 575.578 1664.22 1824.41 1919.97 1599.62 1920.9 1824.46 1664.21 575.337 0 0 0 0 
0 0 0 0 228.042 1248.33 2928.34 3679.94 4356.65 3681.43 2927.38 1247.92 227.832 0 0 0 0 
0 0 0 0 0 447.626 1568.37 3138.32 3266.28 3135.75 1567.63 447.76 0 0 0 0 0 
0 0 0 0 0 127.907 767.226 1391.85 2110.69 1390.85 768.195 128 0 0 0 0 0 
0 0 0 0 0 0 64.1069 511.481 575.995 511.292 63.9544 0 0 0 0 0 0 
0 0 0 0 0 0 56.0226 96.3373 119.782 96.0333 56.0014 0 0 0 0 0 0 
0 0 0 0 0 0 0 0 64.0357 0 0 0 0 0 0 0 0 
0 0 0 0 0 0 0 15.9888 0 16.0084 0 0 0 0 0 0 0 
0 0 0 0 0 0 0 0 0 0 0 0 0 0 0 0 0 
0 0 0 0 0 0 0 0 1.99532 0 0 0 0 0 0 0 0 
