1 0 0 0 0 0 0 0 0 0 0 0 0 0 0 0 1 
0 0 0 0 0 0 0 0 0 0 0 0 0 0 0 0 0 
0 16 0 0 0 0 0 0 0 0 0 0 0 0 0 16 0 
0 0 32.0892 0 0 0 0 0 0 0 0 0 0 0 32.0605 0 0 
0 0 87.9108 96.1966 24.1166 0 0 0 8.00539 0 0 0 23.9531 95.9555 87.9395 0 0 
0 0 0 256.1 256.434 192.103 95.7988 63.9091 0 64.2477 96.3746 192.284 255.885 256.565 0 0 0 
0 0 0 207.704 735.742 688.614 703.99 623.477 768.05 624.389 705.392 688.755 735.898 207.479 0 0 0 
0 0 0 0 575.48 1663.71 1824.03 1919.61 1601.77 1921.69 1823.59 1662.43 576.869 0 0 0 0 
0 0 0 0 228.227 1247.65 2928.39 3677.65 4356.3 3679.69 2925.88 1248.18 227.394 0 0 0 0 
0 0 0 0 0 447.581 1568.58 3139.53 3260.83 3132.47 1568.58 448.258 0 0 0 0 0 
0 0 0 0 0 128.345 767.291 1391.68 2112.12 1393.39 768.194 128.094 0 0 0 0 0 
0 0 0 0 0 0 63.9884 512.26 576.694 512.048 63.9378 0 0 0 0 0 0 
0 0 0 0 0 0 55.9344 95.9618 120.15 96.0553 56.0599 0 0 0 0 0 0 
0 0 0 0 0 0 0 0 64.0938 0 0 0 0 0 0 0 0 
0 0 0 0 0 0 0 15.9251 0 16.0154 0 0 0 0 0 0 0 
0 0 0 0 0 0 0 0 0 0 0 0 0 0 0 0 0 
0 0 0 0 0 0 0 0 1.99362 0 0 0 0 0 0 0 0 
