1 0 0 0 0 0 0 0 0 0 0 0 0 0 0 0 1 
0 0 0 0 0 0 0 0 0 0 0 0 0 0 0 0 0 
0 16 0 0 0 0 0 0 0 0 0 0 0 0 0 16 0 
0 0 32.0355 0 0 0 0 0 0 0 0 0 0 0 31.9604 0 0 
0 0 87.9645 95.8393 24.0557 0 0 0 7.99962 0 0 0 23.9557 95.9299 88.0396 0 0 
0 0 0 256.277 256.169 192.245 95.8501 63.9015 0 63.8311 96.0163 191.615 255.651 256.113 0 0 0 
0 0 0 207.884 735.625 688.638 704.112 623.9 768.096 624.442 703.778 687.9 736.156 207.957 0 0 0 
0 0 0 0 575.831 1663.53 1827.2 1918.24 1599.4 1917.73 1823.62 1665.58 576.25 0 0 0 0 
0 0 0 0 228.319 1247.44 2926.95 3681.69 4353.9 3679.41 2926.75 1247.06 227.987 0 0 0 0 
0 0 0 0 0 448.13 1564.9 3137.55 3266.96 3138.1 1568.78 448.117 0 0 0 0 0 
0 0 0 0 0 128.017 769.211 1390.67 2112.09 1391.07 769.11 127.727 0 0 0 0 0 
0 0 0 0 0 0 63.7771 512.079 575.792 513.51 64.1369 0 0 0 0 0 0 
0 0 0 0 0 0 56.0082 95.9596 119.88 95.9247 55.8024 0 0 0 0 0 0 
0 0 0 0 0 0 0 0 63.8694 0 0 0 0 0 0 0 0 
0 0 0 0 0 0 0 16.0061 0 15.981 0 0 0 0 0 0 0 
0 0 0 0 0 0 0 0 0 0 0 0 0 0 0 0 0 
0 0 0 0 0 0 0 0 2.00936 0 0 0 0 0 0 0 0 
