1 0 0 0 0 0 0 0 0 0 0 0 0 0 0 0 1 
0 0 0 0 0 0 0 0 0 0 0 0 0 0 0 0 0 
0 16 0 0 0 0 0 0 0 0 0 0 0 0 0 16 0 
0 0 32.026 0 0 0 0 0 0 0 0 0 0 0 32.0171 0 0 
0 0 87.974 96.0484 24.0326 0 0 0 8.01068 0 0 0 24.006 95.8542 87.9829 0 0 
0 0 0 255.964 256.448 192.744 96.3209 64.3719 0 64.0646 95.9159 192.28 256.192 256.002 0 0 0 
0 0 0 207.987 735.346 687.98 705.701 626.253 768.623 623.91 703.96 688.54 736.391 208.144 0 0 0 
0 0 0 0 576.509 1664.31 1825.18 1918.15 1600.82 1917.99 1824.75 1664.83 575.576 0 0 0 0 
0 0 0 0 227.665 1246.74 2926.56 3683.46 4356.64 3680.75 2925.98 1246.93 227.835 0 0 0 0 
0 0 0 0 0 448.028 1567.43 3133.75 3262.74 3136.04 1569.15 447.936 0 0 0 0 0 
0 0 0 0 0 128.196 766.961 1390.66 2111.7 1393.08 768.461 127.483 0 0 0 0 0 
0 0 0 0 0 0 63.9425 511.168 575.074 512.389 63.8354 0 0 0 0 0 0 
0 0 0 0 0 0 55.8989 96.1894 120.332 95.8035 55.9529 0 0 0 0 0 0 
0 0 0 0 0 0 0 0 64.0475 0 0 0 0 0 0 0 0 
0 0 0 0 0 0 0 15.996 0 15.9801 0 0 0 0 0 0 0 
0 0 0 0 0 0 0 0 0 0 0 0 0 0 0 0 0 
0 0 0 0 0 0 0 0 2.00618 0 0 0 0 0 0 0 0 
