1 0 0 0 0 0 0 0 0 0 0 0 0 0 0 0 1 
0 0 0 0 0 0 0 0 0 0 0 0 0 0 0 0 0 
0 16 0 0 0 0 0 0 0 0 0 0 0 0 0 16 0 
0 0 32.0154 0 0 0 0 0 0 0 0 0 0 0 31.9485 0 0 
0 0 87.9846 95.8742 23.9673 0 0 0 7.94488 0 0 0 23.9571 95.8848 88.0515 0 0 
0 0 0 256.004 255.567 192.055 95.5833 63.739 0 63.7543 95.5514 191.645 255.841 255.889 0 0 0 
0 0 0 208.122 735.456 687.029 703.467 621.834 765.879 623.478 702.67 686.578 735.55 208.226 0 0 0 
0 0 0 0 577.043 1662.68 1822.15 1920.81 1599.83 1923.52 1824.39 1664.61 576.309 0 0 0 0 
0 0 0 0 227.967 1249.33 2930.52 3679.1 4360.14 3678.62 2929.94 1248.22 228.342 0 0 0 0 
0 0 0 0 0 448.747 1567.46 3140.27 3264.06 3136.69 1566.72 448.536 0 0 0 0 0 
0 0 0 0 0 128.159 769.016 1391.18 2110.32 1388.9 768.568 128.41 0 0 0 0 0 
0 0 0 0 0 0 63.8091 511.499 576.042 513.128 64.0838 0 0 0 0 0 0 
0 0 0 0 0 0 55.9943 95.6365 119.863 95.8984 56.0809 0 0 0 0 0 0 
0 0 0 0 0 0 0 0 63.9293 0 0 0 0 0 0 0 0 
0 0 0 0 0 0 0 15.9302 0 16.0169 0 0 0 0 0 0 0 
0 0 0 0 0 0 0 0 0 0 0 0 0 0 0 0 0 
0 0 0 0 0 0 0 0 1.99995 0 0 0 0 0 0 0 0 
