1 0 0 0 0 0 0 0 0 0 0 0 0 0 0 0 1 
0 0 0 0 0 0 0 0 0 0 0 0 0 0 0 0 0 
0 16 0 0 0 0 0 0 0 0 0 0 0 0 0 16 0 
0 0 32.0325 0 0 0 0 0 0 0 0 0 0 0 31.977 0 0 
0 0 87.9675 96.2069 24.0766 0 0 0 8.00863 0 0 0 24.0801 96.0811 88.023 0 0 
0 0 0 255.832 256.017 192.055 96.2733 64.0576 0 64.2061 96.1769 192.265 255.872 255.925 0 0 0 
0 0 0 207.962 735.453 686.605 703.422 624.956 768.907 625.666 705.387 688.383 735.774 207.994 0 0 0 
0 0 0 0 576.376 1663.04 1822.55 1917.25 1597.89 1919.4 1822.94 1662.58 576.237 0 0 0 0 
0 0 0 0 228.077 1249.69 2927.53 3680.89 4355.14 3677.74 2928.68 1247.84 228.037 0 0 0 0 
0 0 0 0 0 448.588 1569.96 3135.83 3265.18 3136.38 1566.7 448.482 0 0 0 0 0 
0 0 0 0 0 128.018 768.363 1394.15 2113.74 1392.18 768.001 128.448 0 0 0 0 0 
0 0 0 0 0 0 64.0267 511.05 575.396 512.422 64.2826 0 0 0 0 0 0 
0 0 0 0 0 0 55.8793 95.882 119.945 96.0539 55.8336 0 0 0 0 0 0 
0 0 0 0 0 0 0 0 63.8176 0 0 0 0 0 0 0 0 
0 0 0 0 0 0 0 15.9277 0 15.9477 0 0 0 0 0 0 0 
0 0 0 0 0 0 0 0 0 0 0 0 0 0 0 0 0 
0 0 0 0 0 0 0 0 1.99243 0 0 0 0 0 0 0 0 
