1 0 0 0 0 0 0 0 0 0 0 0 0 0 0 0 1 
0 0 0 0 0 0 0 0 0 0 0 0 0 0 0 0 0 
0 16 0 0 0 0 0 0 0 0 0 0 0 0 0 16 0 
0 0 32.0183 0 0 0 0 0 0 0 0 0 0 0 32.0225 0 0 
0 0 87.9817 96.0705 23.9265 0 0 0 7.97977 0 0 0 24.0375 96.0788 87.9775 0 0 
0 0 0 255.978 255.93 191.964 95.8831 63.9041 0 64.0813 96.0977 191.954 256.099 256.035 0 0 0 
0 0 0 207.952 736.19 688.447 703.151 623.06 767.326 623.602 703.209 688.868 736.601 207.887 0 0 0 
0 0 0 0 575.974 1664 1824.6 1919.61 1598.73 1918.33 1824.06 1663.78 574.954 0 0 0 0 
0 0 0 0 227.979 1247.94 2928.63 3682.41 4356.92 3679.86 2928.07 1247.23 228.308 0 0 0 0 
0 0 0 0 0 447.801 1569.15 3136.39 3264.68 3137.51 1568.48 447.667 0 0 0 0 0 
0 0 0 0 0 127.845 766.648 1390.95 2112.42 1392.39 768.007 128.492 0 0 0 0 0 
0 0 0 0 0 0 63.9172 511.756 575.888 512.064 64.0114 0 0 0 0 0 0 
0 0 0 0 0 0 56.0255 95.9518 119.914 96.1322 56.0637 0 0 0 0 0 0 
0 0 0 0 0 0 0 0 64.1381 0 0 0 0 0 0 0 0 
0 0 0 0 0 0 0 15.9747 0 16.0222 0 0 0 0 0 0 0 
0 0 0 0 0 0 0 0 0 0 0 0 0 0 0 0 0 
0 0 0 0 0 0 0 0 2.00522 0 0 0 0 0 0 0 0 
