1 0 0 0 0 0 0 0 0 0 0 0 0 0 0 0 1 
0 0 0 0 0 0 0 0 0 0 0 0 0 0 0 0 0 
0 16 0 0 0 0 0 0 0 0 0 0 0 0 0 16 0 
0 0 31.9203 0 0 0 0 0 0 0 0 0 0 0 32.0313 0 0 
0 0 88.0797 96.0764 24.009 0 0 0 7.99366 0 0 0 23.9814 96.2701 87.9687 0 0 
0 0 0 255.696 256.396 192.542 96.0853 64.0368 0 63.8372 95.5619 191.443 256.219 255.817 0 0 0 
0 0 0 208.228 735.583 688.512 705.301 624.722 768.532 623.764 703.173 687.644 735.629 207.913 0 0 0 
0 0 0 0 576.286 1664.04 1822.29 1920.01 1600.28 1921.93 1826.66 1665.12 576.584 0 0 0 0 
0 0 0 0 227.727 1246.77 2929.02 3678.58 4356.35 3679.66 2926.79 1248.05 227.586 0 0 0 0 
0 0 0 0 0 448.338 1568.15 3136.54 3264.59 3135.71 1568.13 447.894 0 0 0 0 0 
0 0 0 0 0 127.803 767.074 1392.32 2110.79 1391.18 767.563 127.841 0 0 0 0 0 
0 0 0 0 0 0 64.0448 511.69 575.594 511.906 64.1641 0 0 0 0 0 0 
0 0 0 0 0 0 56.0338 96.0914 119.868 96.023 55.9552 0 0 0 0 0 0 
0 0 0 0 0 0 0 0 64.0134 0 0 0 0 0 0 0 0 
0 0 0 0 0 0 0 16.0011 0 15.9834 0 0 0 0 0 0 0 
0 0 0 0 0 0 0 0 0 0 0 0 0 0 0 0 0 
0 0 0 0 0 0 0 0 1.99583 0 0 0 0 0 0 0 0 
