1 0 0 0 0 0 0 0 0 0 0 0 0 0 0 0 1 
0 0 0 0 0 0 0 0 0 0 0 0 0 0 0 0 0 
0 16 0 0 0 0 0 0 0 0 0 0 0 0 0 16 0 
0 0 31.9766 0 0 0 0 0 0 0 0 0 0 0 31.9595 0 0 
0 0 88.0234 96.0559 23.9526 0 0 0 8.0183 0 0 0 24.0342 96.0863 88.0405 0 0 
0 0 0 256.018 256.015 191.828 95.6247 63.8573 0 63.9711 95.7753 191.865 256.68 256.017 0 0 0 
0 0 0 207.926 736.275 687.106 703.808 622.919 768.61 623.819 705.002 688.37 735.463 207.897 0 0 0 
0 0 0 0 575.836 1666.3 1823.95 1918.95 1598.37 1919.76 1824.95 1662.72 575.558 0 0 0 0 
0 0 0 0 227.921 1246.88 2928.07 3679.88 4355.73 3676.9 2923.97 1248.57 228.265 0 0 0 0 
0 0 0 0 0 447.989 1568.53 3139.27 3265.13 3139.31 1570.16 448.141 0 0 0 0 0 
0 0 0 0 0 127.895 768.067 1391.91 2113.18 1392.83 767.958 128.343 0 0 0 0 0 
0 0 0 0 0 0 64.0295 511.177 575.275 511.236 64.0957 0 0 0 0 0 0 
0 0 0 0 0 0 55.914 96.0427 119.775 96.1468 56.0929 0 0 0 0 0 0 
0 0 0 0 0 0 0 0 63.9249 0 0 0 0 0 0 0 0 
0 0 0 0 0 0 0 15.997 0 16.0323 0 0 0 0 0 0 0 
0 0 0 0 0 0 0 0 0 0 0 0 0 0 0 0 0 
0 0 0 0 0 0 0 0 1.99268 0 0 0 0 0 0 0 0 
