1 0 0 0 0 0 0 0 0 0 0 0 0 0 0 0 0 
0 0 0 0 0 0 0 0 0 0 0 0 0 0 0 0 0 
0 16 0 0 0 0 0 0 0 0 0 0 0 0 0 0 0 
0 0 32 0 0 0 0 0 0 0 0 0 0 0 0 0 0 
0 0 88 95.9893 23.9973 0 0 0 7.9964 0 0 0 0 0 0 0 0 
0 0 0 256.021 255.987 192 95.9886 63.9712 0 0 0 0 0 0 0 0 0 
0 0 0 207.989 736.002 687.96 703.822 623.963 767.919 0 0 0 0 0 0 0 0 
0 0 0 0 576.045 1664.03 1824.21 1919.95 1600.15 0 0 0 0 0 0 0 0 
0 0 0 0 227.968 1248.06 2928.14 3680.38 4355.72 0 0 0 0 0 0 0 0 
0 0 0 0 0 447.943 1567.85 3135.73 3264.48 0 0 0 0 0 0 0 0 
0 0 0 0 0 128.005 768.008 1391.94 2111.7 0 0 0 0 0 0 0 0 
0 0 0 0 0 0 63.9729 512.081 576.058 0 0 0 0 0 0 0 0 
0 0 0 0 0 0 56.0105 95.9779 119.957 0 0 0 0 0 0 0 0 
0 0 0 0 0 0 0 0 64.0178 0 0 0 0 0 0 0 0 
0 0 0 0 0 0 0 16.003 0 0 0 0 0 0 0 0 0 
0 0 0 0 0 0 0 0 0 0 0 0 0 0 0 0 0 
0 0 0 0 0 0 0 0 2.00037 0 0 0 0 0 0 0 0 
