1 0 0 0 0 0 0 0 0 0 0 0 0 0 0 0 0 
0 0 0 0 0 0 0 0 0 0 0 0 0 0 0 0 0 
0 16 0 0 0 0 0 0 0 0 0 0 0 0 0 0 0 
0 0 32 0 0 0 0 0 0 0 0 0 0 0 0 0 0 
0 0 88 95.993 23.9982 0 0 0 8.00251 0 0 0 0 0 0 0 0 
0 0 0 256.014 255.989 191.999 96.0128 64.0201 0 0 0 0 0 0 0 0 0 
0 0 0 207.993 735.988 687.898 703.933 623.957 767.984 0 0 0 0 0 0 0 0 
0 0 0 0 576.064 1664.17 1824.07 1920.05 1600.18 0 0 0 0 0 0 0 0 
0 0 0 0 227.961 1247.98 2927.94 3680 4355.84 0 0 0 0 0 0 0 0 
0 0 0 0 0 447.935 1568.12 3135.82 3263.84 0 0 0 0 0 0 0 0 
0 0 0 0 0 128.016 767.922 1392.26 2112.18 0 0 0 0 0 0 0 0 
0 0 0 0 0 0 63.9853 511.897 575.958 0 0 0 0 0 0 0 0 
0 0 0 0 0 0 56.0125 95.991 120.01 0 0 0 0 0 0 0 0 
0 0 0 0 0 0 0 0 64.0094 0 0 0 0 0 0 0 0 
0 0 0 0 0 0 0 16.0036 0 0 0 0 0 0 0 0 0 
0 0 0 0 0 0 0 0 0 0 0 0 0 0 0 0 0 
0 0 0 0 0 0 0 0 2.00045 0 0 0 0 0 0 0 0 
