1 0 0 0 0 0 0 0 0 0 0 0 0 0 0 0 0 
0 0 0 0 0 0 0 0 0 0 0 0 0 0 0 0 0 
0 16 0 0 0 0 0 0 0 0 0 0 0 0 0 0 0 
0 0 32 0 0 0 0 0 0 0 0 0 0 0 0 0 0 
0 0 88 96.0015 24.0004 0 0 0 8.00159 0 0 0 0 0 0 0 0 
0 0 0 255.997 255.993 191.994 95.9769 64.0127 0 0 0 0 0 0 0 0 0 
0 0 0 208.002 736.017 687.902 703.94 624.006 767.972 0 0 0 0 0 0 0 0 
0 0 0 0 575.987 1664.24 1824.17 1919.63 1599.94 0 0 0 0 0 0 0 0 
0 0 0 0 228.003 1247.86 2927.85 3680.49 4356.09 0 0 0 0 0 0 0 0 
0 0 0 0 0 447.994 1568.13 3135.95 3263.92 0 0 0 0 0 0 0 0 
0 0 0 0 0 128.015 767.937 1391.96 2112.21 0 0 0 0 0 0 0 0 
0 0 0 0 0 0 63.9926 511.974 575.918 0 0 0 0 0 0 0 0 
0 0 0 0 0 0 56 95.9709 119.968 0 0 0 0 0 0 0 0 
0 0 0 0 0 0 0 0 63.9855 0 0 0 0 0 0 0 0 
0 0 0 0 0 0 0 16 0 0 0 0 0 0 0 0 0 
0 0 0 0 0 0 0 0 0 0 0 0 0 0 0 0 0 
0 0 0 0 0 0 0 0 2 0 0 0 0 0 0 0 0 
