1 0 0 0 0 0 0 0 0 0 0 0 0 0 0 0 0 
0 0 0 0 0 0 0 0 0 0 0 0 0 0 0 0 0 
0 16 0 0 0 0 0 0 0 0 0 0 0 0 0 0 0 
0 0 32 0 0 0 0 0 0 0 0 0 0 0 0 0 0 
0 0 88 95.9651 23.9913 0 0 0 8.03853 0 0 0 0 0 0 0 0 
0 0 0 256.07 255.9 192.363 96.0543 64.3083 0 0 0 0 0 0 0 0 0 
0 0 0 207.965 735.948 688.415 705.361 624.59 769.036 0 0 0 0 0 0 0 0 
0 0 0 0 576.438 1661.86 1822.47 1920.17 1600.55 0 0 0 0 0 0 0 0 
0 0 0 0 227.722 1249.57 2927.52 3678.53 4351.7 0 0 0 0 0 0 0 0 
0 0 0 0 0 447.803 1567.9 3135.46 3267.87 0 0 0 0 0 0 0 0 
0 0 0 0 0 127.988 768.593 1392.26 2110.32 0 0 0 0 0 0 0 0 
0 0 0 0 0 0 64.1201 512.452 576.019 0 0 0 0 0 0 0 0 
0 0 0 0 0 0 55.9793 96.2438 120.137 0 0 0 0 0 0 0 0 
0 0 0 0 0 0 0 0 64.3316 0 0 0 0 0 0 0 0 
0 0 0 0 0 0 0 15.9941 0 0 0 0 0 0 0 0 0 
0 0 0 0 0 0 0 0 0 0 0 0 0 0 0 0 0 
0 0 0 0 0 0 0 0 1.99926 0 0 0 0 0 0 0 0 
