1 0 0 0 0 0 0 0 0 0 0 0 0 0 0 0 0 
0 0 0 0 0 0 0 0 0 0 0 0 0 0 0 0 0 
0 16 0 0 0 0 0 0 0 0 0 0 0 0 0 0 0 
0 0 32 0 0 0 0 0 0 0 0 0 0 0 0 0 0 
0 0 88 95.9452 23.9863 0 0 0 8.0663 0 0 0 0 0 0 0 0 
0 0 0 256.11 255.941 192.202 96.1702 64.5304 0 0 0 0 0 0 0 0 0 
0 0 0 207.945 736.187 687.872 705.699 624.244 768.335 0 0 0 0 0 0 0 0 
0 0 0 0 575.859 1663.91 1821.05 1919.46 1598.71 0 0 0 0 0 0 0 0 
0 0 0 0 228.027 1247.9 2928.33 3680.08 4357.42 0 0 0 0 0 0 0 0 
0 0 0 0 0 447.969 1568.52 3134.55 3263.52 0 0 0 0 0 0 0 0 
0 0 0 0 0 128.147 768.239 1392.31 2112.33 0 0 0 0 0 0 0 0 
0 0 0 0 0 0 63.9889 512.945 575.176 0 0 0 0 0 0 0 0 
0 0 0 0 0 0 55.9977 95.8827 120.274 0 0 0 0 0 0 0 0 
0 0 0 0 0 0 0 0 64.1698 0 0 0 0 0 0 0 0 
0 0 0 0 0 0 0 15.9993 0 0 0 0 0 0 0 0 0 
0 0 0 0 0 0 0 0 0 0 0 0 0 0 0 0 0 
0 0 0 0 0 0 0 0 1.99992 0 0 0 0 0 0 0 0 
