1 0 0 0 0 0 0 0 0 0 0 0 0 0 0 0 0 
0 0 0 0 0 0 0 0 0 0 0 0 0 0 0 0 0 
0 16 0 0 0 0 0 0 0 0 0 0 0 0 0 0 0 
0 0 32 0 0 0 0 0 0 0 0 0 0 0 0 0 0 
0 0 88 96.2004 24.0501 0 0 0 8.0042 0 0 0 0 0 0 0 0 
0 0 0 255.599 255.888 191.95 96.0071 64.0336 0 0 0 0 0 0 0 0 0 
0 0 0 208.2 735.913 687.968 703.749 623.129 768.916 0 0 0 0 0 0 0 0 
0 0 0 0 576.31 1664.09 1824.34 1920.79 1598.9 0 0 0 0 0 0 0 0 
0 0 0 0 227.839 1248.2 2927.13 3680.31 4357.04 0 0 0 0 0 0 0 0 
0 0 0 0 0 447.702 1569.67 3136.65 3261.52 0 0 0 0 0 0 0 0 
0 0 0 0 0 128.087 767.131 1391.02 2113.85 0 0 0 0 0 0 0 0 
0 0 0 0 0 0 63.9299 511.822 575.717 0 0 0 0 0 0 0 0 
0 0 0 0 0 0 56.0348 96.2346 119.925 0 0 0 0 0 0 0 0 
0 0 0 0 0 0 0 0 64.1331 0 0 0 0 0 0 0 0 
0 0 0 0 0 0 0 16.0099 0 0 0 0 0 0 0 0 0 
0 0 0 0 0 0 0 0 0 0 0 0 0 0 0 0 0 
0 0 0 0 0 0 0 0 2.00124 0 0 0 0 0 0 0 0 
