1 0 0 0 0 0 0 0 0 0 0 0 0 0 0 0 0 
0 0 0 0 0 0 0 0 0 0 0 0 0 0 0 0 0 
0 16 0 0 0 0 0 0 0 0 0 0 0 0 0 0 0 
0 0 32 0 0 0 0 0 0 0 0 0 0 0 0 0 0 
0 0 88 95.9487 23.9872 0 0 0 8.04008 0 0 0 0 0 0 0 0 
0 0 0 256.103 256.009 192.16 96.0013 64.3207 0 0 0 0 0 0 0 0 0 
0 0 0 207.949 735.586 688.012 704.656 623.696 768.898 0 0 0 0 0 0 0 0 
0 0 0 0 576.852 1663.04 1821.14 1920.35 1600.07 0 0 0 0 0 0 0 0 
0 0 0 0 227.566 1249.02 2930.95 3679.2 4353.35 0 0 0 0 0 0 0 0 
0 0 0 0 0 447.975 1567.86 3135.61 3264.23 0 0 0 0 0 0 0 0 
0 0 0 0 0 127.787 767.629 1393.1 2114.62 0 0 0 0 0 0 0 0 
0 0 0 0 0 0 63.7114 512.037 574.599 0 0 0 0 0 0 0 0 
0 0 0 0 0 0 56.0523 95.6713 120.265 0 0 0 0 0 0 0 0 
0 0 0 0 0 0 0 0 63.9366 0 0 0 0 0 0 0 0 
0 0 0 0 0 0 0 16.0149 0 0 0 0 0 0 0 0 0 
0 0 0 0 0 0 0 0 0 0 0 0 0 0 0 0 0 
0 0 0 0 0 0 0 0 2.00187 0 0 0 0 0 0 0 0 
