1 0 0 0 0 0 0 0 0 0 0 0 0 0 0 0 0 
0 0 0 0 0 0 0 0 0 0 0 0 0 0 0 0 0 
0 16 0 0 0 0 0 0 0 0 0 0 0 0 0 0 0 
0 0 32 0 0 0 0 0 0 0 0 0 0 0 0 0 0 
0 0 88 95.8724 23.9681 0 0 0 8.05613 0 0 0 0 0 0 0 0 
0 0 0 256.255 256.456 192.36 96.2727 64.449 0 0 0 0 0 0 0 0 0 
0 0 0 207.872 735.362 687.756 704.434 623.59 767.677 0 0 0 0 0 0 0 0 
0 0 0 0 576.034 1663.91 1824.68 1922.07 1602.67 0 0 0 0 0 0 0 0 
0 0 0 0 228.179 1247.79 2924.82 3676.15 4354.65 0 0 0 0 0 0 0 0 
0 0 0 0 0 447.874 1569.67 3138.73 3262.67 0 0 0 0 0 0 0 0 
0 0 0 0 0 128.312 767.797 1389.86 2109.74 0 0 0 0 0 0 0 0 
0 0 0 0 0 0 64.2147 512.517 578.162 0 0 0 0 0 0 0 0 
0 0 0 0 0 0 56.1129 96.5992 120.285 0 0 0 0 0 0 0 0 
0 0 0 0 0 0 0 0 64.0861 0 0 0 0 0 0 0 0 
0 0 0 0 0 0 0 16.0323 0 0 0 0 0 0 0 0 0 
0 0 0 0 0 0 0 0 0 0 0 0 0 0 0 0 0 
0 0 0 0 0 0 0 0 2.00403 0 0 0 0 0 0 0 0 
