1 0 0 0 0 0 0 0 0 0 0 0 0 0 0 0 0 
0 0 0 0 0 0 0 0 0 0 0 0 0 0 0 0 0 
0 16 0 0 0 0 0 0 0 0 0 0 0 0 0 0 0 
0 0 32 0 0 0 0 0 0 0 0 0 0 0 0 0 0 
0 0 88 95.9722 23.993 0 0 0 7.98959 0 0 0 0 0 0 0 0 
0 0 0 256.056 255.931 192.02 95.8379 63.9167 0 0 0 0 0 0 0 0 0 
0 0 0 207.972 736.022 688.021 703.359 623.382 768.263 0 0 0 0 0 0 0 0 
0 0 0 0 576.191 1663.72 1824.96 1920.61 1599.59 0 0 0 0 0 0 0 0 
0 0 0 0 227.863 1248.33 2928.28 3678.56 4354.75 0 0 0 0 0 0 0 0 
0 0 0 0 0 447.981 1567.74 3139.31 3265.69 0 0 0 0 0 0 0 0 
0 0 0 0 0 127.921 768.008 1390.56 2112.76 0 0 0 0 0 0 0 0 
0 0 0 0 0 0 63.8155 511.952 575.027 0 0 0 0 0 0 0 0 
0 0 0 0 0 0 55.9983 95.7085 119.849 0 0 0 0 0 0 0 0 
0 0 0 0 0 0 0 0 64.0787 0 0 0 0 0 0 0 0 
0 0 0 0 0 0 0 15.9995 0 0 0 0 0 0 0 0 0 
0 0 0 0 0 0 0 0 0 0 0 0 0 0 0 0 0 
0 0 0 0 0 0 0 0 1.99994 0 0 0 0 0 0 0 0 
