1 0 0 0 0 0 0 0 0 0 0 0 0 0 0 0 0 
0 0 0 0 0 0 0 0 0 0 0 0 0 0 0 0 0 
0 16 0 0 0 0 0 0 0 0 0 0 0 0 0 0 0 
0 0 32 0 0 0 0 0 0 0 0 0 0 0 0 0 0 
0 0 88 96.042 24.0105 0 0 0 8.00313 0 0 0 0 0 0 0 0 
0 0 0 255.916 256.326 192.384 96.2188 64.025 0 0 0 0 0 0 0 0 0 
0 0 0 208.042 735.374 687.442 704.666 624.603 769.111 0 0 0 0 0 0 0 0 
0 0 0 0 576.232 1663.78 1822.71 1919.74 1598.68 0 0 0 0 0 0 0 0 
0 0 0 0 228.057 1248.5 2927.54 3680.23 4355.86 0 0 0 0 0 0 0 0 
0 0 0 0 0 447.986 1569.02 3133.06 3263.64 0 0 0 0 0 0 0 0 
0 0 0 0 0 127.913 767.849 1394.85 2112.29 0 0 0 0 0 0 0 0 
0 0 0 0 0 0 64.0176 511.68 576.777 0 0 0 0 0 0 0 0 
0 0 0 0 0 0 55.9812 95.8155 119.853 0 0 0 0 0 0 0 0 
0 0 0 0 0 0 0 0 63.7905 0 0 0 0 0 0 0 0 
0 0 0 0 0 0 0 15.9946 0 0 0 0 0 0 0 0 0 
0 0 0 0 0 0 0 0 0 0 0 0 0 0 0 0 0 
0 0 0 0 0 0 0 0 1.99933 0 0 0 0 0 0 0 0 
