1 0 0 0 0 0 0 0 0 0 0 0 0 0 0 0 0 
0 0 0 0 0 0 0 0 0 0 0 0 0 0 0 0 0 
0 16 0 0 0 0 0 0 0 0 0 0 0 0 0 0 0 
0 0 32 0 0 0 0 0 0 0 0 0 0 0 0 0 0 
0 0 88 95.9991 23.9998 0 0 0 8.01229 0 0 0 0 0 0 0 0 
0 0 0 256.002 255.846 191.563 96.0792 64.0983 0 0 0 0 0 0 0 0 0 
0 0 0 207.999 735.982 688 704.442 625.022 768.88 0 0 0 0 0 0 0 0 
0 0 0 0 576.5 1664.85 1824.66 1921.56 1599.52 0 0 0 0 0 0 0 0 
0 0 0 0 227.673 1247.94 2924.25 3674.59 4356.86 0 0 0 0 0 0 0 0 
0 0 0 0 0 447.762 1571.16 3137.43 3259.85 0 0 0 0 0 0 0 0 
0 0 0 0 0 127.887 767.531 1393.17 2115.1 0 0 0 0 0 0 0 0 
0 0 0 0 0 0 63.9503 512.363 575.882 0 0 0 0 0 0 0 0 
0 0 0 0 0 0 55.9267 95.7923 119.831 0 0 0 0 0 0 0 0 
0 0 0 0 0 0 0 0 64.0634 0 0 0 0 0 0 0 0 
0 0 0 0 0 0 0 15.9791 0 0 0 0 0 0 0 0 0 
0 0 0 0 0 0 0 0 0 0 0 0 0 0 0 0 0 
0 0 0 0 0 0 0 0 1.99738 0 0 0 0 0 0 0 0 
