1 0 0 0 0 0 0 0 0 0 0 0 0 0 0 0 0 
0 0 0 0 0 0 0 0 0 0 0 0 0 0 0 0 0 
0 16 0 0 0 0 0 0 0 0 0 0 0 0 0 0 0 
0 0 32 0 0 0 0 0 0 0 0 0 0 0 0 0 0 
0 0 88 95.9657 23.9914 0 0 0 7.97364 0 0 0 0 0 0 0 0 
0 0 0 256.069 255.799 191.606 95.892 63.7891 0 0 0 0 0 0 0 0 0 
0 0 0 207.966 736.213 688.303 705.338 624.578 766.27 0 0 0 0 0 0 0 0 
0 0 0 0 576.211 1664.26 1823.69 1919.47 1602.33 0 0 0 0 0 0 0 0 
0 0 0 0 227.785 1247.95 2925.22 3679.24 4357.09 0 0 0 0 0 0 0 0 
0 0 0 0 0 448.059 1569.54 3138.31 3261.09 0 0 0 0 0 0 0 0 
0 0 0 0 0 127.814 768.376 1390.08 2114.31 0 0 0 0 0 0 0 0 
0 0 0 0 0 0 63.9974 512.562 574.798 0 0 0 0 0 0 0 0 
0 0 0 0 0 0 55.9399 95.9848 120.026 0 0 0 0 0 0 0 0 
0 0 0 0 0 0 0 0 64.1118 0 0 0 0 0 0 0 0 
0 0 0 0 0 0 0 15.9828 0 0 0 0 0 0 0 0 0 
0 0 0 0 0 0 0 0 0 0 0 0 0 0 0 0 0 
0 0 0 0 0 0 0 0 1.99785 0 0 0 0 0 0 0 0 
