1 0 0 0 0 0 0 0 0 0 0 0 0 0 0 0 0 
0 0 0 0 0 0 0 0 0 0 0 0 0 0 0 0 0 
0 16 0 0 0 0 0 0 0 0 0 0 0 0 0 0 0 
0 0 32 0 0 0 0 0 0 0 0 0 0 0 0 0 0 
0 0 88 96.0244 24.0061 0 0 0 8.01852 0 0 0 0 0 0 0 0 
0 0 0 255.951 255.983 191.78 96.0555 64.1481 0 0 0 0 0 0 0 0 0 
0 0 0 208.024 736.291 688.65 704.563 624.039 768.611 0 0 0 0 0 0 0 0 
0 0 0 0 575.446 1663.64 1822.37 1921.68 1598.93 0 0 0 0 0 0 0 0 
0 0 0 0 228.275 1247.99 2929.44 3674.94 4357.35 0 0 0 0 0 0 0 0 
0 0 0 0 0 447.583 1567.85 3141.35 3261.97 0 0 0 0 0 0 0 0 
0 0 0 0 0 128.35 767.529 1388.96 2113.62 0 0 0 0 0 0 0 0 
0 0 0 0 0 0 64.0281 512.692 575.115 0 0 0 0 0 0 0 0 
0 0 0 0 0 0 56.169 96.1423 120.267 0 0 0 0 0 0 0 0 
0 0 0 0 0 0 0 0 64.1093 0 0 0 0 0 0 0 0 
0 0 0 0 0 0 0 16.0483 0 0 0 0 0 0 0 0 0 
0 0 0 0 0 0 0 0 0 0 0 0 0 0 0 0 0 
0 0 0 0 0 0 0 0 2.00604 0 0 0 0 0 0 0 0 
