1 0 0 0 0 0 0 0 0 0 0 0 0 0 0 0 0 
0 0 0 0 0 0 0 0 0 0 0 0 0 0 0 0 0 
0 16 0 0 0 0 0 0 0 0 0 0 0 0 0 0 0 
0 0 32 0 0 0 0 0 0 0 0 0 0 0 0 0 0 
0 0 88 96.0079 24.002 0 0 0 7.99715 0 0 0 0 0 0 0 0 
0 0 0 255.984 255.926 192.33 96.0023 63.9772 0 0 0 0 0 0 0 0 0 
0 0 0 208.008 735.932 686.794 703.078 624.038 768.279 0 0 0 0 0 0 0 0 
0 0 0 0 576.35 1664.67 1825.08 1920.03 1596.6 0 0 0 0 0 0 0 0 
0 0 0 0 227.79 1248.59 2928.12 3679.88 4360.42 0 0 0 0 0 0 0 0 
0 0 0 0 0 448.002 1567.7 3134.25 3263.53 0 0 0 0 0 0 0 0 
0 0 0 0 0 127.621 768.316 1395.35 2111.36 0 0 0 0 0 0 0 0 
0 0 0 0 0 0 63.9033 510.684 576.182 0 0 0 0 0 0 0 0 
0 0 0 0 0 0 55.8022 95.8447 119.795 0 0 0 0 0 0 0 0 
0 0 0 0 0 0 0 0 63.843 0 0 0 0 0 0 0 0 
0 0 0 0 0 0 0 15.9435 0 0 0 0 0 0 0 0 0 
0 0 0 0 0 0 0 0 0 0 0 0 0 0 0 0 0 
0 0 0 0 0 0 0 0 1.99293 0 0 0 0 0 0 0 0 
