1 0 0 0 0 0 0 0 0 0 0 0 0 0 0 0 0 
0 0 0 0 0 0 0 0 0 0 0 0 0 0 0 0 0 
0 16 0 0 0 0 0 0 0 0 0 0 0 0 0 0 0 
0 0 32 0 0 0 0 0 0 0 0 0 0 0 0 0 0 
0 0 88 96.0701 24.0175 0 0 0 7.9347 0 0 0 0 0 0 0 0 
0 0 0 255.86 255.962 191.491 95.7816 63.4776 0 0 0 0 0 0 0 0 0 
0 0 0 208.07 736.008 688.163 705.537 625.474 767.515 0 0 0 0 0 0 0 0 
0 0 0 0 576.028 1664.88 1820.61 1914.97 1599.3 0 0 0 0 0 0 0 0 
0 0 0 0 227.985 1247.46 2931.1 3687.16 4358.56 0 0 0 0 0 0 0 0 
0 0 0 0 0 448.317 1566.54 3133.06 3263.92 0 0 0 0 0 0 0 0 
0 0 0 0 0 127.682 768.581 1391.98 2109.82 0 0 0 0 0 0 0 0 
0 0 0 0 0 0 64.0559 512.054 577.187 0 0 0 0 0 0 0 0 
0 0 0 0 0 0 55.7906 95.8823 119.842 0 0 0 0 0 0 0 0 
0 0 0 0 0 0 0 0 63.9261 0 0 0 0 0 0 0 0 
0 0 0 0 0 0 0 15.9402 0 0 0 0 0 0 0 0 0 
0 0 0 0 0 0 0 0 0 0 0 0 0 0 0 0 0 
0 0 0 0 0 0 0 0 1.99252 0 0 0 0 0 0 0 0 
