1 0 0 0 0 0 0 0 0 0 0 0 0 0 0 0 0 
0 0 0 0 0 0 0 0 0 0 0 0 0 0 0 0 0 
0 16 0 0 0 0 0 0 0 0 0 0 0 0 0 0 0 
0 0 32 0 0 0 0 0 0 0 0 0 0 0 0 0 0 
0 0 88 96.0825 24.0206 0 0 0 7.95838 0 0 0 0 0 0 0 0 
0 0 0 255.835 256.426 192.274 96.2063 63.6671 0 0 0 0 0 0 0 0 0 
0 0 0 208.082 735.54 688.225 704.783 626.206 767.619 0 0 0 0 0 0 0 0 
0 0 0 0 575.558 1663.52 1822.97 1918.06 1601.7 0 0 0 0 0 0 0 0 
0 0 0 0 228.455 1247.56 2928.01 3679.46 4355.57 0 0 0 0 0 0 0 0 
0 0 0 0 0 448.063 1567.23 3135.5 3259.79 0 0 0 0 0 0 0 0 
0 0 0 0 0 128.364 768.612 1393.19 2116.6 0 0 0 0 0 0 0 0 
0 0 0 0 0 0 64.0514 512.127 575.188 0 0 0 0 0 0 0 0 
0 0 0 0 0 0 56.136 95.7456 119.643 0 0 0 0 0 0 0 0 
0 0 0 0 0 0 0 0 63.9202 0 0 0 0 0 0 0 0 
0 0 0 0 0 0 0 16.0389 0 0 0 0 0 0 0 0 0 
0 0 0 0 0 0 0 0 0 0 0 0 0 0 0 0 0 
0 0 0 0 0 0 0 0 2.00486 0 0 0 0 0 0 0 0 
