1 0 0 0 0 0 0 0 0 0 0 0 0 0 0 0 0 
0 0 0 0 0 0 0 0 0 0 0 0 0 0 0 0 0 
0 16 0 0 0 0 0 0 0 0 0 0 0 0 0 0 0 
0 0 32 0 0 0 0 0 0 0 0 0 0 0 0 0 0 
0 0 88 96.0238 24.0059 0 0 0 7.98119 0 0 0 0 0 0 0 0 
0 0 0 255.952 256.003 191.883 95.8486 63.8495 0 0 0 0 0 0 0 0 0 
0 0 0 208.024 735.749 687.208 704.097 624.526 768.649 0 0 0 0 0 0 0 0 
0 0 0 0 576.469 1665.52 1823.8 1920.85 1600.09 0 0 0 0 0 0 0 0 
0 0 0 0 227.773 1247.51 2927.77 3677.46 4355.27 0 0 0 0 0 0 0 0 
0 0 0 0 0 448.179 1568.77 3137.34 3263.52 0 0 0 0 0 0 0 0 
0 0 0 0 0 127.701 768.254 1391.6 2112.21 0 0 0 0 0 0 0 0 
0 0 0 0 0 0 63.5419 512.563 575.765 0 0 0 0 0 0 0 0 
0 0 0 0 0 0 55.9101 95.8444 120.566 0 0 0 0 0 0 0 0 
0 0 0 0 0 0 0 0 63.9693 0 0 0 0 0 0 0 0 
0 0 0 0 0 0 0 15.9743 0 0 0 0 0 0 0 0 0 
0 0 0 0 0 0 0 0 0 0 0 0 0 0 0 0 0 
0 0 0 0 0 0 0 0 1.99679 0 0 0 0 0 0 0 0 
