1 0 0 0 0 0 0 0 0 0 0 0 0 0 0 0 0 
0 0 0 0 0 0 0 0 0 0 0 0 0 0 0 0 0 
0 16 0 0 0 0 0 0 0 0 0 0 0 0 0 0 0 
0 0 32 0 0 0 0 0 0 0 0 0 0 0 0 0 0 
0 0 88 96.0385 24.0096 0 0 0 7.993 0 0 0 0 0 0 0 0 
0 0 0 255.923 255.695 191.581 95.929 63.944 0 0 0 0 0 0 0 0 0 
0 0 0 208.038 736.258 688.218 704.04 624.385 768.925 0 0 0 0 0 0 0 0 
0 0 0 0 576.36 1664.5 1824.45 1922.47 1600.3 0 0 0 0 0 0 0 0 
0 0 0 0 227.677 1248.14 2926.37 3676.55 4353.59 0 0 0 0 0 0 0 0 
0 0 0 0 0 447.44 1570.22 3135.97 3264.57 0 0 0 0 0 0 0 0 
0 0 0 0 0 128.121 766.965 1391.23 2112.84 0 0 0 0 0 0 0 0 
0 0 0 0 0 0 63.9092 513.216 575.351 0 0 0 0 0 0 0 0 
0 0 0 0 0 0 56.1094 96.1995 120.342 0 0 0 0 0 0 0 0 
0 0 0 0 0 0 0 0 64.0818 0 0 0 0 0 0 0 0 
0 0 0 0 0 0 0 16.0313 0 0 0 0 0 0 0 0 0 
0 0 0 0 0 0 0 0 0 0 0 0 0 0 0 0 0 
0 0 0 0 0 0 0 0 2.00391 0 0 0 0 0 0 0 0 
