1 0 0 0 0 0 0 0 0 0 0 0 0 0 0 0 0 
0 0 0 0 0 0 0 0 0 0 0 0 0 0 0 0 0 
0 16 0 0 0 0 0 0 0 0 0 0 0 0 0 0 0 
0 0 32 0 0 0 0 0 0 0 0 0 0 0 0 0 0 
0 0 88 96.0238 24.0059 0 0 0 7.99535 0 0 0 0 0 0 0 0 
0 0 0 255.952 255.662 191.645 95.7928 63.9628 0 0 0 0 0 0 0 0 0 
0 0 0 208.024 736.658 687.292 703.488 623.585 766.868 0 0 0 0 0 0 0 0 
0 0 0 0 575.674 1665.66 1824.29 1920.9 1604.23 0 0 0 0 0 0 0 0 
0 0 0 0 228 1247.86 2928.5 3680.01 4353.44 0 0 0 0 0 0 0 0 
0 0 0 0 0 447.893 1568.88 3135.16 3260.97 0 0 0 0 0 0 0 0 
0 0 0 0 0 127.644 767.182 1392.21 2114.44 0 0 0 0 0 0 0 0 
0 0 0 0 0 0 64.0833 512.172 576.068 0 0 0 0 0 0 0 0 
0 0 0 0 0 0 55.7857 96.0564 120.03 0 0 0 0 0 0 0 0 
0 0 0 0 0 0 0 0 63.9648 0 0 0 0 0 0 0 0 
0 0 0 0 0 0 0 15.9388 0 0 0 0 0 0 0 0 0 
0 0 0 0 0 0 0 0 0 0 0 0 0 0 0 0 0 
0 0 0 0 0 0 0 0 1.99235 0 0 0 0 0 0 0 0 
