1 0 0 0 0 0 0 0 0 0 0 0 0 0 0 0 0 
0 0 0 0 0 0 0 0 0 0 0 0 0 0 0 0 0 
0 16 0 0 0 0 0 0 0 0 0 0 0 0 0 0 0 
0 0 32 0 0 0 0 0 0 0 0 0 0 0 0 0 0 
0 0 88 95.8877 23.9719 0 0 0 7.98763 0 0 0 0 0 0 0 0 
0 0 0 256.225 256.051 191.85 95.9728 63.9011 0 0 0 0 0 0 0 0 0 
0 0 0 207.888 736.267 688.419 703.437 624.75 769.263 0 0 0 0 0 0 0 0 
0 0 0 0 575.427 1663.98 1826.5 1922.24 1600.21 0 0 0 0 0 0 0 0 
0 0 0 0 228.284 1247.52 2924.67 3674.39 4351.11 0 0 0 0 0 0 0 0 
0 0 0 0 0 448.105 1569.74 3137.64 3269.14 0 0 0 0 0 0 0 0 
0 0 0 0 0 128.129 767.601 1393.65 2109.3 0 0 0 0 0 0 0 0 
0 0 0 0 0 0 63.9625 511.281 577.063 0 0 0 0 0 0 0 0 
0 0 0 0 0 0 56.1171 96.1178 119.915 0 0 0 0 0 0 0 0 
0 0 0 0 0 0 0 0 64.014 0 0 0 0 0 0 0 0 
0 0 0 0 0 0 0 16.0335 0 0 0 0 0 0 0 0 0 
0 0 0 0 0 0 0 0 0 0 0 0 0 0 0 0 0 
0 0 0 0 0 0 0 0 2.00418 0 0 0 0 0 0 0 0 
