1 0 0 0 0 0 0 0 0 0 0 0 0 0 0 0 0 
0 0 0 0 0 0 0 0 0 0 0 0 0 0 0 0 0 
0 16 0 0 0 0 0 0 0 0 0 0 0 0 0 0 0 
0 0 32 0 0 0 0 0 0 0 0 0 0 0 0 0 0 
0 0 88 95.9475 23.9869 0 0 0 7.97797 0 0 0 0 0 0 0 0 
0 0 0 256.105 255.911 192.008 95.8486 63.8238 0 0 0 0 0 0 0 0 0 
0 0 0 207.948 736.169 688.067 703.912 623.999 769.515 0 0 0 0 0 0 0 0 
0 0 0 0 575.981 1664.14 1824.66 1919.31 1598.05 0 0 0 0 0 0 0 0 
0 0 0 0 227.952 1247.87 2927.47 3683.23 4355.58 0 0 0 0 0 0 0 0 
0 0 0 0 0 447.525 1568.65 3132.03 3263.7 0 0 0 0 0 0 0 0 
0 0 0 0 0 128.387 767.264 1394.06 2113.95 0 0 0 0 0 0 0 0 
0 0 0 0 0 0 63.9312 511.73 575.516 0 0 0 0 0 0 0 0 
0 0 0 0 0 0 56.2638 95.7469 119.732 0 0 0 0 0 0 0 0 
0 0 0 0 0 0 0 0 63.9684 0 0 0 0 0 0 0 0 
0 0 0 0 0 0 0 16.0754 0 0 0 0 0 0 0 0 0 
0 0 0 0 0 0 0 0 0 0 0 0 0 0 0 0 0 
0 0 0 0 0 0 0 0 2.00942 0 0 0 0 0 0 0 0 
