1 0 0 0 0 0 0 0 0 0 0 0 0 0 0 0 0 
0 0 0 0 0 0 0 0 0 0 0 0 0 0 0 0 0 
0 16 0 0 0 0 0 0 0 0 0 0 0 0 0 0 0 
0 0 32 0 0 0 0 0 0 0 0 0 0 0 0 0 0 
0 0 88 95.9827 23.9957 0 0 0 8.04562 0 0 0 0 0 0 0 0 
0 0 0 256.035 256.057 192.061 96.3779 64.365 0 0 0 0 0 0 0 0 0 
0 0 0 207.983 736.147 688.652 704.446 623.426 768.071 0 0 0 0 0 0 0 0 
0 0 0 0 575.553 1663.05 1823.61 1919.96 1598.51 0 0 0 0 0 0 0 0 
0 0 0 0 228.248 1248.02 2927.39 3680.47 4359.25 0 0 0 0 0 0 0 0 
0 0 0 0 0 447.883 1567.17 3136.6 3260.93 0 0 0 0 0 0 0 0 
0 0 0 0 0 128.329 768.653 1390.53 2113.77 0 0 0 0 0 0 0 0 
0 0 0 0 0 0 64.2538 512.434 575.468 0 0 0 0 0 0 0 0 
0 0 0 0 0 0 56.0992 96.1944 119.807 0 0 0 0 0 0 0 0 
0 0 0 0 0 0 0 0 64.1399 0 0 0 0 0 0 0 0 
0 0 0 0 0 0 0 16.0283 0 0 0 0 0 0 0 0 0 
0 0 0 0 0 0 0 0 0 0 0 0 0 0 0 0 0 
0 0 0 0 0 0 0 0 2.00354 0 0 0 0 0 0 0 0 
