1 0 0 0 0 0 0 0 0 0 0 0 0 0 0 0 0 
0 0 0 0 0 0 0 0 0 0 0 0 0 0 0 0 0 
0 16 0 0 0 0 0 0 0 0 0 0 0 0 0 0 0 
0 0 32 0 0 0 0 0 0 0 0 0 0 0 0 0 0 
0 0 88 96.0009 24.0002 0 0 0 7.9641 0 0 0 0 0 0 0 0 
0 0 0 255.998 255.776 191.985 96.0633 63.7128 0 0 0 0 0 0 0 0 0 
0 0 0 208.001 736.445 687.348 703.69 624.137 767.726 0 0 0 0 0 0 0 0 
0 0 0 0 575.78 1665.22 1823.5 1920.24 1600.3 0 0 0 0 0 0 0 0 
0 0 0 0 227.998 1247.65 2929.65 3679.67 4354.8 0 0 0 0 0 0 0 0 
0 0 0 0 0 447.713 1567.34 3136.61 3267.47 0 0 0 0 0 0 0 0 
0 0 0 0 0 128.081 767.531 1391.8 2109.01 0 0 0 0 0 0 0 0 
0 0 0 0 0 0 64.2547 511.847 576.894 0 0 0 0 0 0 0 0 
0 0 0 0 0 0 55.9766 95.9873 119.78 0 0 0 0 0 0 0 0 
0 0 0 0 0 0 0 0 64.0665 0 0 0 0 0 0 0 0 
0 0 0 0 0 0 0 15.9933 0 0 0 0 0 0 0 0 0 
0 0 0 0 0 0 0 0 0 0 0 0 0 0 0 0 0 
0 0 0 0 0 0 0 0 1.99916 0 0 0 0 0 0 0 0 
