1 0 0 0 0 0 0 0 0 0 0 0 0 0 0 0 1 
0 0 0 0 0 0 0 0 0 0 0 0 0 0 0 0 0 
0 16 0 0 0 0 0 0 0 0 0 0 0 0 0 16 0 
0 0 30.4558 0 0 0 0 0 0 0 0 0 0 0 31.9554 0 0 
0 0 89.5442 95.5872 21.1289 0 0 0 7.75496 0 0 0 23.2274 94.2786 88.0446 0 0 
0 0 0 249.951 258.035 188.893 99.3088 62.3539 0 64.0052 95.011 201.657 262.242 258.944 0 0 0 
0 0 0 214.461 710.29 712.915 711.016 620.549 770.695 645.366 748.918 695.059 737.442 206.778 0 0 0 
0 0 0 0 592.613 1661.95 1827.53 1961.89 1656.39 1983.33 1850.33 1667.58 571.007 0 0 0 0 
0 0 0 0 237.934 1214.22 2937.86 3671.8 4320.59 3684.38 2909.99 1239.41 226.081 0 0 0 0 
0 0 0 0 0 461.679 1527.66 3145.37 3287.55 3091.12 1531.59 440.441 0 0 0 0 0 
0 0 0 0 0 128.347 784.912 1380.21 2092.81 1343.11 757.406 123.858 0 0 0 0 0 
0 0 0 0 0 0 64.4925 488.296 557.87 523.772 61.9106 0 0 0 0 0 0 
0 0 0 0 0 0 55.2223 93.7615 113.244 89.9082 52.8438 0 0 0 0 0 0 
0 0 0 0 0 0 0 0 61.1494 0 0 0 0 0 0 0 0 
0 0 0 0 0 0 0 15.774 0 15.0106 0 0 0 0 0 0 0 
0 0 0 0 0 0 0 0 0 0 0 0 0 0 0 0 0 
0 0 0 0 0 0 0 0 1.94679 0 0 0 0 0 0 0 0 
