1 0 0 0 0 0 0 0 0 0 0 0 0 0 0 0 1 
0 0 0 0 0 0 0 0 0 0 0 0 0 0 0 0 0 
0 16 0 0 0 0 0 0 0 0 0 0 0 0 0 16 0 
0 0 31.5979 0 0 0 0 0 0 0 0 0 0 0 32.2079 0 0 
0 0 88.4021 93.582 23.5419 0 0 0 7.71812 0 0 0 22.8892 95.9177 87.7921 0 0 
0 0 0 256.644 255.517 188.894 96.7158 61.8664 0 62.4917 92.6685 191.882 252.856 255.529 0 0 0 
0 0 0 209.774 736.766 669.967 698.015 632.666 753.326 615.418 695.157 664.918 757.124 208.553 0 0 0 
0 0 0 0 567.428 1712.68 1859.47 1876.72 1583.79 1926.27 1837.26 1694.64 561.416 0 0 0 0 
0 0 0 0 236.747 1220.13 2928.57 3766.07 4399.3 3712.09 2971.7 1253.42 225.714 0 0 0 0 
0 0 0 0 0 451.683 1556.94 3122.62 3295.52 3174.17 1571.31 431.097 0 0 0 0 0 
0 0 0 0 0 124.641 750.665 1371.69 2091.87 1350.86 724.291 132.047 0 0 0 0 0 
0 0 0 0 0 0 64.6106 497.429 560.539 493.399 60.9719 0 0 0 0 0 0 
0 0 0 0 0 0 53.0111 95.8315 112.111 89.6658 54.6454 0 0 0 0 0 0 
0 0 0 0 0 0 0 0 63.8971 0 0 0 0 0 0 0 0 
0 0 0 0 0 0 0 15.1057 0 15.6313 0 0 0 0 0 0 0 
0 0 0 0 0 0 0 0 0 0 0 0 0 0 0 0 0 
0 0 0 0 0 0 0 0 1.92641 0 0 0 0 0 0 0 0 
