1 0 0 0 0 0 0 0 0 0 0 0 0 0 0 0 1 
0 0 0 0 0 0 0 0 0 0 0 0 0 0 0 0 0 
0 16 0 0 0 0 0 0 0 0 0 0 0 0 0 16 0 
0 0 31.8984 0 0 0 0 0 0 0 0 0 0 0 31.9488 0 0 
0 0 88.1016 93.8522 23.6296 0 0 0 8.22747 0 0 0 23.1247 94.1327 88.0512 0 0 
0 0 0 256.231 254.402 191.485 94.6057 60.646 0 61.4486 94.6575 190.277 262.943 258.762 0 0 0 
0 0 0 209.917 738.078 694.896 694.897 623.516 770.706 646.014 707.778 690.39 736.785 207.106 0 0 0 
0 0 0 0 573.172 1665.82 1836.23 1938.52 1649.38 1963.78 1808.88 1676.26 574.146 0 0 0 0 
0 0 0 0 230.718 1245.47 2968.63 3700.69 4296.96 3650.29 2961.9 1249.79 223.002 0 0 0 0 
0 0 0 0 0 438.831 1521.37 3092 3244.3 3151.81 1542.28 435.444 0 0 0 0 0 
0 0 0 0 0 131.503 772.371 1393.11 2144.41 1347.7 770.481 125.838 0 0 0 0 0 
0 0 0 0 0 0 62.9156 518.834 572.487 503.873 65.8998 0 0 0 0 0 0 
0 0 0 0 0 0 56.9873 98.1641 119.111 99.9349 56.1191 0 0 0 0 0 0 
0 0 0 0 0 0 0 0 62.5194 0 0 0 0 0 0 0 0 
0 0 0 0 0 0 0 14.5236 0 15.1441 0 0 0 0 0 0 0 
0 0 0 0 0 0 0 0 0 0 0 0 0 0 0 0 0 
0 0 0 0 0 0 0 0 1.89915 0 0 0 0 0 0 0 0 
