1 0 0 0 0 0 0 0 0 0 0 0 0 0 0 0 1 
0 0 0 0 0 0 0 0 0 0 0 0 0 0 0 0 0 
0 16 0 0 0 0 0 0 0 0 0 0 0 0 0 16 0 
0 0 32.6627 0 0 0 0 0 0 0 0 0 0 0 31.4922 0 0 
0 0 87.3373 96.1283 24.0082 0 0 0 7.85988 0 0 0 23.5802 93.8206 88.5078 0 0 
0 0 0 254.755 252.79 188.496 95.7836 63.6225 0 62.0186 93.9131 192.736 252.934 256.472 0 0 0 
0 0 0 209.116 734.627 675.634 697.629 623.521 771.037 630.802 714.121 698.759 743.386 209.707 0 0 0 
0 0 0 0 579.157 1663.67 1817.88 1924.17 1586.82 1922.65 1828.64 1662.39 568.471 0 0 0 0 
0 0 0 0 229.417 1261.8 2921.66 3633.02 4358.48 3691.31 2912.5 1234.54 231.628 0 0 0 0 
0 0 0 0 0 448.502 1595.67 3175.23 3258.07 3106.14 1565.34 449.029 0 0 0 0 0 
0 0 0 0 0 129.891 760.554 1385.21 2118.14 1387.18 770.627 130.548 0 0 0 0 0 
0 0 0 0 0 0 62.7614 524.599 579.291 526.39 64.2972 0 0 0 0 0 0 
0 0 0 0 0 0 56.0624 94.4393 123.521 96.764 58.5596 0 0 0 0 0 0 
0 0 0 0 0 0 0 0 64.7739 0 0 0 0 0 0 0 0 
0 0 0 0 0 0 0 16.1855 0 16.7438 0 0 0 0 0 0 0 
0 0 0 0 0 0 0 0 0 0 0 0 0 0 0 0 0 
0 0 0 0 0 0 0 0 2.00873 0 0 0 0 0 0 0 0 
