1 0 0 0 0 0 0 0 0 0 0 0 0 0 0 0 1 
0 0 0 0 0 0 0 0 0 0 0 0 0 0 0 0 0 
0 16 0 0 0 0 0 0 0 0 0 0 0 0 0 16 0 
0 0 31.9395 0 0 0 0 0 0 0 0 0 0 0 31.3448 0 0 
0 0 88.0605 93.985 23.4769 0 0 0 8.03069 0 0 0 23.1552 94.3902 88.6552 0 0 
0 0 0 258.142 258.575 195.612 97.6266 63.8946 0 62.9381 96.8266 192.009 252.873 254.614 0 0 0 
0 0 0 207.873 731.045 692.855 709.126 616.418 767.148 638.344 700.382 682.993 732.938 210.996 0 0 0 
0 0 0 0 572.507 1655.06 1818.13 1928.36 1602.23 1917.27 1824.7 1673.79 582.205 0 0 0 0 
0 0 0 0 234.397 1244.14 2951 3672.68 4335.66 3671.81 2940.67 1256.71 228.828 0 0 0 0 
0 0 0 0 0 450.035 1545.2 3145.95 3261.47 3157.82 1564.56 435.637 0 0 0 0 0 
0 0 0 0 0 130.291 766.915 1381.27 2136.81 1375.05 761.236 126.854 0 0 0 0 0 
0 0 0 0 0 0 63.7362 518.585 571.967 505.89 63.9636 0 0 0 0 0 0 
0 0 0 0 0 0 56.2713 96.8023 121.492 94.6717 55.6528 0 0 0 0 0 0 
0 0 0 0 0 0 0 0 63.1964 0 0 0 0 0 0 0 0 
0 0 0 0 0 0 0 16.0409 0 16.2183 0 0 0 0 0 0 0 
0 0 0 0 0 0 0 0 0 0 0 0 0 0 0 0 0 
0 0 0 0 0 0 0 0 1.99837 0 0 0 0 0 0 0 0 
