1 0 0 0 0 0 0 0 0 0 0 0 0 0 0 0 1 
0 0 0 0 0 0 0 0 0 0 0 0 0 0 0 0 0 
0 16 0 0 0 0 0 0 0 0 0 0 0 0 0 16 0 
0 0 32.6515 0 0 0 0 0 0 0 0 0 0 0 32.281 0 0 
0 0 87.3485 97.7232 23.8528 0 0 0 8.08669 0 0 0 24.2487 97.3732 87.719 0 0 
0 0 0 255.304 256.522 192.458 97.2058 65.4658 0 63.4395 95.8704 194.646 257.02 257.879 0 0 0 
0 0 0 206.972 738.164 689.112 713.681 613.36 760.6 623.909 704.549 693.607 731.143 204.748 0 0 0 
0 0 0 0 575.178 1664.8 1819.34 1925.36 1609.61 1944.35 1845.41 1667.77 578.319 0 0 0 0 
0 0 0 0 226.283 1257.47 2922.57 3678.62 4381.07 3698.42 2932.24 1244.74 229.27 0 0 0 0 
0 0 0 0 0 437.549 1580.37 3136.7 3236.66 3132.77 1553.98 439.069 0 0 0 0 0 
0 0 0 0 0 126.602 755.748 1402.45 2116.99 1359.98 754.263 128.171 0 0 0 0 0 
0 0 0 0 0 0 62.9472 507.505 574.105 505.249 65.6714 0 0 0 0 0 0 
0 0 0 0 0 0 56.1393 94.8288 117.945 96.0152 56.0157 0 0 0 0 0 0 
0 0 0 0 0 0 0 0 63.0201 0 0 0 0 0 0 0 0 
0 0 0 0 0 0 0 15.7151 0 15.8643 0 0 0 0 0 0 0 
0 0 0 0 0 0 0 0 0 0 0 0 0 0 0 0 0 
0 0 0 0 0 0 0 0 1.90605 0 0 0 0 0 0 0 0 
