1 0 0 0 0 0 0 0 0 0 0 0 0 0 0 0 1 
0 0 0 0 0 0 0 0 0 0 0 0 0 0 0 0 0 
0 16 0 0 0 0 0 0 0 0 0 0 0 0 0 16 0 
0 0 31.8559 0 0 0 0 0 0 0 0 0 0 0 33.0281 0 0 
0 0 88.1441 97.3041 24.1941 0 0 0 7.88891 0 0 0 23.4848 96.0505 86.9719 0 0 
0 0 0 255.11 258.44 195.27 97.052 63.371 0 61.556 92.9541 190.929 252.626 254.159 0 0 0 
0 0 0 207.586 739.304 685.584 707.35 634.376 771.619 624.539 702.722 684.076 731.69 209.79 0 0 0 
0 0 0 0 570.557 1666.79 1825.98 1934.59 1610.28 1944.9 1842.08 1657.68 581.427 0 0 0 0 
0 0 0 0 227.504 1248.62 2932.67 3661.8 4369.71 3679.53 2926.01 1250.01 230.773 0 0 0 0 
0 0 0 0 0 442.837 1562.04 3127.93 3232.73 3136.46 1562.39 456.587 0 0 0 0 0 
0 0 0 0 0 128.904 764.532 1396.13 2119.84 1378.68 763.339 128.721 0 0 0 0 0 
0 0 0 0 0 0 62.4127 513.198 572.327 503.294 63.0743 0 0 0 0 0 0 
0 0 0 0 0 0 55.9594 92.8323 121.352 95.4362 55.4351 0 0 0 0 0 0 
0 0 0 0 0 0 0 0 62.3604 0 0 0 0 0 0 0 0 
0 0 0 0 0 0 0 15.7708 0 15.6053 0 0 0 0 0 0 0 
0 0 0 0 0 0 0 0 0 0 0 0 0 0 0 0 0 
0 0 0 0 0 0 0 0 1.89086 0 0 0 0 0 0 0 0 
