1 0 0 0 0 0 0 0 0 0 0 0 0 0 0 0 1 
0 0 0 0 0 0 0 0 0 0 0 0 0 0 0 0 0 
0 16 0 0 0 0 0 0 0 0 0 0 0 0 0 16 0 
0 0 31.6128 0 0 0 0 0 0 0 0 0 0 0 32.6322 0 0 
0 0 88.3872 96.0071 23.6078 0 0 0 8.31847 0 0 0 24.619 97.5356 87.3678 0 0 
0 0 0 258.366 259.431 192.613 93.7949 62.6907 0 65.7771 92.6644 191.837 255.286 253.992 0 0 0 
0 0 0 205.627 726.935 689.379 699.311 635.601 787.011 640.076 715.338 682.916 733.047 208.473 0 0 0 
0 0 0 0 577.634 1664.2 1849.98 1948.79 1636.97 1945.11 1818.59 1666.3 580.457 0 0 0 0 
0 0 0 0 232.391 1250.27 2924.47 3651.19 4342.96 3659.74 2923.21 1247.61 226.591 0 0 0 0 
0 0 0 0 0 440.365 1554.16 3130.06 3235.72 3128.36 1584.82 450.072 0 0 0 0 0 
0 0 0 0 0 131.171 764.831 1391.13 2102.8 1385.69 751.584 129.267 0 0 0 0 0 
0 0 0 0 0 0 64.071 508.059 572.05 504.166 64.9724 0 0 0 0 0 0 
0 0 0 0 0 0 57.3865 96.657 117.62 95.0215 56.8233 0 0 0 0 0 0 
0 0 0 0 0 0 0 0 64.629 0 0 0 0 0 0 0 0 
0 0 0 0 0 0 0 15.8303 0 16.0693 0 0 0 0 0 0 0 
0 0 0 0 0 0 0 0 0 0 0 0 0 0 0 0 0 
0 0 0 0 0 0 0 0 1.92945 0 0 0 0 0 0 0 0 
