1 0 0 0 0 0 0 0 0 0 0 0 0 0 0 0 1 
0 0 0 0 0 0 0 0 0 0 0 0 0 0 0 0 0 
0 16 0 0 0 0 0 0 0 0 0 0 0 0 0 16 0 
0 0 27.7104 0 0 0 0 0 0 0 0 0 0 0 47.5282 0 0 
0 0 92.2896 83.397 32.7594 0 0 0 7.41544 0 0 0 29.6437 108.433 72.4718 0 0 
0 0 0 256.881 242.061 159.321 59.168 45.6346 0 32.7333 80.8168 239.124 318.7 264.213 0 0 0 
0 0 0 219.722 793.689 582.772 597.576 670.596 792.696 617.633 842.13 736.553 801.211 187.355 0 0 0 
0 0 0 0 520.514 1910.84 1899.09 2198.8 1435.39 1872.95 1623.25 1487.88 471.008 0 0 0 0 
0 0 0 0 230.977 1313.3 3438.81 3459.2 4490.93 3287.13 2893.75 1376.06 199.437 0 0 0 0 
0 0 0 0 0 279.617 1305.23 3300.79 3389.93 3554.23 1810.86 394.248 0 0 0 0 0 
0 0 0 0 0 122.156 616.545 1214.29 2188.7 1552.73 655.852 134.136 0 0 0 0 0 
0 0 0 0 0 0 43.2883 453.748 437.768 444.864 41.2772 0 0 0 0 0 0 
0 0 0 0 0 0 48.2915 87.963 76.0727 64.0888 60.0579 0 0 0 0 0 0 
0 0 0 0 0 0 0 0 49.8897 0 0 0 0 0 0 0 0 
0 0 0 0 0 0 0 8.98599 0 13.6453 0 0 0 0 0 0 0 
0 0 0 0 0 0 0 0 0 0 0 0 0 0 0 0 0 
0 0 0 0 0 0 0 0 1.21054 0 0 0 0 0 0 0 0 
