1 0 0 0 0 0 0 0 0 0 0 0 0 0 0 0 1 
0 0 0 0 0 0 0 0 0 0 0 0 0 0 0 0 0 
0 16 0 0 0 0 0 0 0 0 0 0 0 0 0 16 0 
0 0 36.0895 0 0 0 0 0 0 0 0 0 0 0 32.6429 0 0 
0 0 83.9105 97.6951 22.5728 0 0 0 10.7232 0 0 0 36.3881 99.629 87.3571 0 0 
0 0 0 273.993 283.722 211.572 73.7738 58.3492 0 73.7479 87.5408 162.951 290.722 242.761 0 0 0 
0 0 0 188.312 702.22 575.113 678.411 398.745 493.011 562.225 646.844 596.05 675.948 217.61 0 0 0 
0 0 0 0 600.64 1945.58 1787.37 1627.13 1027.52 1435.69 1677.79 1697.99 560.381 0 0 0 0 
0 0 0 0 210.845 1143.75 3236.52 4422.99 5218.19 4353.68 3038.08 1407.68 256.561 0 0 0 0 
0 0 0 0 0 348.824 1481.79 3039.87 3214.84 3087.22 1677.79 416.11 0 0 0 0 0 
0 0 0 0 0 143.157 627.428 1413.67 2175.27 1348.71 780.243 87.2213 0 0 0 0 0 
0 0 0 0 0 0 70.3954 392.563 558.655 496.162 62.0757 0 0 0 0 0 0 
0 0 0 0 0 0 52.3134 77.3002 126.616 73.7479 37.6508 0 0 0 0 0 0 
0 0 0 0 0 0 0 0 44.4463 0 0 0 0 0 0 0 0 
0 0 0 0 0 0 0 9.37758 0 8.80793 0 0 0 0 0 0 0 
0 0 0 0 0 0 0 0 0 0 0 0 0 0 0 0 0 
0 0 0 0 0 0 0 0 0.729721 0 0 0 0 0 0 0 0 
