1 0 0 0 0 0 0 0 0 0 0 0 0 0 0 0 1 
0 0 0 0 0 0 0 0 0 0 0 0 0 0 0 0 0 
0 16 0 0 0 0 0 0 0 0 0 0 0 0 0 16 0 
0 0 31.9667 0 0 0 0 0 0 0 0 0 0 0 32.0168 0 0 
0 0 88.0333 96.3094 24.1005 0 0 0 7.98537 0 0 0 24.0477 95.9539 87.9832 0 0 
0 0 0 255.813 256.053 192.126 95.8258 64.1253 0 64.1168 95.746 191.854 256.125 255.785 0 0 0 
0 0 0 207.878 735.862 686.814 703.457 624.966 768.086 623.29 704.728 688.226 735.698 208.261 0 0 0 
0 0 0 0 576.034 1664.99 1824.37 1924.38 1602.85 1924.2 1825.76 1662.01 576.389 0 0 0 0 
0 0 0 0 227.95 1248.07 2928.24 3679.31 4353.85 3681.08 2925.77 1249.63 227.741 0 0 0 0 
0 0 0 0 0 448.247 1567.73 3131.44 3263.51 3133.35 1567.43 448.544 0 0 0 0 0 
0 0 0 0 0 127.752 768.25 1390.65 2110.25 1389.72 768.534 127.736 0 0 0 0 0 
0 0 0 0 0 0 64.0993 512.667 576.986 512.031 64.0509 0 0 0 0 0 0 
0 0 0 0 0 0 56.0259 96.426 120.336 96.1986 55.9836 0 0 0 0 0 0 
0 0 0 0 0 0 0 0 64.1529 0 0 0 0 0 0 0 0 
0 0 0 0 0 0 0 16.0392 0 16.0184 0 0 0 0 0 0 0 
0 0 0 0 0 0 0 0 0 0 0 0 0 0 0 0 0 
0 0 0 0 0 0 0 0 1.99404 0 0 0 0 0 0 0 0 
