1 0 0 0 0 0 0 0 0 0 0 0 0 0 0 0 1 
0 0 0 0 0 0 0 0 0 0 0 0 0 0 0 0 0 
0 16 0 0 0 0 0 0 0 0 0 0 0 0 0 16 0 
0 0 31.9545 0 0 0 0 0 0 0 0 0 0 0 31.9637 0 0 
0 0 88.0455 96.0324 23.9666 0 0 0 7.97042 0 0 0 23.9379 95.9725 88.0363 0 0 
0 0 0 255.765 256.13 191.826 95.8396 63.8042 0 63.7492 95.769 191.662 255.714 256.146 0 0 0 
0 0 0 208.203 735.865 687.292 703.563 624.263 768.207 624.015 704.98 689.298 736.831 207.882 0 0 0 
0 0 0 0 575.832 1665.95 1826.46 1920.68 1599.13 1920.88 1824.7 1664.64 575.762 0 0 0 0 
0 0 0 0 228.206 1247.36 2929.61 3678.09 4356.81 3680.09 2927.81 1246.7 227.756 0 0 0 0 
0 0 0 0 0 447.828 1565.68 3138.46 3265.68 3138.93 1567.47 448.144 0 0 0 0 0 
0 0 0 0 0 127.744 767.319 1391.62 2111.92 1389.06 767.636 127.556 0 0 0 0 0 
0 0 0 0 0 0 63.7754 511.425 574.879 511.611 63.8454 0 0 0 0 0 0 
0 0 0 0 0 0 55.7482 95.699 119.556 95.6914 55.7917 0 0 0 0 0 0 
0 0 0 0 0 0 0 0 63.8471 0 0 0 0 0 0 0 0 
0 0 0 0 0 0 0 15.9575 0 15.9614 0 0 0 0 0 0 0 
0 0 0 0 0 0 0 0 0 0 0 0 0 0 0 0 0 
0 0 0 0 0 0 0 0 1.99894 0 0 0 0 0 0 0 0 
