1 0 0 0 0 0 0 0 0 0 0 0 0 0 0 0 1 
0 0 0 0 0 0 0 0 0 0 0 0 0 0 0 0 0 
0 16 0 0 0 0 0 0 0 0 0 0 0 0 0 16 0 
0 0 32.006 0 0 0 0 0 0 0 0 0 0 0 32.0592 0 0 
0 0 87.994 95.8358 24.0451 0 0 0 8.00018 0 0 0 24.0269 95.9976 87.9408 0 0 
0 0 0 256.13 255.613 192.138 96.0819 63.9056 0 64.1764 96.0667 191.755 256.06 255.758 0 0 0 
0 0 0 208.034 736.181 688.832 703.886 624.475 770.113 625.229 704.449 688.521 735.43 208.244 0 0 0 
0 0 0 0 575.883 1663.19 1823.04 1919.65 1601.64 1920.39 1823.16 1661.09 576.434 0 0 0 0 
0 0 0 0 228.278 1247.62 2926.69 3682.33 4356.96 3675.46 2925.47 1250.36 228.049 0 0 0 0 
0 0 0 0 0 447.856 1567.84 3133.61 3257.2 3136.66 1568.53 448.106 0 0 0 0 0 
0 0 0 0 0 128.359 770.029 1391.32 2113.08 1392.73 770.151 128.169 0 0 0 0 0 
0 0 0 0 0 0 64.2547 512.142 576.547 513.219 64.0279 0 0 0 0 0 0 
0 0 0 0 0 0 56.1852 96.511 120.205 96.1291 56.1367 0 0 0 0 0 0 
0 0 0 0 0 0 0 0 64.2642 0 0 0 0 0 0 0 0 
0 0 0 0 0 0 0 16.054 0 16.0149 0 0 0 0 0 0 0 
0 0 0 0 0 0 0 0 0 0 0 0 0 0 0 0 0 
0 0 0 0 0 0 0 0 1.99259 0 0 0 0 0 0 0 0 
