1 0 0 0 0 0 0 0 0 0 0 0 0 0 0 0 1 
0 0 0 0 0 0 0 0 0 0 0 0 0 0 0 0 0 
0 16 0 0 0 0 0 0 0 0 0 0 0 0 0 16 0 
0 0 31.9844 0 0 0 0 0 0 0 0 0 0 0 32.0372 0 0 
0 0 88.0156 96.0406 24.1533 0 0 0 7.97525 0 0 0 23.9448 96.0159 87.9628 0 0 
0 0 0 255.969 256.421 192.2 95.8275 63.9153 0 63.7842 95.9884 191.63 255.513 256.04 0 0 0 
0 0 0 207.99 735.655 687.86 703.924 623.606 766.705 622.594 702.927 687.066 735.581 207.944 0 0 0 
0 0 0 0 575.791 1664.29 1823.43 1919.36 1597.49 1917.07 1821.68 1664.58 576.418 0 0 0 0 
0 0 0 0 227.98 1247.34 2928.41 3677.02 4355.39 3682.85 2928.95 1247.93 228.543 0 0 0 0 
0 0 0 0 0 448.168 1567.66 3140.59 3267.4 3135.18 1570.14 448.299 0 0 0 0 0 
0 0 0 0 0 128.134 768.594 1391.47 2113.32 1393.84 767.904 128.499 0 0 0 0 0 
0 0 0 0 0 0 64.2058 512.089 575.357 512.353 64.1716 0 0 0 0 0 0 
0 0 0 0 0 0 55.9474 95.9972 120.205 96.2975 56.2386 0 0 0 0 0 0 
0 0 0 0 0 0 0 0 64.1461 0 0 0 0 0 0 0 0 
0 0 0 0 0 0 0 15.9526 0 16.0365 0 0 0 0 0 0 0 
0 0 0 0 0 0 0 0 0 0 0 0 0 0 0 0 0 
0 0 0 0 0 0 0 0 2.00852 0 0 0 0 0 0 0 0 
