1 0 0 0 0 0 0 0 0 0 0 0 0 0 0 0 1 
0 0 0 0 0 0 0 0 0 0 0 0 0 0 0 0 0 
0 16 0 0 0 0 0 0 0 0 0 0 0 0 0 16 0 
0 0 32.043 0 0 0 0 0 0 0 0 0 0 0 32.0675 0 0 
0 0 87.957 96.0391 24.0591 0 0 0 7.97542 0 0 0 24.0446 96.0805 87.9325 0 0 
0 0 0 256.073 255.886 192.283 95.9986 63.8599 0 63.7218 95.7633 192.117 256.101 256.089 0 0 0 
0 0 0 207.888 735.651 688.21 704.364 623.162 766.295 623.124 704.268 688.377 735.978 207.83 0 0 0 
0 0 0 0 576.222 1663.67 1824.43 1920.19 1601.77 1919.7 1823.17 1663.95 575.726 0 0 0 0 
0 0 0 0 228.182 1247.85 2926.67 3681.08 4355.48 3679.94 2928.66 1247.43 228.151 0 0 0 0 
0 0 0 0 0 447.702 1567.67 3134.92 3261.58 3138.05 1568.31 448.089 0 0 0 0 0 
0 0 0 0 0 128.284 768.696 1391.38 2114.77 1391.3 767.725 128.039 0 0 0 0 0 
0 0 0 0 0 0 64.0508 513.356 575.736 512.31 64.0029 0 0 0 0 0 0 
0 0 0 0 0 0 56.1283 96.0256 120.437 95.8522 56.102 0 0 0 0 0 0 
0 0 0 0 0 0 0 0 63.9597 0 0 0 0 0 0 0 0 
0 0 0 0 0 0 0 16.0287 0 16.0071 0 0 0 0 0 0 0 
0 0 0 0 0 0 0 0 0 0 0 0 0 0 0 0 0 
0 0 0 0 0 0 0 0 1.99411 0 0 0 0 0 0 0 0 
