1 0 0 0 0 0 0 0 0 0 0 0 0 0 0 0 1 
0 0 0 0 0 0 0 0 0 0 0 0 0 0 0 0 0 
0 16 0 0 0 0 0 0 0 0 0 0 0 0 0 16 0 
0 0 31.9963 0 0 0 0 0 0 0 0 0 0 0 32.0432 0 0 
0 0 88.0037 95.9362 24.0475 0 0 0 7.99857 0 0 0 23.9588 96.1117 87.9568 0 0 
0 0 0 255.913 255.896 192.103 96.1323 63.9453 0 63.8028 95.764 191.972 256.054 256.215 0 0 0 
0 0 0 208.15 736.752 687.89 704.334 623.855 767.608 622.678 702.559 688.024 736.86 207.674 0 0 0 
0 0 0 0 575.627 1665.77 1825.4 1918.93 1597.41 1918.03 1825.19 1663.51 575.707 0 0 0 0 
0 0 0 0 227.677 1246.91 2925.75 3678.33 4357.78 3681.95 2925.24 1248.36 227.421 0 0 0 0 
0 0 0 0 0 447.404 1568.75 3136.89 3266.04 3135.53 1569.99 448.826 0 0 0 0 0 
0 0 0 0 0 127.929 767.908 1394.25 2111.55 1394.02 769.774 127.308 0 0 0 0 0 
0 0 0 0 0 0 63.7736 511.961 575.826 512.065 63.7709 0 0 0 0 0 0 
0 0 0 0 0 0 55.9551 95.8785 119.819 95.9862 55.7163 0 0 0 0 0 0 
0 0 0 0 0 0 0 0 63.9882 0 0 0 0 0 0 0 0 
0 0 0 0 0 0 0 15.9655 0 15.9342 0 0 0 0 0 0 0 
0 0 0 0 0 0 0 0 0 0 0 0 0 0 0 0 0 
0 0 0 0 0 0 0 0 1.98877 0 0 0 0 0 0 0 0 
