1 0 0 0 0 0 0 0 0 0 0 0 0 0 0 0 1 
0 0 0 0 0 0 0 0 0 0 0 0 0 0 0 0 0 
0 16 0 0 0 0 0 0 0 0 0 0 0 0 0 16 0 
0 0 31.9917 0 0 0 0 0 0 0 0 0 0 0 32.07 0 0 
0 0 88.0083 95.9287 24.0264 0 0 0 8.0106 0 0 0 24.0968 95.9942 87.93 0 0 
0 0 0 256.251 256.261 192.43 96.3023 64.1367 0 64.1464 95.8743 192.24 255.969 256.157 0 0 0 
0 0 0 207.82 736.425 688.085 704.737 625.611 768.434 623.626 704.096 688.459 736.146 207.848 0 0 0 
0 0 0 0 575.391 1663.26 1823.94 1920.36 1600.15 1919.78 1824.19 1664.15 575.346 0 0 0 0 
0 0 0 0 227.896 1248.71 2927.48 3678.95 4357.9 3680.66 2927.05 1246.34 228.442 0 0 0 0 
0 0 0 0 0 447.485 1567.44 3135.24 3260.22 3136.72 1568.27 448.186 0 0 0 0 0 
0 0 0 0 0 128.032 768.349 1391.86 2113.92 1390.88 768.357 128.616 0 0 0 0 0 
0 0 0 0 0 0 63.8173 511.962 575.526 512.088 64.0321 0 0 0 0 0 0 
0 0 0 0 0 0 55.9361 95.9125 119.913 96.1064 56.1261 0 0 0 0 0 0 
0 0 0 0 0 0 0 0 63.9271 0 0 0 0 0 0 0 0 
0 0 0 0 0 0 0 15.9687 0 15.9886 0 0 0 0 0 0 0 
0 0 0 0 0 0 0 0 0 0 0 0 0 0 0 0 0 
0 0 0 0 0 0 0 0 1.99833 0 0 0 0 0 0 0 0 
