1 0 0 0 0 0 0 0 0 0 0 0 0 0 0 0 1 
0 0 0 0 0 0 0 0 0 0 0 0 0 0 0 0 0 
0 16 0 0 0 0 0 0 0 0 0 0 0 0 0 16 0 
0 0 32.0236 0 0 0 0 0 0 0 0 0 0 0 31.9934 0 0 
0 0 87.9764 96.1086 24.0872 0 0 0 8.01213 0 0 0 24.1094 96.0881 88.0066 0 0 
0 0 0 255.915 256.107 192.208 96.0286 64.0597 0 64.0056 96.0539 192.237 256.117 255.713 0 0 0 
0 0 0 207.977 735.469 687.695 704.375 624.248 768.465 623.425 704.104 687.257 736.019 208.198 0 0 0 
0 0 0 0 576.2 1662.6 1822.53 1919.7 1600.48 1921.95 1824.71 1666.93 575.714 0 0 0 0 
0 0 0 0 228.137 1248.72 2927.78 3680.79 4358.77 3680.39 2930.47 1246.57 228.041 0 0 0 0 
0 0 0 0 0 448.608 1568.29 3133.36 3261.74 3135.77 1566.31 446.885 0 0 0 0 0 
0 0 0 0 0 128.167 769.068 1393.74 2110.3 1390.96 766.221 128.13 0 0 0 0 0 
0 0 0 0 0 0 63.898 512.143 576.129 511.416 64.0878 0 0 0 0 0 0 
0 0 0 0 0 0 56.0281 95.9741 120.031 96.0462 56.0386 0 0 0 0 0 0 
0 0 0 0 0 0 0 0 64.0638 0 0 0 0 0 0 0 0 
0 0 0 0 0 0 0 15.9812 0 16.0351 0 0 0 0 0 0 0 
0 0 0 0 0 0 0 0 0 0 0 0 0 0 0 0 0 
0 0 0 0 0 0 0 0 2.00338 0 0 0 0 0 0 0 0 
