1 0 0 0 0 0 0 0 0 0 0 0 0 0 0 0 1 
0 0 0 0 0 0 0 0 0 0 0 0 0 0 0 0 0 
0 16 0 0 0 0 0 0 0 0 0 0 0 0 0 16 0 
0 0 31.9593 0 0 0 0 0 0 0 0 0 0 0 31.9729 0 0 
0 0 88.0407 95.9884 23.9721 0 0 0 8.00646 0 0 0 24.0421 95.9896 88.0271 0 0 
0 0 0 256.084 256.123 192.046 96.1613 64.0149 0 64.1356 96.3092 192.019 256.123 256.089 0 0 0 
0 0 0 207.927 736.888 689.17 704.989 624.246 767.96 623.811 704.467 687.643 735.903 207.922 0 0 0 
0 0 0 0 574.86 1663.83 1823.9 1921.13 1602.94 1920.68 1824.79 1665.59 575.963 0 0 0 0 
0 0 0 0 228.157 1247.24 2930.14 3681.08 4355.31 3681.94 2926.94 1247.53 227.968 0 0 0 0 
0 0 0 0 0 447.828 1566.04 3134.75 3267.69 3136.28 1568.7 447.259 0 0 0 0 0 
0 0 0 0 0 127.89 766.78 1391.59 2108.51 1391.53 766.843 127.956 0 0 0 0 0 
0 0 0 0 0 0 63.9188 511.252 574.063 509.772 63.97 0 0 0 0 0 0 
0 0 0 0 0 0 56.067 95.9339 119.59 95.868 55.9814 0 0 0 0 0 0 
0 0 0 0 0 0 0 0 63.9287 0 0 0 0 0 0 0 0 
0 0 0 0 0 0 0 15.9951 0 15.9856 0 0 0 0 0 0 0 
0 0 0 0 0 0 0 0 0 0 0 0 0 0 0 0 0 
0 0 0 0 0 0 0 0 1.99663 0 0 0 0 0 0 0 0 
