1 0 0 0 0 0 0 0 0 0 0 0 0 0 0 0 1 
0 0 0 0 0 0 0 0 0 0 0 0 0 0 0 0 0 
0 16 0 0 0 0 0 0 0 0 0 0 0 0 0 16 0 
0 0 32.0526 0 0 0 0 0 0 0 0 0 0 0 32.0632 0 0 
0 0 87.9474 95.9681 23.9822 0 0 0 8.00131 0 0 0 24.0447 96.0526 87.9368 0 0 
0 0 0 256.068 256.075 191.739 95.5752 63.817 0 64.0618 96.0666 192.289 256.014 256.133 0 0 0 
0 0 0 207.963 735.664 687.679 702.894 622.913 767.705 624.205 703.541 687.396 736.202 207.814 0 0 0 
0 0 0 0 576.341 1664.78 1825.17 1921.36 1598.07 1922.08 1823.5 1661.96 576.085 0 0 0 0 
0 0 0 0 227.938 1248.18 2929.84 3682.69 4362.69 3677.77 2930.14 1250.01 227.654 0 0 0 0 
0 0 0 0 0 447.738 1567.24 3134.57 3261.16 3138.5 1567.14 448.396 0 0 0 0 0 
0 0 0 0 0 127.88 767.539 1391.55 2111.52 1389.99 767.941 127.954 0 0 0 0 0 
0 0 0 0 0 0 63.9348 511.227 575.003 511.43 63.8227 0 0 0 0 0 0 
0 0 0 0 0 0 55.8099 95.8592 119.989 95.9752 55.8512 0 0 0 0 0 0 
0 0 0 0 0 0 0 0 63.8504 0 0 0 0 0 0 0 0 
0 0 0 0 0 0 0 16.0095 0 15.9918 0 0 0 0 0 0 0 
0 0 0 0 0 0 0 0 0 0 0 0 0 0 0 0 0 
0 0 0 0 0 0 0 0 2.00583 0 0 0 0 0 0 0 0 
