1 0 0 0 0 0 0 0 0 0 0 0 0 0 0 0 1 
0 0 0 0 0 0 0 0 0 0 0 0 0 0 0 0 0 
0 16 0 0 0 0 0 0 0 0 0 0 0 0 0 16 0 
0 0 31.2355 0 0 0 0 0 0 0 0 0 0 0 32.2643 0 0 
0 0 88.7645 96.1495 23.2544 0 0 0 7.80725 0 0 0 23.3048 94.761 87.7357 0 0 
0 0 0 258.38 255.251 188.152 95.9073 62.1106 0 61.5177 90.6434 188.232 253.225 257.147 0 0 0 
0 0 0 205.471 725.723 691.515 711.004 624.316 766.601 620.473 706.468 675.785 728.096 208.092 0 0 0 
0 0 0 0 589.936 1650.37 1826.73 1908.29 1580.66 1914.7 1816.18 1650.88 582.263 0 0 0 0 
0 0 0 0 225.836 1261.68 2919.46 3665.34 4317.19 3648.56 2937.54 1260.07 233.111 0 0 0 0 
0 0 0 0 0 449.538 1559.62 3173.63 3298.01 3173.03 1571.77 461.465 0 0 0 0 0 
0 0 0 0 0 126.736 775.471 1383.25 2142.13 1402.53 764.434 131.568 0 0 0 0 0 
0 0 0 0 0 0 64.2713 510.112 572.199 507.406 63.4804 0 0 0 0 0 0 
0 0 0 0 0 0 55.534 96.9651 118.904 95.2224 57.483 0 0 0 0 0 0 
0 0 0 0 0 0 0 0 64.4345 0 0 0 0 0 0 0 0 
0 0 0 0 0 0 0 15.9864 0 16.5633 0 0 0 0 0 0 0 
0 0 0 0 0 0 0 0 0 0 0 0 0 0 0 0 0 
0 0 0 0 0 0 0 0 2.06569 0 0 0 0 0 0 0 0 
