1 0 0 0 0 0 0 0 0 0 0 0 0 0 0 0 1 
0 0 0 0 0 0 0 0 0 0 0 0 0 0 0 0 0 
0 16 0 0 0 0 0 0 0 0 0 0 0 0 0 16 0 
0 0 31.3682 0 0 0 0 0 0 0 0 0 0 0 31.7259 0 0 
0 0 88.6318 94.1133 22.1951 0 0 0 8.32289 0 0 0 24.3824 94.3811 88.2741 0 0 
0 0 0 254.239 255.346 187.734 95.1643 63.1142 0 68.3099 97.7809 192.898 255.003 252.824 0 0 0 
0 0 0 211.648 735.359 692.597 697.788 628.928 774.685 626.023 707.324 685.303 737.334 212.795 0 0 0 
0 0 0 0 578.46 1664.3 1826.12 1949.57 1629.03 1940.57 1798.51 1649.79 570.673 0 0 0 0 
0 0 0 0 228.639 1250.61 2950.37 3662.34 4348.36 3692.9 2922.49 1246.85 232.608 0 0 0 0 
0 0 0 0 0 444.453 1557.02 3123.78 3210.98 3082.9 1555.91 462.117 0 0 0 0 0 
0 0 0 0 0 128.305 762.544 1381.27 2124.92 1376.74 800.33 131.048 0 0 0 0 0 
0 0 0 0 0 0 63.1074 518.987 585.12 536.906 67.0972 0 0 0 0 0 0 
0 0 0 0 0 0 55.8828 95.582 119.792 99.0996 58.5518 0 0 0 0 0 0 
0 0 0 0 0 0 0 0 66.7721 0 0 0 0 0 0 0 0 
0 0 0 0 0 0 0 16.4181 0 16.5572 0 0 0 0 0 0 0 
0 0 0 0 0 0 0 0 0 0 0 0 0 0 0 0 0 
0 0 0 0 0 0 0 0 2.01265 0 0 0 0 0 0 0 0 
