1 0 0 0 0 0 0 0 0 0 0 0 0 0 0 0 1 
0 0 0 0 0 0 0 0 0 0 0 0 0 0 0 0 0 
0 16 0 0 0 0 0 0 0 0 0 0 0 0 0 16 0 
0 0 31.3739 0 0 0 0 0 0 0 0 0 0 0 31.7886 0 0 
0 0 88.6261 94.3774 23.4294 0 0 0 7.78925 0 0 0 23.4061 95.7603 88.2114 0 0 
0 0 0 252.29 252.413 187.348 93.7607 61.2275 0 64.9745 98.2086 191.125 258.205 259.225 0 0 0 
0 0 0 213.333 727.09 679.294 694.242 631.728 783.736 638.831 709.552 690.204 753.461 205.014 0 0 0 
0 0 0 0 582.595 1643.93 1814.85 1894.3 1584.93 1929.91 1816.55 1685.08 561.225 0 0 0 0 
0 0 0 0 234.472 1270.95 2923.58 3684.49 4346.32 3678.01 2935.99 1237.35 223.703 0 0 0 0 
0 0 0 0 0 458.848 1573.89 3138.07 3254.05 3108.94 1566.54 435.678 0 0 0 0 0 
0 0 0 0 0 127.636 788.025 1410.99 2134.06 1392.78 761.889 128.566 0 0 0 0 0 
0 0 0 0 0 0 64.1425 509.781 574.795 515.387 63.8744 0 0 0 0 0 0 
0 0 0 0 0 0 55.5107 93.5547 119.356 95.1046 55.3935 0 0 0 0 0 0 
0 0 0 0 0 0 0 0 63.0117 0 0 0 0 0 0 0 0 
0 0 0 0 0 0 0 15.8633 0 16.0515 0 0 0 0 0 0 0 
0 0 0 0 0 0 0 0 0 0 0 0 0 0 0 0 0 
0 0 0 0 0 0 0 0 1.94459 0 0 0 0 0 0 0 0 
