1 0 0 0 0 0 0 0 0 0 0 0 0 0 0 0 1 
0 0 0 0 0 0 0 0 0 0 0 0 0 0 0 0 0 
0 16 0 0 0 0 0 0 0 0 0 0 0 0 0 16 0 
0 0 31.2101 0 0 0 0 0 0 0 0 0 0 0 32.0316 0 0 
0 0 88.7899 94.9027 23.3619 0 0 0 7.98074 0 0 0 24.1805 98.9487 87.9684 0 0 
0 0 0 259.9 255.65 195.598 97.7028 67.7294 0 65.5396 98.8161 195.131 253.262 253.385 0 0 0 
0 0 0 205.197 734.169 677.888 706.069 603.444 765.764 627.389 715.86 703.294 741.566 207.667 0 0 0 
0 0 0 0 579.218 1678.81 1824.71 1945.09 1617.37 1925.66 1804.73 1651.46 573.248 0 0 0 0 
0 0 0 0 227.602 1240.75 2948.45 3649.91 4339.41 3700.05 2950.18 1235.07 227.744 0 0 0 0 
0 0 0 0 0 449.92 1554.48 3167.62 3252.45 3115.76 1559.39 453.472 0 0 0 0 0 
0 0 0 0 0 125.03 758.52 1387.04 2113.05 1383.45 756.284 129.573 0 0 0 0 0 
0 0 0 0 0 0 62.0506 507.407 583.772 508.944 65.6091 0 0 0 0 0 0 
0 0 0 0 0 0 56.017 94.7936 124.065 96.6487 57.1276 0 0 0 0 0 0 
0 0 0 0 0 0 0 0 64.074 0 0 0 0 0 0 0 0 
0 0 0 0 0 0 0 16.9645 0 16.5548 0 0 0 0 0 0 0 
0 0 0 0 0 0 0 0 0 0 0 0 0 0 0 0 0 
0 0 0 0 0 0 0 0 2.07682 0 0 0 0 0 0 0 0 
