1 0 0 0 0 0 0 0 0 0 0 0 0 0 0 0 1 
0 0 0 0 0 0 0 0 0 0 0 0 0 0 0 0 0 
0 16 0 0 0 0 0 0 0 0 0 0 0 0 0 16 0 
0 0 30.9094 0 0 0 0 0 0 0 0 0 0 0 31.9142 0 0 
0 0 89.0906 92.8125 24.407 0 0 0 7.87996 0 0 0 24.533 98.101 88.0858 0 0 
0 0 0 257.392 248.102 189.689 95.0691 64.9692 0 64.858 97.8707 194.285 254.487 255.357 0 0 0 
0 0 0 209.795 734.304 684.599 711.186 625.125 773.08 625.809 701.607 689.054 744.518 206.542 0 0 0 
0 0 0 0 581.166 1657.17 1818.07 1902.85 1593.63 1909.36 1824.73 1689.06 566.607 0 0 0 0 
0 0 0 0 232.02 1266.26 2887.24 3675.02 4360.59 3684.88 2936.98 1235.14 229.854 0 0 0 0 
0 0 0 0 0 441.902 1606.4 3159.18 3285.53 3130.76 1575.89 436.335 0 0 0 0 0 
0 0 0 0 0 128.381 769.82 1396.07 2098.12 1417.01 755.292 124.13 0 0 0 0 0 
0 0 0 0 0 0 63.6475 506.241 566.98 499.67 62.3092 0 0 0 0 0 0 
0 0 0 0 0 0 56.5609 94.2185 120.129 92.0131 53.3219 0 0 0 0 0 0 
0 0 0 0 0 0 0 0 62.1398 0 0 0 0 0 0 0 0 
0 0 0 0 0 0 0 16.3208 0 15.6324 0 0 0 0 0 0 0 
0 0 0 0 0 0 0 0 0 0 0 0 0 0 0 0 0 
0 0 0 0 0 0 0 0 1.92471 0 0 0 0 0 0 0 0 
