1 0 0 0 0 0 0 0 0 0 0 0 0 0 0 0 1 
0 0 0 0 0 0 0 0 0 0 0 0 0 0 0 0 0 
0 16 0 0 0 0 0 0 0 0 0 0 0 0 0 16 0 
0 0 31.2073 0 0 0 0 0 0 0 0 0 0 0 32.7155 0 0 
0 0 88.7927 93.5518 22.6697 0 0 0 7.43699 0 0 0 23.0386 97.2991 87.2845 0 0 
0 0 0 257.266 248.833 185.068 95.6737 61.072 0 59.2836 90.6288 190.162 250.975 258.297 0 0 0 
0 0 0 209.182 740.886 688.956 701.694 618.615 747.928 615.116 692.776 686.557 734.243 204.404 0 0 0 
0 0 0 0 580.464 1682.85 1836.35 1921.12 1606.92 1897.7 1807.04 1651.39 579.913 0 0 0 0 
0 0 0 0 227.147 1235.87 2919.82 3679.62 4370.74 3674.02 2976.04 1264.31 231.831 0 0 0 0 
0 0 0 0 0 447.875 1562.3 3160.43 3272.73 3164.89 1554.54 446.697 0 0 0 0 0 
0 0 0 0 0 127.382 772.733 1371.29 2098.13 1388.73 766.553 128.874 0 0 0 0 0 
0 0 0 0 0 0 63.6936 514.041 580.712 523.51 64.1948 0 0 0 0 0 0 
0 0 0 0 0 0 55.7379 97.6047 117.204 100.636 56.2246 0 0 0 0 0 0 
0 0 0 0 0 0 0 0 66.1478 0 0 0 0 0 0 0 0 
0 0 0 0 0 0 0 16.2121 0 16.1185 0 0 0 0 0 0 0 
0 0 0 0 0 0 0 0 0 0 0 0 0 0 0 0 0 
0 0 0 0 0 0 0 0 2.05086 0 0 0 0 0 0 0 0 
