1 0 0 0 0 0 0 0 0 0 0 0 0 0 0 0 1 
0 0 0 0 0 0 0 0 0 0 0 0 0 0 0 0 0 
0 16 0 0 0 0 0 0 0 0 0 0 0 0 0 16 0 
0 0 31.8171 0 0 0 0 0 0 0 0 0 0 0 31.3597 0 0 
0 0 88.1829 99.1178 23.8696 0 0 0 8.70597 0 0 0 23.8371 95.8956 88.6403 0 0 
0 0 0 254.656 264.478 198.955 100.885 65.249 0 65.1832 99.5388 197.982 261.2 253.238 0 0 0 
0 0 0 206.226 734.09 687.758 719.343 645.93 788.196 615.203 687.991 693.391 731.125 210.866 0 0 0 
0 0 0 0 568.648 1659.13 1818.39 1930.04 1606.06 1963.72 1838.91 1667.42 576.042 0 0 0 0 
0 0 0 0 228.915 1251.46 2932.15 3670.18 4330.16 3691.63 2931.41 1224.84 227.795 0 0 0 0 
0 0 0 0 0 445.896 1556.3 3135.06 3268.98 3111.7 1568.69 459.76 0 0 0 0 0 
0 0 0 0 0 124.792 766.017 1371.95 2104.95 1375.59 764.517 124.607 0 0 0 0 0 
0 0 0 0 0 0 60.3885 512.409 579.338 507.041 64.2671 0 0 0 0 0 0 
0 0 0 0 0 0 54.5299 93.5219 118.435 94.9336 52.6779 0 0 0 0 0 0 
0 0 0 0 0 0 0 0 63.2543 0 0 0 0 0 0 0 0 
0 0 0 0 0 0 0 15.6692 0 15.0005 0 0 0 0 0 0 0 
0 0 0 0 0 0 0 0 0 0 0 0 0 0 0 0 0 
0 0 0 0 0 0 0 0 1.92862 0 0 0 0 0 0 0 0 
