1 0 0 0 0 0 0 0 0 0 0 0 0 0 0 0 1 
0 0 0 0 0 0 0 0 0 0 0 0 0 0 0 0 0 
0 16 0 0 0 0 0 0 0 0 0 0 0 0 0 16 0 
0 0 32.6313 0 0 0 0 0 0 0 0 0 0 0 33.077 0 0 
0 0 87.3687 94.6159 23.7493 0 0 0 7.71647 0 0 0 22.4314 97.0096 86.923 0 0 
0 0 0 259.052 256.704 191.598 93.2841 62.4429 0 63.336 95.2268 190.547 260.947 253.443 0 0 0 
0 0 0 206.332 739.631 676.049 689.029 628.883 763.071 623.71 692.812 686.353 734.888 209.548 0 0 0 
0 0 0 0 571.961 1660.83 1824.01 1883.01 1610.5 1907.84 1795.48 1653.93 572.821 0 0 0 0 
0 0 0 0 227.955 1265.96 2901.63 3671.48 4353.28 3681.5 2980.56 1262.4 228.912 0 0 0 0 
0 0 0 0 0 445.154 1627.47 3176.62 3281.22 3162.05 1562.61 445.529 0 0 0 0 0 
0 0 0 0 0 128.413 753.432 1396.26 2108.71 1389.52 762.579 129.246 0 0 0 0 0 
0 0 0 0 0 0 63.7152 508.726 563.547 501.226 61.8897 0 0 0 0 0 0 
0 0 0 0 0 0 55.4311 96.7843 116.011 94.7774 56.8417 0 0 0 0 0 0 
0 0 0 0 0 0 0 0 63.9111 0 0 0 0 0 0 0 0 
0 0 0 0 0 0 0 15.8015 0 16.0354 0 0 0 0 0 0 0 
0 0 0 0 0 0 0 0 0 0 0 0 0 0 0 0 0 
0 0 0 0 0 0 0 0 2.03744 0 0 0 0 0 0 0 0 
