1 0 0 0 0 0 0 0 0 0 0 0 0 0 0 0 1 
0 0 0 0 0 0 0 0 0 0 0 0 0 0 0 0 0 
0 16 0 0 0 0 0 0 0 0 0 0 0 0 0 16 0 
0 0 32.0116 0 0 0 0 0 0 0 0 0 0 0 32.7184 0 0 
0 0 87.9884 94.0392 23.5601 0 0 0 8.00467 0 0 0 24.0875 98.6905 87.2816 0 0 
0 0 0 258.291 248.426 186.881 94.5517 63.7496 0 64.902 99.981 195.599 262.114 259.698 0 0 0 
0 0 0 207.67 743.295 689.111 706.366 622.67 771.443 638.819 721.916 707.308 723.896 201.612 0 0 0 
0 0 0 0 574.654 1678.51 1838.67 1940.57 1624.59 1950.72 1846.86 1638.13 585.514 0 0 0 0 
0 0 0 0 230.065 1228.17 2883.47 3669.53 4366.26 3714.95 2899.84 1245.92 224.389 0 0 0 0 
0 0 0 0 0 456.699 1586.39 3124.96 3259.41 3085.82 1558.44 451.021 0 0 0 0 0 
0 0 0 0 0 128.629 775.507 1402.69 2099.82 1364.99 760.636 130.027 0 0 0 0 0 
0 0 0 0 0 0 66.8103 502.226 555.785 509.435 64.8923 0 0 0 0 0 0 
0 0 0 0 0 0 56.2393 97.3728 119.612 94.5934 55.4376 0 0 0 0 0 0 
0 0 0 0 0 0 0 0 63.1464 0 0 0 0 0 0 0 0 
0 0 0 0 0 0 0 16.233 0 15.7773 0 0 0 0 0 0 0 
0 0 0 0 0 0 0 0 0 0 0 0 0 0 0 0 0 
0 0 0 0 0 0 0 0 1.92627 0 0 0 0 0 0 0 0 
