1 0 0 0 0 0 0 0 0 0 0 0 0 0 0 0 1 
0 0 0 0 0 0 0 0 0 0 0 0 0 0 0 0 0 
0 16 0 0 0 0 0 0 0 0 0 0 0 0 0 16 0 
0 0 31.507 0 0 0 0 0 0 0 0 0 0 0 32.1809 0 0 
0 0 88.493 96.6797 25.157 0 0 0 8.22168 0 0 0 23.2702 96.1342 87.8191 0 0 
0 0 0 254.562 259.944 193.621 95.8904 62.6557 0 59.8657 94.2655 189.976 253.065 255.142 0 0 0 
0 0 0 208.759 725.213 677.621 702.34 625.275 767.229 632.325 702.168 680.88 733.164 208.724 0 0 0 
0 0 0 0 578.685 1657.99 1788.46 1902.85 1569.07 1882.02 1824.85 1661.5 581.54 0 0 0 0 
0 0 0 0 231.001 1255.34 2959.13 3669.18 4359.93 3718.71 2920.37 1265.7 228.961 0 0 0 0 
0 0 0 0 0 457.383 1572.73 3174.25 3300.71 3146.03 1572.54 441.384 0 0 0 0 0 
0 0 0 0 0 126.038 769.301 1391.47 2106.78 1377.42 774.199 128.56 0 0 0 0 0 
0 0 0 0 0 0 64.0408 502.852 575.962 511.51 64.26 0 0 0 0 0 0 
0 0 0 0 0 0 56.1102 95.7604 118.567 96.5449 55.355 0 0 0 0 0 0 
0 0 0 0 0 0 0 0 61.6093 0 0 0 0 0 0 0 0 
0 0 0 0 0 0 0 15.7051 0 15.5807 0 0 0 0 0 0 0 
0 0 0 0 0 0 0 0 0 0 0 0 0 0 0 0 0 
0 0 0 0 0 0 0 0 1.91692 0 0 0 0 0 0 0 0 
