1 0 0 0 0 0 0 0 0 0 0 0 0 0 0 0 1 
0 0 0 0 0 0 0 0 0 0 0 0 0 0 0 0 0 
0 16 0 0 0 0 0 0 0 0 0 0 0 0 0 16 0 
0 0 32.1579 0 0 0 0 0 0 0 0 0 0 0 32.3768 0 0 
0 0 87.8421 92.9248 22.4628 0 0 0 8.06398 0 0 0 23.1259 94.9721 87.6232 0 0 
0 0 0 261.666 249.681 186.617 96.2529 63.9973 0 61.7481 93.343 185.971 258.121 256.778 0 0 0 
0 0 0 205.409 745.32 690.241 692.287 612.326 754.997 617.272 702.291 684.669 730.042 208.25 0 0 0 
0 0 0 0 574.253 1649.35 1818.82 1900.19 1564.36 1908.54 1806.99 1655.11 575.119 0 0 0 0 
0 0 0 0 228.283 1249.25 2923.55 3695.05 4375.58 3685.55 2912.69 1260.53 233.592 0 0 0 0 
0 0 0 0 0 462.897 1565.63 3140.16 3246.1 3125.21 1586.12 454.865 0 0 0 0 0 
0 0 0 0 0 129.645 791.293 1407.28 2142.92 1410.54 785.281 126.852 0 0 0 0 0 
0 0 0 0 0 0 63.596 509.498 588.926 517.832 65.5309 0 0 0 0 0 0 
0 0 0 0 0 0 56.5772 95.1377 123.838 96.8829 55.7581 0 0 0 0 0 0 
0 0 0 0 0 0 0 0 63.096 0 0 0 0 0 0 0 0 
0 0 0 0 0 0 0 16.3498 0 16.4237 0 0 0 0 0 0 0 
0 0 0 0 0 0 0 0 0 0 0 0 0 0 0 0 0 
0 0 0 0 0 0 0 0 2.11985 0 0 0 0 0 0 0 0 
