1 0 0 0 0 0 0 0 0 0 0 0 0 0 0 0 1 
0 0 0 0 0 0 0 0 0 0 0 0 0 0 0 0 0 
0 16 0 0 0 0 0 0 0 0 0 0 0 0 0 16 0 
0 0 32.585 0 0 0 0 0 0 0 0 0 0 0 32.6226 0 0 
0 0 87.415 96.0135 22.5048 0 0 0 8.66991 0 0 0 23.7855 95.9222 87.3774 0 0 
0 0 0 258.455 258.972 189.081 95.1703 64.9598 0 66.084 101.57 193.675 259.334 255.763 0 0 0 
0 0 0 205.531 728.791 672.892 708.648 633.948 773.045 634.998 716.402 697.281 736.162 208.315 0 0 0 
0 0 0 0 576.17 1690.21 1825.35 1937.74 1585.41 1925.37 1814.05 1662.71 572.555 0 0 0 0 
0 0 0 0 233.562 1247.5 2936.91 3659.72 4369.45 3660.86 2916.59 1243.49 228.164 0 0 0 0 
0 0 0 0 0 441.024 1578.94 3139.51 3252.65 3158.56 1580.51 437.841 0 0 0 0 0 
0 0 0 0 0 127.3 744.29 1387.72 2115.77 1376 759.911 132.997 0 0 0 0 0 
0 0 0 0 0 0 64.4427 508.087 576.938 506.759 61.9145 0 0 0 0 0 0 
0 0 0 0 0 0 54.2595 93.0961 122.523 94.7997 57.0522 0 0 0 0 0 0 
0 0 0 0 0 0 0 0 63.5251 0 0 0 0 0 0 0 0 
0 0 0 0 0 0 0 15.2347 0 16.5685 0 0 0 0 0 0 0 
0 0 0 0 0 0 0 0 0 0 0 0 0 0 0 0 0 
0 0 0 0 0 0 0 0 2.02044 0 0 0 0 0 0 0 0 
