1 0 0 0 0 0 0 0 0 0 0 0 0 0 0 0 1 
0 0 0 0 0 0 0 0 0 0 0 0 0 0 0 0 0 
0 16 0 0 0 0 0 0 0 0 0 0 0 0 0 16 0 
0 0 31.0693 0 0 0 0 0 0 0 0 0 0 0 32.6342 0 0 
0 0 88.9307 97.2297 23.7617 0 0 0 7.95138 0 0 0 25.0252 98.0058 87.3658 0 0 
0 0 0 254.483 260.979 192.988 95.7523 62.671 0 65.0278 97.1988 194.406 251.391 259 0 0 0 
0 0 0 208.287 731.844 683.699 697.656 614.98 757.749 630.134 718.207 689.734 738.971 202.994 0 0 0 
0 0 0 0 570.587 1693.21 1812.46 1930.69 1570.06 1916.46 1814.41 1670.82 578.964 0 0 0 0 
0 0 0 0 232.829 1236.06 2927.93 3658 4368.53 3645.7 2946.52 1231.39 225.649 0 0 0 0 
0 0 0 0 0 436.18 1594.03 3157.24 3266.29 3167.83 1540.25 454.497 0 0 0 0 0 
0 0 0 0 0 125.871 765.664 1398.97 2152.84 1403.49 772.596 127.153 0 0 0 0 0 
0 0 0 0 0 0 60.797 507.601 566.904 503.738 63.9003 0 0 0 0 0 0 
0 0 0 0 0 0 53.7121 94.0114 115.879 91.5361 54.9244 0 0 0 0 0 0 
0 0 0 0 0 0 0 0 61.8817 0 0 0 0 0 0 0 0 
0 0 0 0 0 0 0 15.838 0 16.0882 0 0 0 0 0 0 0 
0 0 0 0 0 0 0 0 0 0 0 0 0 0 0 0 0 
0 0 0 0 0 0 0 0 1.91298 0 0 0 0 0 0 0 0 
