1 0 0 0 0 0 0 0 0 0 0 0 0 0 0 0 1 
0 0 0 0 0 0 0 0 0 0 0 0 0 0 0 0 0 
0 16 0 0 0 0 0 0 0 0 0 0 0 0 0 16 0 
0 0 30.75 0 0 0 0 0 0 0 0 0 0 0 31.723 0 0 
0 0 89.25 95.0089 23.0606 0 0 0 7.88567 0 0 0 22.7616 93.8678 88.277 0 0 
0 0 0 255.845 254.207 185.801 96.7033 63.2013 0 66.2093 99.8599 188.127 255.143 257.852 0 0 0 
0 0 0 209.146 728.069 677.808 699.615 627.111 773.546 626.186 700.053 700.174 740.086 208.28 0 0 0 
0 0 0 0 581.673 1669.83 1817.1 1911.7 1591.87 1910.74 1800.35 1641.12 574.553 0 0 0 0 
0 0 0 0 232.989 1243.64 2918.29 3697.06 4313.97 3676.32 2928.32 1259.67 227.456 0 0 0 0 
0 0 0 0 0 457.845 1580.46 3110.2 3272.29 3121.95 1582.22 448.001 0 0 0 0 0 
0 0 0 0 0 133.078 773.175 1392.33 2137.39 1402.37 774.037 130.902 0 0 0 0 0 
0 0 0 0 0 0 65.6648 522.757 584.902 523.07 66.0759 0 0 0 0 0 0 
0 0 0 0 0 0 56.9949 99.1629 119.747 96.7583 57.0793 0 0 0 0 0 0 
0 0 0 0 0 0 0 0 66.3167 0 0 0 0 0 0 0 0 
0 0 0 0 0 0 0 16.479 0 16.3865 0 0 0 0 0 0 0 
0 0 0 0 0 0 0 0 0 0 0 0 0 0 0 0 0 
0 0 0 0 0 0 0 0 2.08186 0 0 0 0 0 0 0 0 
