1 0 0 0 0 0 0 0 0 0 0 0 0 0 0 0 1 
0 0 0 0 0 0 0 0 0 0 0 0 0 0 0 0 0 
0 16 0 0 0 0 0 0 0 0 0 0 0 0 0 16 0 
0 0 31.3767 0 0 0 0 0 0 0 0 0 0 0 32.0574 0 0 
0 0 88.6233 95.9846 23.5145 0 0 0 8.57477 0 0 0 23.8149 98.7797 87.9426 0 0 
0 0 0 253.597 254.197 188.901 95.4932 67.1333 0 63.7306 96.3909 194.91 261.148 259.869 0 0 0 
0 0 0 210.419 744.033 682.337 712.79 637.02 764.842 632.981 712.325 695.161 742.762 201.351 0 0 0 
0 0 0 0 572.912 1658.77 1834.22 1927.27 1625.11 1911.31 1816.32 1677.81 569.148 0 0 0 0 
0 0 0 0 225.344 1272.44 2931.8 3701.32 4422.36 3726.21 2934.18 1242.44 223.127 0 0 0 0 
0 0 0 0 0 440.335 1563.35 3127.88 3252.9 3131.27 1584.61 433.907 0 0 0 0 0 
0 0 0 0 0 125.222 756.541 1364.3 2056.09 1363.62 747.422 123.771 0 0 0 0 0 
0 0 0 0 0 0 59.576 508.001 560.801 504.102 62.1815 0 0 0 0 0 0 
0 0 0 0 0 0 54.2247 91.2465 116.522 91.4795 54.5677 0 0 0 0 0 0 
0 0 0 0 0 0 0 0 60.9025 0 0 0 0 0 0 0 0 
0 0 0 0 0 0 0 15.8311 0 15.3008 0 0 0 0 0 0 0 
0 0 0 0 0 0 0 0 0 0 0 0 0 0 0 0 0 
0 0 0 0 0 0 0 0 1.89771 0 0 0 0 0 0 0 0 
