1 0 0 0 0 0 0 0 0 0 0 0 0 0 0 0 1 
0 0 0 0 0 0 0 0 0 0 0 0 0 0 0 0 0 
0 16 0 0 0 0 0 0 0 0 0 0 0 0 0 16 0 
0 0 31.9428 0 0 0 0 0 0 0 0 0 0 0 31.5666 0 0 
0 0 88.0572 94.7422 23.6998 0 0 0 8.42288 0 0 0 23.4221 96.8198 88.4334 0 0 
0 0 0 256.469 258.273 192.705 95.8118 65.2824 0 64.8589 97.0962 189.034 260.599 258.787 0 0 0 
0 0 0 208.788 740.889 684.703 700.223 613.963 770.519 629.957 702.972 703.291 743.466 204.393 0 0 0 
0 0 0 0 568.545 1671.03 1820.01 1914.83 1588.16 1883.23 1850.05 1660.55 565.047 0 0 0 0 
0 0 0 0 228.594 1240.14 2945.53 3725.34 4365.82 3722.92 2934.8 1255.74 227.465 0 0 0 0 
0 0 0 0 0 453.778 1570.29 3144.72 3283.85 3148.43 1561.9 435.459 0 0 0 0 0 
0 0 0 0 0 125.641 759.343 1373.15 2106.03 1383.7 744.574 123.926 0 0 0 0 0 
0 0 0 0 0 0 63.0116 495.929 572.811 500.165 62.187 0 0 0 0 0 0 
0 0 0 0 0 0 53.7718 91.5698 112.312 91.4992 54.4262 0 0 0 0 0 0 
0 0 0 0 0 0 0 0 60.1899 0 0 0 0 0 0 0 0 
0 0 0 0 0 0 0 15.2172 0 15.2389 0 0 0 0 0 0 0 
0 0 0 0 0 0 0 0 0 0 0 0 0 0 0 0 0 
0 0 0 0 0 0 0 0 1.88629 0 0 0 0 0 0 0 0 
