1 0 0 0 0 0 0 0 0 0 0 0 0 0 0 0 1 
0 0 0 0 0 0 0 0 0 0 0 0 0 0 0 0 0 
0 16 0 0 0 0 0 0 0 0 0 0 0 0 0 16 0 
0 0 32.6052 0 0 0 0 0 0 0 0 0 0 0 32.345 0 0 
0 0 87.3948 95.4193 23.4831 0 0 0 8.11476 0 0 0 24.3651 97.4125 87.655 0 0 
0 0 0 258.87 258.802 190.615 93.2887 62.3625 0 63.933 96.4163 188.455 260.165 255.71 0 0 0 
0 0 0 205.71 733.756 675.048 694.468 618.336 772.187 608.062 706.105 689.171 729.383 206.878 0 0 0 
0 0 0 0 576.846 1667.3 1822.99 1947.4 1612.33 1926.29 1806.41 1653.24 577.694 0 0 0 0 
0 0 0 0 227.113 1248.14 2920.25 3663.62 4373.67 3696.3 2940.33 1255.57 228.393 0 0 0 0 
0 0 0 0 0 459.444 1563.48 3138.25 3249.44 3149.28 1560.26 452.08 0 0 0 0 0 
0 0 0 0 0 127.459 792.913 1372.84 2091.35 1378.01 775.884 129.491 0 0 0 0 0 
0 0 0 0 0 0 63.6096 525.287 575.876 506.631 63.6884 0 0 0 0 0 0 
0 0 0 0 0 0 56.9984 95.3588 120.489 94.8567 58.9021 0 0 0 0 0 0 
0 0 0 0 0 0 0 0 64.4303 0 0 0 0 0 0 0 0 
0 0 0 0 0 0 0 16.5507 0 16.6373 0 0 0 0 0 0 0 
0 0 0 0 0 0 0 0 0 0 0 0 0 0 0 0 0 
0 0 0 0 0 0 0 0 2.11815 0 0 0 0 0 0 0 0 
