1 0 0 0 0 0 0 0 0 0 0 0 0 0 0 0 1 
0 0 0 0 0 0 0 0 0 0 0 0 0 0 0 0 0 
0 16 0 0 0 0 0 0 0 0 0 0 0 0 0 16 0 
0 0 32.3335 0 0 0 0 0 0 0 0 0 0 0 32.9076 0 0 
0 0 87.6665 96.6091 22.5201 0 0 0 7.96063 0 0 0 23.7841 96.1615 87.0924 0 0 
0 0 0 258.445 257.038 191.051 92.7627 63.587 0 61.5655 93.1001 190.932 251.278 255.869 0 0 0 
0 0 0 204.946 726.357 679.737 686.518 616.324 754.29 615.071 688.426 680.474 746.25 207.969 0 0 0 
0 0 0 0 587.361 1656.08 1800.58 1859.42 1549.03 1858.59 1819.3 1672.1 572.589 0 0 0 0 
0 0 0 0 226.724 1254.66 2974.1 3697 4340.11 3687.68 2935.77 1253.11 226.098 0 0 0 0 
0 0 0 0 0 454.02 1564.18 3159.89 3272.89 3159.64 1578.9 443.334 0 0 0 0 0 
0 0 0 0 0 132.45 766.708 1391.28 2155.08 1419.13 769.496 128.045 0 0 0 0 0 
0 0 0 0 0 0 65.2906 532.343 595.747 519.969 64.3941 0 0 0 0 0 0 
0 0 0 0 0 0 57.8584 103.237 125.028 101.653 58.6101 0 0 0 0 0 0 
0 0 0 0 0 0 0 0 67.761 0 0 0 0 0 0 0 0 
0 0 0 0 0 0 0 16.9169 0 16.7123 0 0 0 0 0 0 0 
0 0 0 0 0 0 0 0 0 0 0 0 0 0 0 0 0 
0 0 0 0 0 0 0 0 2.10884 0 0 0 0 0 0 0 0 
