1 0 0 0 0 0 0 0 0 0 0 0 0 0 0 0 1 
0 0 0 0 0 0 0 0 0 0 0 0 0 0 0 0 0 
0 16 0 0 0 0 0 0 0 0 0 0 0 0 0 16 0 
0 0 31.7202 0 0 0 0 0 0 0 0 0 0 0 32.4056 0 0 
0 0 88.2798 95.7661 23.036 0 0 0 7.67613 0 0 0 22.7381 94.4353 87.5944 0 0 
0 0 0 253.112 251.837 195.643 94.6593 60.2221 0 63.6131 96.6099 189.692 250.469 256.357 0 0 0 
0 0 0 211.122 734.879 682.195 709.851 630.755 772.543 625.293 714.553 674.903 730.886 209.207 0 0 0 
0 0 0 0 577.165 1658.42 1850.68 1966.72 1612.48 1929.8 1830.03 1673.05 583.781 0 0 0 0 
0 0 0 0 233.082 1262.28 2907.97 3706.76 4377.29 3688.14 2924.38 1248.33 232.127 0 0 0 0 
0 0 0 0 0 441.643 1567.78 3080.52 3259.68 3130.09 1556.92 452.224 0 0 0 0 0 
0 0 0 0 0 127.821 759.98 1381.06 2084.41 1380.85 766.136 129.802 0 0 0 0 0 
0 0 0 0 0 0 61.9201 507.631 570.125 516.05 63.1421 0 0 0 0 0 0 
0 0 0 0 0 0 55.1671 90.6141 123.569 90.8439 56.2284 0 0 0 0 0 0 
0 0 0 0 0 0 0 0 60.2964 0 0 0 0 0 0 0 0 
0 0 0 0 0 0 0 15.7099 0 15.3174 0 0 0 0 0 0 0 
0 0 0 0 0 0 0 0 0 0 0 0 0 0 0 0 0 
0 0 0 0 0 0 0 0 1.92855 0 0 0 0 0 0 0 0 
