1 0 0 0 0 0 0 0 0 0 0 0 0 0 0 0 1 
0 0 0 0 0 0 0 0 0 0 0 0 0 0 0 0 0 
0 16 0 0 0 0 0 0 0 0 0 0 0 0 0 16 0 
0 0 33.0536 0 0 0 0 0 0 0 0 0 0 0 32.0746 0 0 
0 0 86.9464 99.9117 23.959 0 0 0 7.95931 0 0 0 22.7301 95.1626 87.9254 0 0 
0 0 0 254.356 259.065 198.189 98.247 66.4305 0 65.2027 95.9325 187.409 256.255 260.231 0 0 0 
0 0 0 205.732 737.198 690.904 705.337 635.064 759.432 633.606 696.074 693.339 744.583 204.607 0 0 0 
0 0 0 0 571.543 1659.42 1806.65 1898.5 1611.65 1908.3 1824.31 1662.22 568.458 0 0 0 0 
0 0 0 0 228.234 1238.61 2910.37 3646.52 4284.13 3657.29 2942.77 1252.57 227.974 0 0 0 0 
0 0 0 0 0 447.499 1596.5 3136.21 3299.63 3143.56 1552.63 447.107 0 0 0 0 0 
0 0 0 0 0 133.383 766.665 1433.76 2134.3 1408.29 777.57 125.36 0 0 0 0 0 
0 0 0 0 0 0 67.417 509.914 586.342 510.174 63.5005 0 0 0 0 0 0 
0 0 0 0 0 0 56.8194 97.2001 118.268 96.9888 55.2173 0 0 0 0 0 0 
0 0 0 0 0 0 0 0 66.2936 0 0 0 0 0 0 0 0 
0 0 0 0 0 0 0 16.4012 0 16.5868 0 0 0 0 0 0 0 
0 0 0 0 0 0 0 0 0 0 0 0 0 0 0 0 0 
0 0 0 0 0 0 0 0 2.00092 0 0 0 0 0 0 0 0 
