1 0 0 0 0 0 0 0 0 0 0 0 0 0 0 0 1 
0 0 0 0 0 0 0 0 0 0 0 0 0 0 0 0 0 
0 16 0 0 0 0 0 0 0 0 0 0 0 0 0 16 0 
0 0 31.2862 0 0 0 0 0 0 0 0 0 0 0 31.1622 0 0 
0 0 88.7138 95.7077 24.3848 0 0 0 7.9946 0 0 0 23.4676 95.4897 88.8378 0 0 
0 0 0 253.762 252.919 196.444 94.8834 63.9505 0 63.5338 99.6672 193.491 254.963 253.741 0 0 0 
0 0 0 210.53 729.171 669.039 697.173 616.45 744.673 607.371 686.695 678.241 731.749 210.77 0 0 0 
0 0 0 0 574.854 1657.91 1827.64 1915.8 1608.74 1894.97 1793.59 1637.98 578.861 0 0 0 0 
0 0 0 0 238.671 1255.74 2955.7 3724.03 4332.11 3657.11 2901.35 1273.63 230.959 0 0 0 0 
0 0 0 0 0 456.691 1545.8 3138.25 3317.9 3176.58 1615.04 451.365 0 0 0 0 0 
0 0 0 0 0 132.176 765.881 1362.32 2088.23 1400.68 787.396 133.293 0 0 0 0 0 
0 0 0 0 0 0 63.8496 506.089 581.157 525.315 66.791 0 0 0 0 0 0 
0 0 0 0 0 0 57.0739 96.6477 121.624 98.247 57.4791 0 0 0 0 0 0 
0 0 0 0 0 0 0 0 65.4273 0 0 0 0 0 0 0 0 
0 0 0 0 0 0 0 16.466 0 16.1997 0 0 0 0 0 0 0 
0 0 0 0 0 0 0 0 0 0 0 0 0 0 0 0 0 
0 0 0 0 0 0 0 0 2.13758 0 0 0 0 0 0 0 0 
