1 0 0 0 0 0 0 0 0 0 0 0 0 0 0 0 1 
0 0 0 0 0 0 0 0 0 0 0 0 0 0 0 0 0 
0 16 0 0 0 0 0 0 0 0 0 0 0 0 0 16 0 
0 0 32.3335 0 0 0 0 0 0 0 0 0 0 0 31.5666 0 0 
0 0 87.6665 95.7482 24.2674 0 0 0 8.34029 0 0 0 23.2641 94.1668 88.4334 0 0 
0 0 0 253.838 255.915 193.525 93.5724 65.3799 0 66.7168 99.7977 196.167 262.532 258.389 0 0 0 
0 0 0 210.414 726.902 685.937 699.476 619.853 773.372 626.84 704.416 704.788 737.999 207.444 0 0 0 
0 0 0 0 580.669 1655.35 1828.98 1936.75 1610.67 1950.23 1842.57 1648.71 568.613 0 0 0 0 
0 0 0 0 232.247 1252.27 2933.42 3667.23 4426.07 3702.69 2896.29 1253.66 227.591 0 0 0 0 
0 0 0 0 0 452.161 1569.96 3128.34 3196.94 3089.94 1589.75 434.631 0 0 0 0 0 
0 0 0 0 0 128.758 764.389 1396.86 2105.58 1388.67 758.686 130.039 0 0 0 0 0 
0 0 0 0 0 0 63.322 513.061 566.295 504.049 61.5136 0 0 0 0 0 0 
0 0 0 0 0 0 54.8809 97.0152 116.363 94.7543 54.9724 0 0 0 0 0 0 
0 0 0 0 0 0 0 0 64.4348 0 0 0 0 0 0 0 0 
0 0 0 0 0 0 0 15.5177 0 16.1119 0 0 0 0 0 0 0 
0 0 0 0 0 0 0 0 0 0 0 0 0 0 0 0 0 
0 0 0 0 0 0 0 0 1.93392 0 0 0 0 0 0 0 0 
