1 0 0 0 0 0 0 0 0 0 0 0 0 0 0 0 0 
0 0 0 0 0 0 0 0 0 0 0 0 0 0 0 0 0 
0 16 0 0 0 0 0 0 0 0 0 0 0 0 0 0 0 
0 0 32 0 0 0 0 0 0 0 0 0 0 0 0 0 0 
0 0 88 96.0149 24.0037 0 0 0 7.98894 0 0 0 0 0 0 0 0 
0 0 0 255.97 256.126 192.084 95.8773 63.9115 0 0 0 0 0 0 0 0 0 
0 0 0 208.015 735.723 688.055 704.119 624.197 768.02 0 0 0 0 0 0 0 0 
0 0 0 0 576.162 1663.68 1824.21 1919.59 1600.59 0 0 0 0 0 0 0 0 
0 0 0 0 227.986 1248.1 2927.56 3680.3 4354.96 0 0 0 0 0 0 0 0 
0 0 0 0 0 448.113 1568.28 3136.2 3264.18 0 0 0 0 0 0 0 0 
0 0 0 0 0 127.965 768.012 1391.8 2112.36 0 0 0 0 0 0 0 0 
0 0 0 0 0 0 64.0097 512.061 575.956 0 0 0 0 0 0 0 0 
0 0 0 0 0 0 55.9369 95.9605 119.921 0 0 0 0 0 0 0 0 
0 0 0 0 0 0 0 0 64.0299 0 0 0 0 0 0 0 0 
0 0 0 0 0 0 0 15.982 0 0 0 0 0 0 0 0 0 
0 0 0 0 0 0 0 0 0 0 0 0 0 0 0 0 0 
0 0 0 0 0 0 0 0 1.99775 0 0 0 0 0 0 0 0 
