1 0 0 0 0 0 0 0 0 0 0 0 0 0 0 0 0 
0 0 0 0 0 0 0 0 0 0 0 0 0 0 0 0 0 
0 16 0 0 0 0 0 0 0 0 0 0 0 0 0 0 0 
0 0 32 0 0 0 0 0 0 0 0 0 0 0 0 0 0 
0 0 88 95.9483 23.9871 0 0 0 7.97731 0 0 0 0 0 0 0 0 
0 0 0 256.103 256.021 191.944 95.9996 63.8185 0 0 0 0 0 0 0 0 0 
0 0 0 207.948 736.036 688.165 703.919 624.091 767.746 0 0 0 0 0 0 0 0 
0 0 0 0 575.918 1663.99 1824.34 1920.18 1600.13 0 0 0 0 0 0 0 0 
0 0 0 0 228.038 1247.8 2927.82 3680.41 4355.81 0 0 0 0 0 0 0 0 
0 0 0 0 0 448.058 1567.77 3135.34 3265.53 0 0 0 0 0 0 0 0 
0 0 0 0 0 128.045 768.029 1392.11 2110.48 0 0 0 0 0 0 0 0 
0 0 0 0 0 0 64.1185 511.912 576.292 0 0 0 0 0 0 0 0 
0 0 0 0 0 0 55.9995 96.1293 120.032 0 0 0 0 0 0 0 0 
0 0 0 0 0 0 0 0 64.0077 0 0 0 0 0 0 0 0 
0 0 0 0 0 0 0 15.9999 0 0 0 0 0 0 0 0 0 
0 0 0 0 0 0 0 0 0 0 0 0 0 0 0 0 0 
0 0 0 0 0 0 0 0 1.99998 0 0 0 0 0 0 0 0 
