1 0 0 0 0 0 0 0 0 0 0 0 0 0 0 0 0 
0 0 0 0 0 0 0 0 0 0 0 0 0 0 0 0 0 
0 16 0 0 0 0 0 0 0 0 0 0 0 0 0 0 0 
0 0 32 0 0 0 0 0 0 0 0 0 0 0 0 0 0 
0 0 88 96.0232 24.0058 0 0 0 7.98623 0 0 0 0 0 0 0 0 
0 0 0 255.954 256.017 192.089 96.0285 63.8898 0 0 0 0 0 0 0 0 0 
0 0 0 208.023 735.985 688.081 703.895 624.234 768.199 0 0 0 0 0 0 0 0 
0 0 0 0 575.956 1663.6 1824.56 1920.65 1599.7 0 0 0 0 0 0 0 0 
0 0 0 0 228.036 1248.3 2927.46 3678.79 4356.42 0 0 0 0 0 0 0 0 
0 0 0 0 0 447.82 1567.76 3136.19 3263.77 0 0 0 0 0 0 0 0 
0 0 0 0 0 128.107 768.253 1392.22 2111.59 0 0 0 0 0 0 0 0 
0 0 0 0 0 0 64.025 511.957 576.328 0 0 0 0 0 0 0 0 
0 0 0 0 0 0 56.024 96.061 119.941 0 0 0 0 0 0 0 0 
0 0 0 0 0 0 0 0 64.0652 0 0 0 0 0 0 0 0 
0 0 0 0 0 0 0 16.0069 0 0 0 0 0 0 0 0 0 
0 0 0 0 0 0 0 0 0 0 0 0 0 0 0 0 0 
0 0 0 0 0 0 0 0 2.00086 0 0 0 0 0 0 0 0 
