1 0 0 0 0 0 0 0 0 0 0 0 0 0 0 0 0 
0 0 0 0 0 0 0 0 0 0 0 0 0 0 0 0 0 
0 16 0 0 0 0 0 0 0 0 0 0 0 0 0 0 0 
0 0 32 0 0 0 0 0 0 0 0 0 0 0 0 0 0 
0 0 88 95.9615 23.9904 0 0 0 7.99666 0 0 0 0 0 0 0 0 
0 0 0 256.077 255.928 191.969 96.0316 63.9732 0 0 0 0 0 0 0 0 0 
0 0 0 207.961 736.247 688.171 703.947 623.934 768.076 0 0 0 0 0 0 0 0 
0 0 0 0 575.761 1663.85 1824.23 1919.48 1600.12 0 0 0 0 0 0 0 0 
0 0 0 0 228.074 1248.05 2927.94 3681.2 4355.72 0 0 0 0 0 0 0 0 
0 0 0 0 0 447.835 1567.59 3135.66 3263.92 0 0 0 0 0 0 0 0 
0 0 0 0 0 128.13 768.176 1391.64 2111.98 0 0 0 0 0 0 0 0 
0 0 0 0 0 0 64.0634 512.145 576.358 0 0 0 0 0 0 0 0 
0 0 0 0 0 0 56.0197 95.9661 119.845 0 0 0 0 0 0 0 0 
0 0 0 0 0 0 0 0 63.984 0 0 0 0 0 0 0 0 
0 0 0 0 0 0 0 16.0056 0 0 0 0 0 0 0 0 0 
0 0 0 0 0 0 0 0 0 0 0 0 0 0 0 0 0 
0 0 0 0 0 0 0 0 2.0007 0 0 0 0 0 0 0 0 
