1 0 0 0 0 0 0 0 0 0 0 0 0 0 0 0 0 
0 0 0 0 0 0 0 0 0 0 0 0 0 0 0 0 0 
0 16 0 0 0 0 0 0 0 0 0 0 0 0 0 0 0 
0 0 32 0 0 0 0 0 0 0 0 0 0 0 0 0 0 
0 0 88 96.0825 24.0206 0 0 0 7.99661 0 0 0 0 0 0 0 0 
0 0 0 255.835 256.025 192.081 96.0301 63.9729 0 0 0 0 0 0 0 0 0 
0 0 0 208.082 735.937 688.049 703.67 624.014 768.174 0 0 0 0 0 0 0 0 
0 0 0 0 575.968 1663.82 1824.37 1920.88 1599.06 0 0 0 0 0 0 0 0 
0 0 0 0 228.049 1247.88 2928.13 3678.16 4357.29 0 0 0 0 0 0 0 0 
0 0 0 0 0 448.176 1567.82 3136.91 3263.59 0 0 0 0 0 0 0 0 
0 0 0 0 0 127.994 768.001 1392.13 2111.78 0 0 0 0 0 0 0 0 
0 0 0 0 0 0 63.9609 512.073 576.214 0 0 0 0 0 0 0 0 
0 0 0 0 0 0 56.0236 95.8469 119.909 0 0 0 0 0 0 0 0 
0 0 0 0 0 0 0 0 63.9933 0 0 0 0 0 0 0 0 
0 0 0 0 0 0 0 16.0067 0 0 0 0 0 0 0 0 0 
0 0 0 0 0 0 0 0 0 0 0 0 0 0 0 0 0 
0 0 0 0 0 0 0 0 2.00084 0 0 0 0 0 0 0 0 
