1 0 0 0 0 0 0 0 0 0 0 0 0 0 0 0 0 
0 0 0 0 0 0 0 0 0 0 0 0 0 0 0 0 0 
0 16 0 0 0 0 0 0 0 0 0 0 0 0 0 0 0 
0 0 32 0 0 0 0 0 0 0 0 0 0 0 0 0 0 
0 0 88 95.9875 23.9969 0 0 0 8.00312 0 0 0 0 0 0 0 0 
0 0 0 256.025 256.031 191.943 95.9763 64.0249 0 0 0 0 0 0 0 0 0 
0 0 0 207.987 735.906 688.172 703.798 623.729 767.988 0 0 0 0 0 0 0 0 
0 0 0 0 576.108 1663.94 1824.39 1920.46 1600.66 0 0 0 0 0 0 0 0 
0 0 0 0 227.959 1248.04 2928.37 3680.25 4355.46 0 0 0 0 0 0 0 0 
0 0 0 0 0 447.701 1567.17 3135.26 3263.49 0 0 0 0 0 0 0 0 
0 0 0 0 0 128.207 768.206 1392.07 2112.12 0 0 0 0 0 0 0 0 
0 0 0 0 0 0 64.0043 512.239 576.218 0 0 0 0 0 0 0 0 
0 0 0 0 0 0 56.0814 95.9334 119.999 0 0 0 0 0 0 0 0 
0 0 0 0 0 0 0 0 64.0478 0 0 0 0 0 0 0 0 
0 0 0 0 0 0 0 16.0232 0 0 0 0 0 0 0 0 0 
0 0 0 0 0 0 0 0 0 0 0 0 0 0 0 0 0 
0 0 0 0 0 0 0 0 2.00291 0 0 0 0 0 0 0 0 
