1 0 0 0 0 0 0 0 0 0 0 0 0 0 0 0 0 
0 0 0 0 0 0 0 0 0 0 0 0 0 0 0 0 0 
0 16 0 0 0 0 0 0 0 0 0 0 0 0 0 0 0 
0 0 32 0 0 0 0 0 0 0 0 0 0 0 0 0 0 
0 0 88 95.9682 23.9921 0 0 0 8.01208 0 0 0 0 0 0 0 0 
0 0 0 256.064 256.042 191.979 95.9046 64.0967 0 0 0 0 0 0 0 0 0 
0 0 0 207.968 735.925 687.841 704.059 623.732 767.801 0 0 0 0 0 0 0 0 
0 0 0 0 576.055 1664.35 1823.94 1919.81 1600.46 0 0 0 0 0 0 0 0 
0 0 0 0 227.985 1247.79 2928.31 3680.14 4355.53 0 0 0 0 0 0 0 0 
0 0 0 0 0 448.103 1567.71 3136.58 3264.12 0 0 0 0 0 0 0 0 
0 0 0 0 0 127.935 768.091 1391.81 2112.26 0 0 0 0 0 0 0 0 
0 0 0 0 0 0 64.032 511.943 575.746 0 0 0 0 0 0 0 0 
0 0 0 0 0 0 55.945 95.9077 120.071 0 0 0 0 0 0 0 0 
0 0 0 0 0 0 0 0 63.9911 0 0 0 0 0 0 0 0 
0 0 0 0 0 0 0 15.9843 0 0 0 0 0 0 0 0 0 
0 0 0 0 0 0 0 0 0 0 0 0 0 0 0 0 0 
0 0 0 0 0 0 0 0 1.99804 0 0 0 0 0 0 0 0 
