1 0 0 0 0 0 0 0 0 0 0 0 0 0 0 0 0 
0 0 0 0 0 0 0 0 0 0 0 0 0 0 0 0 0 
0 16 0 0 0 0 0 0 0 0 0 0 0 0 0 0 0 
0 0 32 0 0 0 0 0 0 0 0 0 0 0 0 0 0 
0 0 88 95.9672 23.9918 0 0 0 7.99318 0 0 0 0 0 0 0 0 
0 0 0 256.066 255.993 191.953 95.9237 63.9455 0 0 0 0 0 0 0 0 0 
0 0 0 207.967 736.013 688.038 703.874 624.084 767.611 0 0 0 0 0 0 0 0 
0 0 0 0 576.028 1664.01 1824.53 1919.67 1600.06 0 0 0 0 0 0 0 0 
0 0 0 0 227.974 1248.1 2927.29 3680.04 4356.84 0 0 0 0 0 0 0 0 
0 0 0 0 0 447.872 1568.65 3137.03 3264.12 0 0 0 0 0 0 0 0 
0 0 0 0 0 128.035 767.804 1391.04 2111.28 0 0 0 0 0 0 0 0 
0 0 0 0 0 0 63.9133 512.203 575.847 0 0 0 0 0 0 0 0 
0 0 0 0 0 0 56.0137 95.9824 120.2 0 0 0 0 0 0 0 0 
0 0 0 0 0 0 0 0 64.044 0 0 0 0 0 0 0 0 
0 0 0 0 0 0 0 16.0039 0 0 0 0 0 0 0 0 0 
0 0 0 0 0 0 0 0 0 0 0 0 0 0 0 0 0 
0 0 0 0 0 0 0 0 2.00049 0 0 0 0 0 0 0 0 
