1 0 0 0 0 0 0 0 0 0 0 0 0 0 0 0 0 
0 0 0 0 0 0 0 0 0 0 0 0 0 0 0 0 0 
0 16 0 0 0 0 0 0 0 0 0 0 0 0 0 0 0 
0 0 32 0 0 0 0 0 0 0 0 0 0 0 0 0 0 
0 0 88 95.9548 23.9887 0 0 0 7.99916 0 0 0 0 0 0 0 0 
0 0 0 256.09 255.935 191.939 95.9742 63.9933 0 0 0 0 0 0 0 0 0 
0 0 0 207.955 735.947 688.093 704.114 624.111 768.085 0 0 0 0 0 0 0 0 
0 0 0 0 576.347 1663.77 1823.56 1920.52 1600.11 0 0 0 0 0 0 0 0 
0 0 0 0 227.782 1248.35 2928.45 3678.28 4356.18 0 0 0 0 0 0 0 0 
0 0 0 0 0 447.935 1568.04 3137.25 3263.13 0 0 0 0 0 0 0 0 
0 0 0 0 0 127.918 767.867 1392.03 2112.29 0 0 0 0 0 0 0 0 
0 0 0 0 0 0 64.0346 511.812 576.24 0 0 0 0 0 0 0 0 
0 0 0 0 0 0 55.9599 96.0104 119.986 0 0 0 0 0 0 0 0 
0 0 0 0 0 0 0 0 63.9828 0 0 0 0 0 0 0 0 
0 0 0 0 0 0 0 15.9886 0 0 0 0 0 0 0 0 0 
0 0 0 0 0 0 0 0 0 0 0 0 0 0 0 0 0 
0 0 0 0 0 0 0 0 1.99857 0 0 0 0 0 0 0 0 
