1 0 0 0 0 0 0 0 0 0 0 0 0 0 0 0 0 
0 0 0 0 0 0 0 0 0 0 0 0 0 0 0 0 0 
0 16 0 0 0 0 0 0 0 0 0 0 0 0 0 0 0 
0 0 32 0 0 0 0 0 0 0 0 0 0 0 0 0 0 
0 0 88 95.9675 23.9919 0 0 0 7.98849 0 0 0 0 0 0 0 0 
0 0 0 256.065 255.955 192.011 96.0328 63.9079 0 0 0 0 0 0 0 0 0 
0 0 0 207.968 736.005 688.03 703.685 624.07 767.781 0 0 0 0 0 0 0 0 
0 0 0 0 576.158 1663.91 1824.28 1920.17 1600.29 0 0 0 0 0 0 0 0 
0 0 0 0 227.89 1248.01 2928.27 3679.76 4356.04 0 0 0 0 0 0 0 0 
0 0 0 0 0 448.089 1567.65 3136.34 3264.34 0 0 0 0 0 0 0 0 
0 0 0 0 0 127.955 768.114 1391.54 2111.44 0 0 0 0 0 0 0 0 
0 0 0 0 0 0 63.9909 512.196 575.927 0 0 0 0 0 0 0 0 
0 0 0 0 0 0 55.9741 96.0193 120.123 0 0 0 0 0 0 0 0 
0 0 0 0 0 0 0 0 64.0649 0 0 0 0 0 0 0 0 
0 0 0 0 0 0 0 15.9926 0 0 0 0 0 0 0 0 0 
0 0 0 0 0 0 0 0 0 0 0 0 0 0 0 0 0 
0 0 0 0 0 0 0 0 1.99907 0 0 0 0 0 0 0 0 
