1 0 0 0 0 0 0 0 0 0 0 0 0 0 0 0 0 
0 0 0 0 0 0 0 0 0 0 0 0 0 0 0 0 0 
0 16 0 0 0 0 0 0 0 0 0 0 0 0 0 0 0 
0 0 32 0 0 0 0 0 0 0 0 0 0 0 0 0 0 
0 0 88 95.9909 23.9977 0 0 0 7.99023 0 0 0 0 0 0 0 0 
0 0 0 256.018 255.963 191.927 95.9271 63.9218 0 0 0 0 0 0 0 0 0 
0 0 0 207.991 736.051 688.124 704.213 624.002 767.928 0 0 0 0 0 0 0 0 
0 0 0 0 576.016 1663.95 1823.68 1919.87 1599.81 0 0 0 0 0 0 0 0 
0 0 0 0 227.971 1248.03 2927.97 3679.66 4356.62 0 0 0 0 0 0 0 0 
0 0 0 0 0 447.962 1568.47 3137.36 3263.83 0 0 0 0 0 0 0 0 
0 0 0 0 0 128.01 767.784 1391.23 2111.88 0 0 0 0 0 0 0 0 
0 0 0 0 0 0 63.9836 511.958 575.743 0 0 0 0 0 0 0 0 
0 0 0 0 0 0 55.976 95.9946 120.189 0 0 0 0 0 0 0 0 
0 0 0 0 0 0 0 0 64.0107 0 0 0 0 0 0 0 0 
0 0 0 0 0 0 0 15.9931 0 0 0 0 0 0 0 0 0 
0 0 0 0 0 0 0 0 0 0 0 0 0 0 0 0 0 
0 0 0 0 0 0 0 0 1.99914 0 0 0 0 0 0 0 0 
