1 0 0 0 0 0 0 0 0 0 0 0 0 0 0 0 0 
0 0 0 0 0 0 0 0 0 0 0 0 0 0 0 0 0 
0 16 0 0 0 0 0 0 0 0 0 0 0 0 0 0 0 
0 0 32 0 0 0 0 0 0 0 0 0 0 0 0 0 0 
0 0 88 96.058 24.0145 0 0 0 8.00217 0 0 0 0 0 0 0 0 
0 0 0 255.884 256.119 191.982 96.0226 64.0174 0 0 0 0 0 0 0 0 0 
0 0 0 208.058 735.696 688.043 704.203 624.132 767.993 0 0 0 0 0 0 0 0 
0 0 0 0 576.194 1664.06 1823.86 1919.57 1599.8 0 0 0 0 0 0 0 0 
0 0 0 0 227.977 1247.92 2927.76 3680.47 4356.26 0 0 0 0 0 0 0 0 
0 0 0 0 0 447.902 1567.96 3135.93 3264.1 0 0 0 0 0 0 0 0 
0 0 0 0 0 128.093 768.203 1391.69 2111.78 0 0 0 0 0 0 0 0 
0 0 0 0 0 0 63.9824 512.173 576.159 0 0 0 0 0 0 0 0 
0 0 0 0 0 0 56.006 96.0107 119.84 0 0 0 0 0 0 0 0 
0 0 0 0 0 0 0 0 64.0617 0 0 0 0 0 0 0 0 
0 0 0 0 0 0 0 16.0017 0 0 0 0 0 0 0 0 0 
0 0 0 0 0 0 0 0 0 0 0 0 0 0 0 0 0 
0 0 0 0 0 0 0 0 2.00021 0 0 0 0 0 0 0 0 
