1 0 0 0 0 0 0 0 0 0 0 0 0 0 0 0 0 
0 0 0 0 0 0 0 0 0 0 0 0 0 0 0 0 0 
0 16 0 0 0 0 0 0 0 0 0 0 0 0 0 0 0 
0 0 32 0 0 0 0 0 0 0 0 0 0 0 0 0 0 
0 0 88 95.9681 23.992 0 0 0 7.99989 0 0 0 0 0 0 0 0 
0 0 0 256.064 256.077 192.139 95.9606 63.9991 0 0 0 0 0 0 0 0 0 
0 0 0 207.968 735.938 688.245 704.766 624.166 767.738 0 0 0 0 0 0 0 0 
0 0 0 0 575.925 1663.22 1823.27 1920.34 1600.45 0 0 0 0 0 0 0 0 
0 0 0 0 228.068 1248.26 2927.64 3679.75 4356.28 0 0 0 0 0 0 0 0 
0 0 0 0 0 448.152 1568.13 3135.1 3263.05 0 0 0 0 0 0 0 0 
0 0 0 0 0 127.987 768.133 1392.44 2112.63 0 0 0 0 0 0 0 0 
0 0 0 0 0 0 64.0986 512.121 575.766 0 0 0 0 0 0 0 0 
0 0 0 0 0 0 55.9985 96.0824 120.095 0 0 0 0 0 0 0 0 
0 0 0 0 0 0 0 0 63.9876 0 0 0 0 0 0 0 0 
0 0 0 0 0 0 0 15.9996 0 0 0 0 0 0 0 0 0 
0 0 0 0 0 0 0 0 0 0 0 0 0 0 0 0 0 
0 0 0 0 0 0 0 0 1.99994 0 0 0 0 0 0 0 0 
