1 0 0 0 0 0 0 0 0 0 0 0 0 0 0 0 0 
0 0 0 0 0 0 0 0 0 0 0 0 0 0 0 0 0 
0 16 0 0 0 0 0 0 0 0 0 0 0 0 0 0 0 
0 0 32 0 0 0 0 0 0 0 0 0 0 0 0 0 0 
0 0 88 96.0129 24.0032 0 0 0 7.98844 0 0 0 0 0 0 0 0 
0 0 0 255.974 255.901 192.077 96.0473 63.9075 0 0 0 0 0 0 0 0 0 
0 0 0 208.013 736.209 688.021 704.455 624.339 768.149 0 0 0 0 0 0 0 0 
0 0 0 0 575.866 1663.75 1823.4 1919.79 1600.17 0 0 0 0 0 0 0 0 
0 0 0 0 228.021 1248.16 2927.94 3680.21 4354.97 0 0 0 0 0 0 0 0 
0 0 0 0 0 447.97 1567.93 3135.72 3265.74 0 0 0 0 0 0 0 0 
0 0 0 0 0 128.026 768.206 1391.77 2110.64 0 0 0 0 0 0 0 0 
0 0 0 0 0 0 63.9659 512.144 576.072 0 0 0 0 0 0 0 0 
0 0 0 0 0 0 56.0543 96.1032 120.168 0 0 0 0 0 0 0 0 
0 0 0 0 0 0 0 0 64.0986 0 0 0 0 0 0 0 0 
0 0 0 0 0 0 0 16.0155 0 0 0 0 0 0 0 0 0 
0 0 0 0 0 0 0 0 0 0 0 0 0 0 0 0 0 
0 0 0 0 0 0 0 0 2.00194 0 0 0 0 0 0 0 0 
