1 0 0 0 0 0 0 0 0 0 0 0 0 0 0 0 0 
0 0 0 0 0 0 0 0 0 0 0 0 0 0 0 0 0 
0 16 0 0 0 0 0 0 0 0 0 0 0 0 0 0 0 
0 0 32 0 0 0 0 0 0 0 0 0 0 0 0 0 0 
0 0 88 95.9797 23.9949 0 0 0 7.97756 0 0 0 0 0 0 0 0 
0 0 0 256.041 255.93 191.842 95.9933 63.8205 0 0 0 0 0 0 0 0 0 
0 0 0 207.98 736.176 688.318 703.889 624.333 768.164 0 0 0 0 0 0 0 0 
0 0 0 0 575.879 1663.81 1824.04 1920.23 1599.92 0 0 0 0 0 0 0 0 
0 0 0 0 228.02 1248.01 2928.16 3679.02 4355.9 0 0 0 0 0 0 0 0 
0 0 0 0 0 448.056 1567.98 3137.04 3263.8 0 0 0 0 0 0 0 0 
0 0 0 0 0 127.96 767.967 1391.4 2112.5 0 0 0 0 0 0 0 0 
0 0 0 0 0 0 64.0122 512.096 575.626 0 0 0 0 0 0 0 0 
0 0 0 0 0 0 55.9612 96.0725 120.069 0 0 0 0 0 0 0 0 
0 0 0 0 0 0 0 0 64.0434 0 0 0 0 0 0 0 0 
0 0 0 0 0 0 0 15.9889 0 0 0 0 0 0 0 0 0 
0 0 0 0 0 0 0 0 0 0 0 0 0 0 0 0 0 
0 0 0 0 0 0 0 0 1.99861 0 0 0 0 0 0 0 0 
