1 0 0 0 0 0 0 0 0 0 0 0 0 0 0 0 0 
0 0 0 0 0 0 0 0 0 0 0 0 0 0 0 0 0 
0 16 0 0 0 0 0 0 0 0 0 0 0 0 0 0 0 
0 0 32 0 0 0 0 0 0 0 0 0 0 0 0 0 0 
0 0 88 96.0108 24.0027 0 0 0 8.01136 0 0 0 0 0 0 0 0 
0 0 0 255.978 256.008 192.146 96.0718 64.0909 0 0 0 0 0 0 0 0 0 
0 0 0 208.011 735.994 688.025 704.464 623.882 768.075 0 0 0 0 0 0 0 0 
0 0 0 0 575.976 1663.6 1823.47 1920.74 1600.21 0 0 0 0 0 0 0 0 
0 0 0 0 228.019 1248.23 2927.87 3678.78 4355.85 0 0 0 0 0 0 0 0 
0 0 0 0 0 447.897 1567.73 3136.31 3263.71 0 0 0 0 0 0 0 0 
0 0 0 0 0 128.097 768.361 1392.15 2111.83 0 0 0 0 0 0 0 0 
0 0 0 0 0 0 63.9563 512.045 576.253 0 0 0 0 0 0 0 0 
0 0 0 0 0 0 56.0724 95.9752 120.059 0 0 0 0 0 0 0 0 
0 0 0 0 0 0 0 0 64.0027 0 0 0 0 0 0 0 0 
0 0 0 0 0 0 0 16.0207 0 0 0 0 0 0 0 0 0 
0 0 0 0 0 0 0 0 0 0 0 0 0 0 0 0 0 
0 0 0 0 0 0 0 0 2.00259 0 0 0 0 0 0 0 0 
