1 0 0 0 0 0 0 0 0 0 0 0 0 0 0 0 1 
0 0 0 0 0 0 0 0 0 0 0 0 0 0 0 0 0 
0 16 0 0 0 0 0 0 0 0 0 0 0 0 0 16 0 
0 0 32.0402 0 0 0 0 0 0 0 0 0 0 0 32.2759 0 0 
0 0 87.9598 98.5697 26.3427 0 0 0 8.31923 0 0 0 20.7718 96.5573 87.7241 0 0 
0 0 0 255.265 260.174 197.489 97.2993 65.767 0 60.4535 90.8698 185.925 248.916 260.745 0 0 0 
0 0 0 206.165 735.221 694.879 703.067 629.565 794.839 620.78 694.28 671.917 737.524 202.697 0 0 0 
0 0 0 0 568.967 1651.54 1791.62 1940.86 1653.15 1958.92 1889.32 1701.2 588.651 0 0 0 0 
0 0 0 0 229.295 1242.39 2969.07 3670.08 4395 3714.65 2911.99 1236.3 224.137 0 0 0 0 
0 0 0 0 0 451.174 1546.93 3139.57 3176.05 3120.8 1543.71 446.393 0 0 0 0 0 
0 0 0 0 0 130.532 780.222 1359.08 2093.35 1341.09 759.637 126.265 0 0 0 0 0 
0 0 0 0 0 0 64.4917 522.693 568.531 510.079 61.5832 0 0 0 0 0 0 
0 0 0 0 0 0 55.2975 96.0533 114.438 97.0181 56.6086 0 0 0 0 0 0 
0 0 0 0 0 0 0 0 64.1232 0 0 0 0 0 0 0 0 
0 0 0 0 0 0 0 16.3348 0 16.2114 0 0 0 0 0 0 0 
0 0 0 0 0 0 0 0 0 0 0 0 0 0 0 0 0 
0 0 0 0 0 0 0 0 2.19498 0 0 0 0 0 0 0 0 
