1 0 0 0 0 0 0 0 0 0 0 0 0 0 0 0 1 
0 0 0 0 0 0 0 0 0 0 0 0 0 0 0 0 0 
0 16 0 0 0 0 0 0 0 0 0 0 0 0 0 16 0 
0 0 33.4261 0 0 0 0 0 0 0 0 0 0 0 32.4981 0 0 
0 0 86.5739 94.1819 25.0535 0 0 0 8.90265 0 0 0 25.0634 100.498 87.5019 0 0 
0 0 0 254.455 246.356 186.588 93.8164 62.178 0 66.4377 100.737 202.28 273.4 260.1 0 0 0 
0 0 0 211.363 740.529 687.526 694.485 634.06 779.299 626.507 725.688 716.094 736.495 199.401 0 0 0 
0 0 0 0 575.951 1660.81 1825.93 1933.59 1618.26 1937.57 1844.98 1637.36 561.871 0 0 0 0 
0 0 0 0 232.109 1244.19 2914.27 3656.34 4413.41 3675.06 2890.19 1244.57 223.17 0 0 0 0 
0 0 0 0 0 457.097 1584.85 3132.79 3197.54 3156.14 1574.83 441.442 0 0 0 0 0 
0 0 0 0 0 131.795 773.054 1396.46 2100.84 1362.25 749.547 126.259 0 0 0 0 0 
0 0 0 0 0 0 66.0968 515.487 575.532 503.351 66.2586 0 0 0 0 0 0 
0 0 0 0 0 0 55.4962 93.7284 114.162 96.2541 55.7681 0 0 0 0 0 0 
0 0 0 0 0 0 0 0 60.0491 0 0 0 0 0 0 0 0 
0 0 0 0 0 0 0 15.3644 0 16.429 0 0 0 0 0 0 0 
0 0 0 0 0 0 0 0 0 0 0 0 0 0 0 0 0 
0 0 0 0 0 0 0 0 1.99204 0 0 0 0 0 0 0 0 
