1 0 0 0 0 0 0 0 0 0 0 0 0 0 0 0 1 
0 0 0 0 0 0 0 0 0 0 0 0 0 0 0 0 0 
0 16 0 0 0 0 0 0 0 0 0 0 0 0 0 16 0 
0 0 32.9338 0 0 0 0 0 0 0 0 0 0 0 32.7329 0 0 
0 0 87.0662 96.1077 22.9384 0 0 0 9.04043 0 0 0 22.8849 97.206 87.2671 0 0 
0 0 0 257.354 271.677 189.986 99.2903 63.7047 0 64.155 96.8529 202.458 267.526 250.477 0 0 0 
0 0 0 206.538 719.188 696.552 725.38 632.879 772.085 641.567 691.688 659.957 698.244 212.317 0 0 0 
0 0 0 0 584.054 1652.68 1850.29 1914.74 1586.92 1896.75 1808.84 1601.03 597.605 0 0 0 0 
0 0 0 0 222.142 1248.12 2867.53 3688.5 4373.09 3688.36 2903.6 1298.46 233.74 0 0 0 0 
0 0 0 0 0 461.969 1573.01 3118.56 3239.11 3180.34 1605.09 475.697 0 0 0 0 0 
0 0 0 0 0 118.687 776.227 1409.77 2144.58 1359.69 781.302 130.398 0 0 0 0 0 
0 0 0 0 0 0 64.9971 506.674 563.767 495.704 62.3348 0 0 0 0 0 0 
0 0 0 0 0 0 51.279 90.6643 115.929 97.1938 58.3013 0 0 0 0 0 0 
0 0 0 0 0 0 0 0 63.547 0 0 0 0 0 0 0 0 
0 0 0 0 0 0 0 14.509 0 16.2348 0 0 0 0 0 0 0 
0 0 0 0 0 0 0 0 0 0 0 0 0 0 0 0 0 
0 0 0 0 0 0 0 0 1.92106 0 0 0 0 0 0 0 0 
