1 0 0 0 0 0 0 0 0 0 0 0 0 0 0 0 1 
0 0 0 0 0 0 0 0 0 0 0 0 0 0 0 0 0 
0 16 0 0 0 0 0 0 0 0 0 0 0 0 0 16 0 
0 0 31.9085 0 0 0 0 0 0 0 0 0 0 0 31.5609 0 0 
0 0 88.0915 95.5315 23.2808 0 0 0 8.55612 0 0 0 21.6564 91.1924 88.4391 0 0 
0 0 0 260.094 254.7 192.825 93.3306 64.1742 0 65.1489 95.1754 191.225 256.243 258.455 0 0 0 
0 0 0 204.375 731.62 696.256 723.25 635.522 793.87 634.863 719.67 710.66 730.057 210.353 0 0 0 
0 0 0 0 581.166 1629.95 1862.28 1992.5 1694.63 2002.13 1903.96 1649.31 585.33 0 0 0 0 
0 0 0 0 229.233 1270.34 2894.58 3733.87 4400.91 3678.89 2895.06 1231.96 226.714 0 0 0 0 
0 0 0 0 0 451.682 1549.55 3078.53 3203.7 3089.63 1515.57 460.071 0 0 0 0 0 
0 0 0 0 0 126.953 772.249 1338.36 2012.43 1332.08 761.702 124.767 0 0 0 0 0 
0 0 0 0 0 0 62.621 489.239 571.036 524.204 63.7731 0 0 0 0 0 0 
0 0 0 0 0 0 50.1396 92.85 121.848 97.2287 53.0896 0 0 0 0 0 0 
0 0 0 0 0 0 0 0 61.2242 0 0 0 0 0 0 0 0 
0 0 0 0 0 0 0 14.9607 0 15.8219 0 0 0 0 0 0 0 
0 0 0 0 0 0 0 0 0 0 0 0 0 0 0 0 0 
0 0 0 0 0 0 0 0 1.79784 0 0 0 0 0 0 0 0 
