1 0 0 0 0 0 0 0 0 0 0 0 0 0 0 0 0 
0 0 0 0 0 0 0 0 0 0 0 0 0 0 0 0 0 
0 16 0 0 0 0 0 0 0 0 0 0 0 0 0 0 0 
0 0 32 0 0 0 0 0 0 0 0 0 0 0 0 0 0 
0 0 88 95.9671 23.9918 0 0 0 7.99233 0 0 0 0 0 0 0 0 
0 0 0 256.066 255.947 191.966 95.9955 63.9387 0 0 0 0 0 0 0 0 0 
0 0 0 207.967 736.053 688.123 703.681 624.183 767.678 0 0 0 0 0 0 0 0 
0 0 0 0 576.085 1663.67 1824.22 1918.67 1600.6 0 0 0 0 0 0 0 0 
0 0 0 0 227.923 1248.32 2928.37 3682.17 4355.41 0 0 0 0 0 0 0 0 
0 0 0 0 0 448.037 1567.76 3134.99 3264.93 0 0 0 0 0 0 0 0 
0 0 0 0 0 127.888 768.059 1392.14 2111.21 0 0 0 0 0 0 0 0 
0 0 0 0 0 0 63.9877 511.98 576.108 0 0 0 0 0 0 0 0 
0 0 0 0 0 0 55.9302 95.9393 120.1 0 0 0 0 0 0 0 0 
0 0 0 0 0 0 0 0 63.9709 0 0 0 0 0 0 0 0 
0 0 0 0 0 0 0 15.9801 0 0 0 0 0 0 0 0 0 
0 0 0 0 0 0 0 0 0 0 0 0 0 0 0 0 0 
0 0 0 0 0 0 0 0 1.99751 0 0 0 0 0 0 0 0 
