1 0 0 0 0 0 0 0 0 0 0 0 0 0 0 0 0 
0 0 0 0 0 0 0 0 0 0 0 0 0 0 0 0 0 
0 16 0 0 0 0 0 0 0 0 0 0 0 0 0 0 0 
0 0 32 0 0 0 0 0 0 0 0 0 0 0 0 0 0 
0 0 88 95.9662 23.9916 0 0 0 7.98658 0 0 0 0 0 0 0 0 
0 0 0 256.068 255.949 191.928 96.0486 63.8926 0 0 0 0 0 0 0 0 0 
0 0 0 207.966 736.14 688.088 703.803 624.186 767.792 0 0 0 0 0 0 0 0 
0 0 0 0 575.906 1664.03 1824.36 1920.8 1600.82 0 0 0 0 0 0 0 0 
0 0 0 0 228.013 1248.01 2927.67 3678.32 4355.45 0 0 0 0 0 0 0 0 
0 0 0 0 0 447.883 1568.14 3136.87 3264.02 0 0 0 0 0 0 0 0 
0 0 0 0 0 128.055 767.963 1391.84 2111.35 0 0 0 0 0 0 0 0 
0 0 0 0 0 0 64.0102 512.089 576.632 0 0 0 0 0 0 0 0 
0 0 0 0 0 0 56.0045 96.0083 119.982 0 0 0 0 0 0 0 0 
0 0 0 0 0 0 0 0 63.9615 0 0 0 0 0 0 0 0 
0 0 0 0 0 0 0 16.0013 0 0 0 0 0 0 0 0 0 
0 0 0 0 0 0 0 0 0 0 0 0 0 0 0 0 0 
0 0 0 0 0 0 0 0 2.00016 0 0 0 0 0 0 0 0 
