1 0 0 0 0 0 0 0 0 0 0 0 0 0 0 0 0 
0 0 0 0 0 0 0 0 0 0 0 0 0 0 0 0 0 
0 16 0 0 0 0 0 0 0 0 0 0 0 0 0 0 0 
0 0 32 0 0 0 0 0 0 0 0 0 0 0 0 0 0 
0 0 88 95.991 23.9977 0 0 0 8.02613 0 0 0 0 0 0 0 0 
0 0 0 256.018 256.04 192.043 96.1424 64.209 0 0 0 0 0 0 0 0 0 
0 0 0 207.991 735.986 688.021 703.938 623.71 767.644 0 0 0 0 0 0 0 0 
0 0 0 0 575.917 1663.95 1823.67 1919.53 1599.94 0 0 0 0 0 0 0 0 
0 0 0 0 228.06 1248 2928.42 3680.82 4356.21 0 0 0 0 0 0 0 0 
0 0 0 0 0 447.854 1567.78 3135.68 3264.73 0 0 0 0 0 0 0 0 
0 0 0 0 0 128.134 767.988 1392.27 2111.56 0 0 0 0 0 0 0 0 
0 0 0 0 0 0 64.0395 511.775 576.051 0 0 0 0 0 0 0 0 
0 0 0 0 0 0 56.0244 95.9933 119.877 0 0 0 0 0 0 0 0 
0 0 0 0 0 0 0 0 63.962 0 0 0 0 0 0 0 0 
0 0 0 0 0 0 0 16.007 0 0 0 0 0 0 0 0 0 
0 0 0 0 0 0 0 0 0 0 0 0 0 0 0 0 0 
0 0 0 0 0 0 0 0 2.00087 0 0 0 0 0 0 0 0 
