1 0 0 0 0 0 0 0 0 0 0 0 0 0 0 0 0 
0 0 0 0 0 0 0 0 0 0 0 0 0 0 0 0 0 
0 16 0 0 0 0 0 0 0 0 0 0 0 0 0 0 0 
0 0 32 0 0 0 0 0 0 0 0 0 0 0 0 0 0 
0 0 88 96.2784 24.0696 0 0 0 8.01322 0 0 0 0 0 0 0 0 
0 0 0 255.443 255.611 192.753 95.3218 64.1058 0 0 0 0 0 0 0 0 0 
0 0 0 208.278 738.07 686.142 704.798 624.471 764.729 0 0 0 0 0 0 0 0 
0 0 0 0 572.747 1667.31 1828.31 1919.55 1607.7 0 0 0 0 0 0 0 0 
0 0 0 0 229.502 1245.73 2924.14 3678.3 4354.07 0 0 0 0 0 0 0 0 
0 0 0 0 0 446.285 1564.72 3136.96 3259.63 0 0 0 0 0 0 0 0 
0 0 0 0 0 129.783 769.829 1395.46 2112.2 0 0 0 0 0 0 0 0 
0 0 0 0 0 0 64.0314 508.201 577.615 0 0 0 0 0 0 0 0 
0 0 0 0 0 0 56.8516 96.7142 119.983 0 0 0 0 0 0 0 0 
0 0 0 0 0 0 0 0 64.031 0 0 0 0 0 0 0 0 
0 0 0 0 0 0 0 16.2433 0 0 0 0 0 0 0 0 0 
0 0 0 0 0 0 0 0 0 0 0 0 0 0 0 0 0 
0 0 0 0 0 0 0 0 2.03041 0 0 0 0 0 0 0 0 
