1 0 0 0 0 0 0 0 0 0 0 0 0 0 0 0 0 
0 0 0 0 0 0 0 0 0 0 0 0 0 0 0 0 0 
0 16 0 0 0 0 0 0 0 0 0 0 0 0 0 0 0 
0 0 32 0 0 0 0 0 0 0 0 0 0 0 0 0 0 
0 0 88 96.0555 24.0139 0 0 0 8.18315 0 0 0 0 0 0 0 0 
0 0 0 255.889 257.485 194.692 97.1913 65.4652 0 0 0 0 0 0 0 0 0 
0 0 0 208.055 732.189 687.351 706.3 620.078 767.374 0 0 0 0 0 0 0 0 
0 0 0 0 579.11 1657.51 1820.78 1925.78 1597.69 0 0 0 0 0 0 0 0 
0 0 0 0 227.202 1251.74 2923.8 3678.17 4356.99 0 0 0 0 0 0 0 0 
0 0 0 0 0 449.125 1570.17 3130.23 3272.8 0 0 0 0 0 0 0 0 
0 0 0 0 0 127.583 770.291 1396.7 2105.69 0 0 0 0 0 0 0 0 
0 0 0 0 0 0 63.6868 511.45 572.563 0 0 0 0 0 0 0 0 
0 0 0 0 0 0 55.7856 96.1804 122.228 0 0 0 0 0 0 0 0 
0 0 0 0 0 0 0 0 64.4915 0 0 0 0 0 0 0 0 
0 0 0 0 0 0 0 15.9387 0 0 0 0 0 0 0 0 0 
0 0 0 0 0 0 0 0 0 0 0 0 0 0 0 0 0 
0 0 0 0 0 0 0 0 1.99234 0 0 0 0 0 0 0 0 
