1 0 0 0 0 0 0 0 0 0 0 0 0 0 0 0 0 
0 0 0 0 0 0 0 0 0 0 0 0 0 0 0 0 0 
0 16 0 0 0 0 0 0 0 0 0 0 0 0 0 0 0 
0 0 32 0 0 0 0 0 0 0 0 0 0 0 0 0 0 
0 0 88 95.7915 23.9479 0 0 0 8.08745 0 0 0 0 0 0 0 0 
0 0 0 256.417 255.77 192.454 95.9165 64.6996 0 0 0 0 0 0 0 0 0 
0 0 0 207.791 736.777 687.803 702.162 619.187 765.468 0 0 0 0 0 0 0 0 
0 0 0 0 575.345 1663.18 1828.59 1920.1 1594.37 0 0 0 0 0 0 0 0 
0 0 0 0 228.16 1248.79 2923.87 3683.04 4367.18 0 0 0 0 0 0 0 0 
0 0 0 0 0 447.405 1570.96 3140.1 3266.71 0 0 0 0 0 0 0 0 
0 0 0 0 0 128.372 765.928 1393.89 2106.1 0 0 0 0 0 0 0 0 
0 0 0 0 0 0 64.4589 507.318 577.691 0 0 0 0 0 0 0 0 
0 0 0 0 0 0 56.1179 95.6346 118.32 0 0 0 0 0 0 0 0 
0 0 0 0 0 0 0 0 64.0704 0 0 0 0 0 0 0 0 
0 0 0 0 0 0 0 16.0337 0 0 0 0 0 0 0 0 0 
0 0 0 0 0 0 0 0 0 0 0 0 0 0 0 0 0 
0 0 0 0 0 0 0 0 2.00421 0 0 0 0 0 0 0 0 
