1 0 0 0 0 0 0 0 0 0 0 0 0 0 0 0 0 
0 0 0 0 0 0 0 0 0 0 0 0 0 0 0 0 0 
0 16 0 0 0 0 0 0 0 0 0 0 0 0 0 0 0 
0 0 32 0 0 0 0 0 0 0 0 0 0 0 0 0 0 
0 0 88 95.8619 23.9655 0 0 0 8.10205 0 0 0 0 0 0 0 0 
0 0 0 256.276 256.726 192.5 96.3567 64.8164 0 0 0 0 0 0 0 0 0 
0 0 0 207.862 733.724 686.111 701.239 621.882 765.536 0 0 0 0 0 0 0 0 
0 0 0 0 578.51 1665.41 1823.42 1913.95 1606.83 0 0 0 0 0 0 0 0 
0 0 0 0 227.073 1248.9 2934.87 3689.5 4347.39 0 0 0 0 0 0 0 0 
0 0 0 0 0 447.036 1565.48 3139.88 3268.79 0 0 0 0 0 0 0 0 
0 0 0 0 0 128.047 766.492 1386.48 2110.14 0 0 0 0 0 0 0 0 
0 0 0 0 0 0 64.0979 510.654 579.436 0 0 0 0 0 0 0 0 
0 0 0 0 0 0 56.0525 96.8162 117.962 0 0 0 0 0 0 0 0 
0 0 0 0 0 0 0 0 63.8147 0 0 0 0 0 0 0 0 
0 0 0 0 0 0 0 16.015 0 0 0 0 0 0 0 0 0 
0 0 0 0 0 0 0 0 0 0 0 0 0 0 0 0 0 
0 0 0 0 0 0 0 0 2.00187 0 0 0 0 0 0 0 0 
