1 0 0 0 0 0 0 0 0 0 0 0 0 0 0 0 0 
0 0 0 0 0 0 0 0 0 0 0 0 0 0 0 0 0 
0 16 0 0 0 0 0 0 0 0 0 0 0 0 0 0 0 
0 0 32 0 0 0 0 0 0 0 0 0 0 0 0 0 0 
0 0 88 95.3373 25.6666 0 0 0 8.27493 0 0 0 0 0 0 0 0 
0 0 0 262.135 272.376 194.174 106.375 72.0462 0 0 0 0 0 0 0 0 0 
0 0 0 202.528 750.514 676.932 738.112 677.836 811.894 0 0 0 0 0 0 0 0 
0 0 0 0 572.068 1689.29 1803.34 1881.61 1629.3 0 0 0 0 0 0 0 0 
0 0 0 0 199.375 1258.86 2878.9 3572.22 4344.44 0 0 0 0 0 0 0 0 
0 0 0 0 0 429.456 1564.06 3158.4 3199.94 0 0 0 0 0 0 0 0 
0 0 0 0 0 119.287 797.218 1417.45 2178.56 0 0 0 0 0 0 0 0 
0 0 0 0 0 0 65.5001 536.325 509.957 0 0 0 0 0 0 0 0 
0 0 0 0 0 0 54.4932 107.537 118.873 0 0 0 0 0 0 0 0 
0 0 0 0 0 0 0 0 66.6687 0 0 0 0 0 0 0 0 
0 0 0 0 0 0 0 16.5743 0 0 0 0 0 0 0 0 0 
0 0 0 0 0 0 0 0 0 0 0 0 0 0 0 0 0 
0 0 0 0 0 0 0 0 2.08374 0 0 0 0 0 0 0 0 
