1 0 0 0 0 0 0 0 0 0 0 0 0 0 0 0 0 
0 0 0 0 0 0 0 0 0 0 0 0 0 0 0 0 0 
0 16 0 0 0 0 0 0 0 0 0 0 0 0 0 0 0 
0 0 32 0 0 0 0 0 0 0 0 0 0 0 0 0 0 
0 0 88 88.907 20.8816 0 0 0 8.1824 0 0 0 0 0 0 0 0 
0 0 0 251.811 244.678 178.614 92.347 66.2288 0 0 0 0 0 0 0 0 0 
0 0 0 219.282 749.706 668.779 690.426 554.438 761.197 0 0 0 0 0 0 0 0 
0 0 0 0 588.559 1646.39 1718.62 1812 1570.67 0 0 0 0 0 0 0 0 
0 0 0 0 216.177 1274.34 2949.93 3614.55 4324.17 0 0 0 0 0 0 0 0 
0 0 0 0 0 472.859 1623.24 3286.76 3222.43 0 0 0 0 0 0 0 0 
0 0 0 0 0 127.023 813.254 1511.08 2272.71 0 0 0 0 0 0 0 0 
0 0 0 0 0 0 57.7838 487.467 537.101 0 0 0 0 0 0 0 0 
0 0 0 0 0 0 62.4019 90.4914 116.485 0 0 0 0 0 0 0 0 
0 0 0 0 0 0 0 0 54.8119 0 0 0 0 0 0 0 0 
0 0 0 0 0 0 0 16.9935 0 0 0 0 0 0 0 0 0 
0 0 0 0 0 0 0 0 0 0 0 0 0 0 0 0 0 
0 0 0 0 0 0 0 0 2.24754 0 0 0 0 0 0 0 0 
