1 0 0 0 0 0 0 0 0 0 0 0 0 0 0 0 0 
0 0 0 0 0 0 0 0 0 0 0 0 0 0 0 0 0 
0 16 0 0 0 0 0 0 0 0 0 0 0 0 0 0 0 
0 0 32 0 0 0 0 0 0 0 0 0 0 0 0 0 0 
0 0 88 94.0797 23.8229 0 0 0 6.45621 0 0 0 0 0 0 0 0 
0 0 0 258.049 258.618 188.938 95.3458 58.1916 0 0 0 0 0 0 0 0 0 
0 0 0 207.871 706.563 675.527 668.836 603.634 702.277 0 0 0 0 0 0 0 0 
0 0 0 0 574.515 1602.15 1806.87 1880.02 1638.38 0 0 0 0 0 0 0 0 
0 0 0 0 256.481 1259.51 2934.77 3715.59 4724.74 0 0 0 0 0 0 0 0 
0 0 0 0 0 490.861 1546.82 3147.54 3197.87 0 0 0 0 0 0 0 0 
0 0 0 0 0 151.018 821.368 1400.99 1918.25 0 0 0 0 0 0 0 0 
0 0 0 0 0 0 70.4373 511.815 505.157 0 0 0 0 0 0 0 0 
0 0 0 0 0 0 63.5552 104.138 113.034 0 0 0 0 0 0 0 0 
0 0 0 0 0 0 0 0 61.8533 0 0 0 0 0 0 0 0 
0 0 0 0 0 0 0 18.0899 0 0 0 0 0 0 0 0 0 
0 0 0 0 0 0 0 0 0 0 0 0 0 0 0 0 0 
0 0 0 0 0 0 0 0 1.98045 0 0 0 0 0 0 0 0 
