1 0 0 0 0 0 0 0 0 0 0 0 0 0 0 0 0 
0 0 0 0 0 0 0 0 0 0 0 0 0 0 0 0 0 
0 16 0 0 0 0 0 0 0 0 0 0 0 0 0 0 0 
0 0 32 0 0 0 0 0 0 0 0 0 0 0 0 0 0 
0 0 88 95.9147 23.9787 0 0 0 7.9795 0 0 0 0 0 0 0 0 
0 0 0 256.171 256.149 192.637 95.4693 63.836 0 0 0 0 0 0 0 0 0 
0 0 0 207.915 736.898 688.982 702.673 620.132 763.809 0 0 0 0 0 0 0 0 
0 0 0 0 573.842 1661.43 1831.06 1922.78 1602.21 0 0 0 0 0 0 0 0 
0 0 0 0 229.132 1247.06 2922.39 3690.71 4368.67 0 0 0 0 0 0 0 0 
0 0 0 0 0 450.482 1565.92 3125.53 3253.77 0 0 0 0 0 0 0 0 
0 0 0 0 0 127.411 770.123 1390.09 2108.02 0 0 0 0 0 0 0 0 
0 0 0 0 0 0 64.8072 514.574 578.598 0 0 0 0 0 0 0 0 
0 0 0 0 0 0 55.5577 96.4683 120.512 0 0 0 0 0 0 0 0 
0 0 0 0 0 0 0 0 64.4463 0 0 0 0 0 0 0 0 
0 0 0 0 0 0 0 15.8736 0 0 0 0 0 0 0 0 0 
0 0 0 0 0 0 0 0 0 0 0 0 0 0 0 0 0 
0 0 0 0 0 0 0 0 1.9842 0 0 0 0 0 0 0 0 
