1 0 0 0 0 0 0 0 0 0 0 0 0 0 0 0 0 
0 0 0 0 0 0 0 0 0 0 0 0 0 0 0 0 0 
0 16 0 0 0 0 0 0 0 0 0 0 0 0 0 0 0 
0 0 32 0 0 0 0 0 0 0 0 0 0 0 0 0 0 
0 0 88 95.5509 23.8877 0 0 0 7.85894 0 0 0 0 0 0 0 0 
0 0 0 256.898 255.653 191.971 96.4469 62.8716 0 0 0 0 0 0 0 0 0 
0 0 0 207.551 736.573 688.853 705.499 630.464 770.71 0 0 0 0 0 0 0 0 
0 0 0 0 576.342 1662.37 1817.88 1911.48 1599.92 0 0 0 0 0 0 0 0 
0 0 0 0 227.543 1249.08 2931.49 3682.12 4352.73 0 0 0 0 0 0 0 0 
0 0 0 0 0 447.48 1571.1 3132.99 3257.78 0 0 0 0 0 0 0 0 
0 0 0 0 0 128.252 765.948 1399.42 2121.35 0 0 0 0 0 0 0 0 
0 0 0 0 0 0 63.3049 509.593 573.945 0 0 0 0 0 0 0 0 
0 0 0 0 0 0 56.3285 94.9655 120.089 0 0 0 0 0 0 0 0 
0 0 0 0 0 0 0 0 63.5997 0 0 0 0 0 0 0 0 
0 0 0 0 0 0 0 16.0939 0 0 0 0 0 0 0 0 0 
0 0 0 0 0 0 0 0 0 0 0 0 0 0 0 0 0 
0 0 0 0 0 0 0 0 2.01173 0 0 0 0 0 0 0 0 
