1 0 0 0 0 0 0 0 0 0 0 0 0 0 0 0 0 
0 0 0 0 0 0 0 0 0 0 0 0 0 0 0 0 0 
0 16 0 0 0 0 0 0 0 0 0 0 0 0 0 0 0 
0 0 32 0 0 0 0 0 0 0 0 0 0 0 0 0 0 
0 0 88 96.1083 24.0271 0 0 0 7.9308 0 0 0 0 0 0 0 0 
0 0 0 255.783 256.127 191.353 95.9236 63.4464 0 0 0 0 0 0 0 0 0 
0 0 0 208.108 735.2 688.457 705.474 624.509 768.032 0 0 0 0 0 0 0 0 
0 0 0 0 577.111 1664.73 1821.39 1923.09 1601.58 0 0 0 0 0 0 0 0 
0 0 0 0 227.535 1247.99 2932.22 3673.53 4351.67 0 0 0 0 0 0 0 0 
0 0 0 0 0 447.226 1562.03 3143.22 3269.86 0 0 0 0 0 0 0 0 
0 0 0 0 0 128.239 770.528 1385.52 2106.8 0 0 0 0 0 0 0 0 
0 0 0 0 0 0 64.7116 514.399 578.819 0 0 0 0 0 0 0 0 
0 0 0 0 0 0 55.7198 96.3657 119.065 0 0 0 0 0 0 0 0 
0 0 0 0 0 0 0 0 64.2528 0 0 0 0 0 0 0 0 
0 0 0 0 0 0 0 15.9199 0 0 0 0 0 0 0 0 0 
0 0 0 0 0 0 0 0 0 0 0 0 0 0 0 0 0 
0 0 0 0 0 0 0 0 1.98999 0 0 0 0 0 0 0 0 
