1 0 0 0 0 0 0 0 0 0 0 0 0 0 0 0 0 
0 0 0 0 0 0 0 0 0 0 0 0 0 0 0 0 0 
0 16 0 0 0 0 0 0 0 0 0 0 0 0 0 0 0 
0 0 32 0 0 0 0 0 0 0 0 0 0 0 0 0 0 
0 0 88 96.3547 24.0887 0 0 0 7.82854 0 0 0 0 0 0 0 0 
0 0 0 255.291 257.399 192.862 96.0767 62.6284 0 0 0 0 0 0 0 0 0 
0 0 0 208.355 733.178 688.084 706.383 626.063 765.222 0 0 0 0 0 0 0 0 
0 0 0 0 577.092 1662.03 1821.87 1925.6 1609.62 0 0 0 0 0 0 0 0 
0 0 0 0 228.242 1247.16 2927.66 3668.51 4346.17 0 0 0 0 0 0 0 0 
0 0 0 0 0 450.928 1564.16 3141.46 3267.02 0 0 0 0 0 0 0 0 
0 0 0 0 0 126.93 772.16 1389.86 2111.71 0 0 0 0 0 0 0 0 
0 0 0 0 0 0 64.3802 514.697 576.371 0 0 0 0 0 0 0 0 
0 0 0 0 0 0 55.3098 95.3798 120.402 0 0 0 0 0 0 0 0 
0 0 0 0 0 0 0 0 63.6833 0 0 0 0 0 0 0 0 
0 0 0 0 0 0 0 15.8028 0 0 0 0 0 0 0 0 0 
0 0 0 0 0 0 0 0 0 0 0 0 0 0 0 0 0 
0 0 0 0 0 0 0 0 1.97535 0 0 0 0 0 0 0 0 
