1 0 0 0 0 0 0 0 0 0 0 0 0 0 0 0 0 
0 0 0 0 0 0 0 0 0 0 0 0 0 0 0 0 0 
0 16 0 0 0 0 0 0 0 0 0 0 0 0 0 0 0 
0 0 32 0 0 0 0 0 0 0 0 0 0 0 0 0 0 
0 0 88 96.5835 24.1459 0 0 0 7.90171 0 0 0 0 0 0 0 0 
0 0 0 254.833 257.543 192.278 96.1538 63.2137 0 0 0 0 0 0 0 0 0 
0 0 0 208.583 731.488 686.78 706.747 626.374 770.295 0 0 0 0 0 0 0 0 
0 0 0 0 579.811 1665.56 1821.5 1925.35 1600.55 0 0 0 0 0 0 0 0 
0 0 0 0 227.012 1247.48 2923.84 3668.29 4355.86 0 0 0 0 0 0 0 0 
0 0 0 0 0 447.854 1572.03 3136 3256.95 0 0 0 0 0 0 0 0 
0 0 0 0 0 128.048 767.676 1397.08 2113.12 0 0 0 0 0 0 0 0 
0 0 0 0 0 0 64.1755 513.138 579.631 0 0 0 0 0 0 0 0 
0 0 0 0 0 0 55.8867 94.5902 119.767 0 0 0 0 0 0 0 0 
0 0 0 0 0 0 0 0 63.927 0 0 0 0 0 0 0 0 
0 0 0 0 0 0 0 15.9676 0 0 0 0 0 0 0 0 0 
0 0 0 0 0 0 0 0 0 0 0 0 0 0 0 0 0 
0 0 0 0 0 0 0 0 1.99595 0 0 0 0 0 0 0 0 
