1 0 0 0 0 0 0 0 0 0 0 0 0 0 0 0 0 
0 0 0 0 0 0 0 0 0 0 0 0 0 0 0 0 0 
0 16 0 0 0 0 0 0 0 0 0 0 0 0 0 0 0 
0 0 32 0 0 0 0 0 0 0 0 0 0 0 0 0 0 
0 0 88 95.4805 23.8701 0 0 0 7.97677 0 0 0 0 0 0 0 0 
0 0 0 257.039 255.6 191.46 95.8089 63.8141 0 0 0 0 0 0 0 0 0 
0 0 0 207.481 735.758 686.948 703.867 626.057 765.52 0 0 0 0 0 0 0 0 
0 0 0 0 578.203 1666.46 1826.09 1918.12 1611.64 0 0 0 0 0 0 0 0 
0 0 0 0 226.569 1247.74 2923.73 3681.73 4342.05 0 0 0 0 0 0 0 0 
0 0 0 0 0 448.032 1571.01 3131.72 3270.4 0 0 0 0 0 0 0 0 
0 0 0 0 0 127.354 767.869 1393.34 2106.19 0 0 0 0 0 0 0 0 
0 0 0 0 0 0 64.0224 513.399 580.661 0 0 0 0 0 0 0 0 
0 0 0 0 0 0 55.6093 95.9382 119.903 0 0 0 0 0 0 0 0 
0 0 0 0 0 0 0 0 63.6632 0 0 0 0 0 0 0 0 
0 0 0 0 0 0 0 15.8884 0 0 0 0 0 0 0 0 0 
0 0 0 0 0 0 0 0 0 0 0 0 0 0 0 0 0 
0 0 0 0 0 0 0 0 1.98604 0 0 0 0 0 0 0 0 
