1 0 0 0 0 0 0 0 0 0 0 0 0 0 0 0 0 
0 0 0 0 0 0 0 0 0 0 0 0 0 0 0 0 0 
0 16 0 0 0 0 0 0 0 0 0 0 0 0 0 0 0 
0 0 32 0 0 0 0 0 0 0 0 0 0 0 0 0 0 
0 0 88 95.8149 23.9537 0 0 0 7.98286 0 0 0 0 0 0 0 0 
0 0 0 256.37 256.443 191.238 96.794 63.8629 0 0 0 0 0 0 0 0 0 
0 0 0 207.815 735.123 685.881 701.306 621.201 764.011 0 0 0 0 0 0 0 0 
0 0 0 0 576.612 1670.35 1824.49 1923.11 1601.18 0 0 0 0 0 0 0 0 
0 0 0 0 227.869 1244.46 2931.78 3677.74 4358.53 0 0 0 0 0 0 0 0 
0 0 0 0 0 448.326 1565.6 3142.07 3266.86 0 0 0 0 0 0 0 0 
0 0 0 0 0 127.748 768.103 1390.2 2112.8 0 0 0 0 0 0 0 0 
0 0 0 0 0 0 64.0416 508.539 573.685 0 0 0 0 0 0 0 0 
0 0 0 0 0 0 55.8897 97.3034 119.112 0 0 0 0 0 0 0 0 
0 0 0 0 0 0 0 0 63.8395 0 0 0 0 0 0 0 0 
0 0 0 0 0 0 0 15.9685 0 0 0 0 0 0 0 0 0 
0 0 0 0 0 0 0 0 0 0 0 0 0 0 0 0 0 
0 0 0 0 0 0 0 0 1.99606 0 0 0 0 0 0 0 0 
