1 0 0 0 0 0 0 0 0 0 0 0 0 0 0 0 0 
0 0 0 0 0 0 0 0 0 0 0 0 0 0 0 0 0 
0 16 0 0 0 0 0 0 0 0 0 0 0 0 0 0 0 
0 0 32 0 0 0 0 0 0 0 0 0 0 0 0 0 0 
0 0 88 95.9714 23.9692 0 0 0 8.00948 0 0 0 0 0 0 0 0 
0 0 0 256.217 255.927 191.669 95.8738 64.0898 0 0 0 0 0 0 0 0 0 
0 0 0 207.812 735.528 688.313 704.173 624.289 768.323 0 0 0 0 0 0 0 0 
0 0 0 0 576.442 1664.28 1825.8 1920.73 1599.64 0 0 0 0 0 0 0 0 
0 0 0 0 228.134 1247.59 2928.09 3677.04 4356.52 0 0 0 0 0 0 0 0 
0 0 0 0 0 448.248 1567.21 3137.55 3263.88 0 0 0 0 0 0 0 0 
0 0 0 0 0 127.895 766.963 1392.02 2112.42 0 0 0 0 0 0 0 0 
0 0 0 0 0 0 63.9012 512.199 574.92 0 0 0 0 0 0 0 0 
0 0 0 0 0 0 55.9901 96.0652 120.177 0 0 0 0 0 0 0 0 
0 0 0 0 0 0 0 0 64.1062 0 0 0 0 0 0 0 0 
0 0 0 0 0 0 0 16.0081 0 0 0 0 0 0 0 0 0 
0 0 0 0 0 0 0 0 0 0 0 0 0 0 0 0 0 
0 0 0 0 0 0 0 0 2.00105 0 0 0 0 0 0 0 0 
