1 0 0 0 0 0 0 0 0 0 0 0 0 0 0 0 0 
0 0 0 0 0 0 0 0 0 0 0 0 0 0 0 0 0 
0 16 0 0 0 0 0 0 0 0 0 0 0 0 0 0 0 
0 0 32 0 0 0 0 0 0 0 0 0 0 0 0 0 0 
0 0 88 96.0596 24.0606 0 0 0 8.02749 0 0 0 0 0 0 0 0 
0 0 0 255.902 256.402 192.255 96.2666 64.2021 0 0 0 0 0 0 0 0 0 
0 0 0 208.039 735.231 688.045 704.385 624.006 768.076 0 0 0 0 0 0 0 0 
0 0 0 0 576.036 1663.85 1821.8 1919.02 1598.82 0 0 0 0 0 0 0 0 
0 0 0 0 228.271 1247.03 2927.11 3678.49 4352.65 0 0 0 0 0 0 0 0 
0 0 0 0 0 448.756 1569.54 3136.64 3266.42 0 0 0 0 0 0 0 0 
0 0 0 0 0 128.062 768.821 1393.75 2113.35 0 0 0 0 0 0 0 0 
0 0 0 0 0 0 64.2121 512.04 576.665 0 0 0 0 0 0 0 0 
0 0 0 0 0 0 55.8737 95.8905 119.975 0 0 0 0 0 0 0 0 
0 0 0 0 0 0 0 0 64.0286 0 0 0 0 0 0 0 0 
0 0 0 0 0 0 0 15.9565 0 0 0 0 0 0 0 0 0 
0 0 0 0 0 0 0 0 0 0 0 0 0 0 0 0 0 
0 0 0 0 0 0 0 0 1.99467 0 0 0 0 0 0 0 0 
