1 0 0 0 0 0 0 0 0 0 0 0 0 0 0 0 0 
0 0 0 0 0 0 0 0 0 0 0 0 0 0 0 0 0 
0 16 0 0 0 0 0 0 0 0 0 0 0 0 0 0 0 
0 0 32 0 0 0 0 0 0 0 0 0 0 0 0 0 0 
0 0 88 95.9688 23.9992 0 0 0 8.01462 0 0 0 0 0 0 0 0 
0 0 0 255.959 256.092 191.963 96.234 64.1593 0 0 0 0 0 0 0 0 0 
0 0 0 208.072 735.378 687.924 703.537 622.904 766.997 0 0 0 0 0 0 0 0 
0 0 0 0 576.056 1662.14 1822.44 1920.18 1600.28 0 0 0 0 0 0 0 0 
0 0 0 0 228.475 1248.87 2926.22 3676.03 4353.78 0 0 0 0 0 0 0 0 
0 0 0 0 0 448.554 1570.5 3138.2 3264.74 0 0 0 0 0 0 0 0 
0 0 0 0 0 128.55 768.724 1392.48 2112.71 0 0 0 0 0 0 0 0 
0 0 0 0 0 0 64.23 513.594 577.351 0 0 0 0 0 0 0 0 
0 0 0 0 0 0 56.1143 96.4196 119.95 0 0 0 0 0 0 0 0 
0 0 0 0 0 0 0 0 64.1682 0 0 0 0 0 0 0 0 
0 0 0 0 0 0 0 16.0348 0 0 0 0 0 0 0 0 0 
0 0 0 0 0 0 0 0 0 0 0 0 0 0 0 0 0 
0 0 0 0 0 0 0 0 2.00513 0 0 0 0 0 0 0 0 
