1 0 0 0 0 0 0 0 0 0 0 0 0 0 0 0 0 
0 0 0 0 0 0 0 0 0 0 0 0 0 0 0 0 0 
0 16 0 0 0 0 0 0 0 0 0 0 0 0 0 0 0 
0 0 32 0 0 0 0 0 0 0 0 0 0 0 0 0 0 
0 0 88 96.0253 23.9635 0 0 0 8.00684 0 0 0 0 0 0 0 0 
0 0 0 256.069 256.102 191.905 95.9957 64.0448 0 0 0 0 0 0 0 0 0 
0 0 0 207.905 736.394 688.645 705.043 624.708 768.29 0 0 0 0 0 0 0 0 
0 0 0 0 576.27 1664.98 1823.95 1920.37 1601.33 0 0 0 0 0 0 0 0 
0 0 0 0 227.27 1247.39 2930.1 3682.67 4355.11 0 0 0 0 0 0 0 0 
0 0 0 0 0 447.772 1566.41 3133.55 3265.51 0 0 0 0 0 0 0 0 
0 0 0 0 0 127.304 766.969 1391.82 2110.65 0 0 0 0 0 0 0 0 
0 0 0 0 0 0 63.7628 511.01 575.354 0 0 0 0 0 0 0 0 
0 0 0 0 0 0 55.7659 95.8745 119.939 0 0 0 0 0 0 0 0 
0 0 0 0 0 0 0 0 63.8137 0 0 0 0 0 0 0 0 
0 0 0 0 0 0 0 15.9491 0 0 0 0 0 0 0 0 0 
0 0 0 0 0 0 0 0 0 0 0 0 0 0 0 0 0 
0 0 0 0 0 0 0 0 1.99374 0 0 0 0 0 0 0 0 
