1 0 0 0 0 0 0 0 0 0 0 0 0 0 0 0 0 
0 0 0 0 0 0 0 0 0 0 0 0 0 0 0 0 0 
0 16 0 0 0 0 0 0 0 0 0 0 0 0 0 0 0 
0 0 32 0 0 0 0 0 0 0 0 0 0 0 0 0 0 
0 0 88 95.9834 24.0118 0 0 0 7.99688 0 0 0 0 0 0 0 0 
0 0 0 256.044 256.126 192.245 96.172 63.9594 0 0 0 0 0 0 0 0 0 
0 0 0 207.973 736.156 688.229 704.568 623.744 767.746 0 0 0 0 0 0 0 0 
0 0 0 0 576.015 1663.45 1823.49 1919.43 1601.33 0 0 0 0 0 0 0 0 
0 0 0 0 227.69 1248.35 2927.9 3681.52 4355.73 0 0 0 0 0 0 0 0 
0 0 0 0 0 447.997 1568.03 3136.31 3264.76 0 0 0 0 0 0 0 0 
0 0 0 0 0 127.727 767.891 1391.03 2112 0 0 0 0 0 0 0 0 
0 0 0 0 0 0 64.0873 511.949 574.744 0 0 0 0 0 0 0 0 
0 0 0 0 0 0 55.8586 96.0966 119.666 0 0 0 0 0 0 0 0 
0 0 0 0 0 0 0 0 64.0338 0 0 0 0 0 0 0 0 
0 0 0 0 0 0 0 15.9559 0 0 0 0 0 0 0 0 0 
0 0 0 0 0 0 0 0 0 0 0 0 0 0 0 0 0 
0 0 0 0 0 0 0 0 1.99334 0 0 0 0 0 0 0 0 
