1 0 0 0 0 0 0 0 0 0 0 0 0 0 0 0 0 
0 0 0 0 0 0 0 0 0 0 0 0 0 0 0 0 0 
0 16 0 0 0 0 0 0 0 0 0 0 0 0 0 0 0 
0 0 32 0 0 0 0 0 0 0 0 0 0 0 0 0 0 
0 0 88 95.8848 23.971 0 0 0 7.98525 0 0 0 0 0 0 0 0 
0 0 0 256.071 255.752 191.879 95.898 63.9096 0 0 0 0 0 0 0 0 0 
0 0 0 208.045 736.096 687.588 704.392 623.556 767.997 0 0 0 0 0 0 0 0 
0 0 0 0 576.396 1663.99 1823.76 1920.64 1600.94 0 0 0 0 0 0 0 0 
0 0 0 0 227.785 1248.8 2926.67 3680.53 4356.64 0 0 0 0 0 0 0 0 
0 0 0 0 0 447.836 1568.75 3132.83 3262.7 0 0 0 0 0 0 0 0 
0 0 0 0 0 127.908 768.608 1393.8 2111.53 0 0 0 0 0 0 0 0 
0 0 0 0 0 0 64.0429 512.777 576.168 0 0 0 0 0 0 0 0 
0 0 0 0 0 0 55.8737 95.993 120.053 0 0 0 0 0 0 0 0 
0 0 0 0 0 0 0 0 63.9841 0 0 0 0 0 0 0 0 
0 0 0 0 0 0 0 15.9625 0 0 0 0 0 0 0 0 0 
0 0 0 0 0 0 0 0 0 0 0 0 0 0 0 0 0 
0 0 0 0 0 0 0 0 1.99512 0 0 0 0 0 0 0 0 
