1 0 0 0 0 0 0 0 0 0 0 0 0 0 0 0 0 
0 0 0 0 0 0 0 0 0 0 0 0 0 0 0 0 0 
0 16 0 0 0 0 0 0 0 0 0 0 0 0 0 0 0 
0 0 32 0 0 0 0 0 0 0 0 0 0 0 0 0 0 
0 0 88 95.9959 24.0553 0 0 0 8.00929 0 0 0 0 0 0 0 0 
0 0 0 256.116 256.267 192.219 95.8676 64.0481 0 0 0 0 0 0 0 0 0 
0 0 0 207.888 736.121 688.494 704.301 624.404 768.359 0 0 0 0 0 0 0 0 
0 0 0 0 575.839 1664.92 1824.41 1921.46 1601.21 0 0 0 0 0 0 0 0 
0 0 0 0 227.717 1247.54 2928.28 3680.53 4359.09 0 0 0 0 0 0 0 0 
0 0 0 0 0 446.837 1568.1 3133.57 3260.16 0 0 0 0 0 0 0 0 
0 0 0 0 0 127.986 767.245 1392.61 2111.63 0 0 0 0 0 0 0 0 
0 0 0 0 0 0 63.8021 511.488 575.727 0 0 0 0 0 0 0 0 
0 0 0 0 0 0 55.9937 95.8701 119.956 0 0 0 0 0 0 0 0 
0 0 0 0 0 0 0 0 63.8701 0 0 0 0 0 0 0 0 
0 0 0 0 0 0 0 16.0172 0 0 0 0 0 0 0 0 0 
0 0 0 0 0 0 0 0 0 0 0 0 0 0 0 0 0 
0 0 0 0 0 0 0 0 2.00183 0 0 0 0 0 0 0 0 
