1 0 0 0 0 0 0 0 0 0 0 0 0 0 0 0 0 
0 0 0 0 0 0 0 0 0 0 0 0 0 0 0 0 0 
0 16 0 0 0 0 0 0 0 0 0 0 0 0 0 0 0 
0 0 32 0 0 0 0 0 0 0 0 0 0 0 0 0 0 
0 0 88 96.2113 24.0803 0 0 0 8.05526 0 0 0 0 0 0 0 0 
0 0 0 255.88 256.499 192.616 96.2341 64.3865 0 0 0 0 0 0 0 0 0 
0 0 0 207.909 736.134 689.282 705.321 625.187 768.273 0 0 0 0 0 0 0 0 
0 0 0 0 575.627 1664.31 1826 1921.92 1602.2 0 0 0 0 0 0 0 0 
0 0 0 0 227.66 1246.96 2928.07 3683.38 4356.99 0 0 0 0 0 0 0 0 
0 0 0 0 0 447.273 1565.97 3132.8 3264.04 0 0 0 0 0 0 0 0 
0 0 0 0 0 127.561 766.751 1389.21 2108.62 0 0 0 0 0 0 0 0 
0 0 0 0 0 0 63.8779 511.284 576.369 0 0 0 0 0 0 0 0 
0 0 0 0 0 0 55.7795 95.8881 119.623 0 0 0 0 0 0 0 0 
0 0 0 0 0 0 0 0 63.8435 0 0 0 0 0 0 0 0 
0 0 0 0 0 0 0 15.9445 0 0 0 0 0 0 0 0 0 
0 0 0 0 0 0 0 0 0 0 0 0 0 0 0 0 0 
0 0 0 0 0 0 0 0 1.99304 0 0 0 0 0 0 0 0 
