1 0 0 0 0 0 0 0 0 0 0 0 0 0 0 0 0 
0 0 0 0 0 0 0 0 0 0 0 0 0 0 0 0 0 
0 16 0 0 0 0 0 0 0 0 0 0 0 0 0 0 0 
0 0 32 0 0 0 0 0 0 0 0 0 0 0 0 0 0 
0 0 88 96.0018 24.007 0 0 0 7.97098 0 0 0 0 0 0 0 0 
0 0 0 255.948 256.237 191.932 95.7057 63.7586 0 0 0 0 0 0 0 0 0 
0 0 0 208.05 736.246 688.086 703.813 623.812 768.935 0 0 0 0 0 0 0 0 
0 0 0 0 575.867 1664.65 1824.63 1920.17 1598.46 0 0 0 0 0 0 0 0 
0 0 0 0 227.643 1248.15 2930.22 3681.49 4359.18 0 0 0 0 0 0 0 0 
0 0 0 0 0 447.352 1567.53 3138.33 3262.35 0 0 0 0 0 0 0 0 
0 0 0 0 0 127.825 766.377 1389.47 2112.64 0 0 0 0 0 0 0 0 
0 0 0 0 0 0 63.7811 511.167 574.638 0 0 0 0 0 0 0 0 
0 0 0 0 0 0 55.9392 95.8144 119.976 0 0 0 0 0 0 0 0 
0 0 0 0 0 0 0 0 63.847 0 0 0 0 0 0 0 0 
0 0 0 0 0 0 0 15.9836 0 0 0 0 0 0 0 0 0 
0 0 0 0 0 0 0 0 0 0 0 0 0 0 0 0 0 
0 0 0 0 0 0 0 0 1.99823 0 0 0 0 0 0 0 0 
