1 0 0 0 0 0 0 0 0 0 0 0 0 0 0 0 0 
0 0 0 0 0 0 0 0 0 0 0 0 0 0 0 0 0 
0 16 0 0 0 0 0 0 0 0 0 0 0 0 0 0 0 
0 0 32 0 0 0 0 0 0 0 0 0 0 0 0 0 0 
0 0 88 96.0228 23.9839 0 0 0 7.9889 0 0 0 0 0 0 0 0 
0 0 0 256.098 255.9 191.882 95.934 63.8801 0 0 0 0 0 0 0 0 0 
0 0 0 207.879 736.029 687.388 703.293 624.431 767.903 0 0 0 0 0 0 0 0 
0 0 0 0 576.114 1664.1 1823.08 1918.93 1601.06 0 0 0 0 0 0 0 0 
0 0 0 0 227.973 1248.48 2929.16 3681.73 4360.04 0 0 0 0 0 0 0 0 
0 0 0 0 0 448.117 1568.93 3135.64 3261.15 0 0 0 0 0 0 0 0 
0 0 0 0 0 128.035 767.605 1391.52 2109.05 0 0 0 0 0 0 0 0 
0 0 0 0 0 0 63.9961 511.896 576.546 0 0 0 0 0 0 0 0 
0 0 0 0 0 0 56.0097 95.9765 120.181 0 0 0 0 0 0 0 0 
0 0 0 0 0 0 0 0 64.0837 0 0 0 0 0 0 0 0 
0 0 0 0 0 0 0 15.9997 0 0 0 0 0 0 0 0 0 
0 0 0 0 0 0 0 0 0 0 0 0 0 0 0 0 0 
0 0 0 0 0 0 0 0 1.99898 0 0 0 0 0 0 0 0 
