1 0 0 0 0 0 0 0 0 0 0 0 0 0 0 0 0 
0 0 0 0 0 0 0 0 0 0 0 0 0 0 0 0 0 
0 16 0 0 0 0 0 0 0 0 0 0 0 0 0 0 0 
0 0 32 0 0 0 0 0 0 0 0 0 0 0 0 0 0 
0 0 88 95.9796 23.9814 0 0 0 7.98902 0 0 0 0 0 0 0 0 
0 0 0 255.965 255.969 192.128 95.8447 63.9244 0 0 0 0 0 0 0 0 0 
0 0 0 208.056 735.908 688.204 704.393 623.244 767.253 0 0 0 0 0 0 0 0 
0 0 0 0 575.956 1662.26 1824.09 1920.49 1599.77 0 0 0 0 0 0 0 0 
0 0 0 0 228.186 1248.6 2926.57 3678.71 4359.75 0 0 0 0 0 0 0 0 
0 0 0 0 0 448.287 1568.59 3138.49 3264.6 0 0 0 0 0 0 0 0 
0 0 0 0 0 128.525 768.292 1392.03 2109.8 0 0 0 0 0 0 0 0 
0 0 0 0 0 0 63.9925 511.033 574.839 0 0 0 0 0 0 0 0 
0 0 0 0 0 0 56.223 96.0272 120.104 0 0 0 0 0 0 0 0 
0 0 0 0 0 0 0 0 63.891 0 0 0 0 0 0 0 0 
0 0 0 0 0 0 0 16.0474 0 0 0 0 0 0 0 0 0 
0 0 0 0 0 0 0 0 0 0 0 0 0 0 0 0 0 
0 0 0 0 0 0 0 0 2.00364 0 0 0 0 0 0 0 0 
