1 0 0 0 0 0 0 0 0 0 0 0 0 0 0 0 0 
0 0 0 0 0 0 0 0 0 0 0 0 0 0 0 0 0 
0 16 0 0 0 0 0 0 0 0 0 0 0 0 0 0 0 
0 0 32 0 0 0 0 0 0 0 0 0 0 0 0 0 0 
0 0 88 95.9615 24.0141 0 0 0 8.03498 0 0 0 0 0 0 0 0 
0 0 0 255.968 255.883 192.08 96.0282 64.2667 0 0 0 0 0 0 0 0 0 
0 0 0 208.071 735.42 686.926 703.753 623.117 767.287 0 0 0 0 0 0 0 0 
0 0 0 0 576.17 1663.83 1822.61 1920.94 1599.32 0 0 0 0 0 0 0 0 
0 0 0 0 228.513 1247.98 2927.96 3676.5 4355.73 0 0 0 0 0 0 0 0 
0 0 0 0 0 449.269 1568.58 3137.41 3264.02 0 0 0 0 0 0 0 0 
0 0 0 0 0 127.913 768.99 1393.47 2112.62 0 0 0 0 0 0 0 0 
0 0 0 0 0 0 64.0837 512.116 576.848 0 0 0 0 0 0 0 0 
0 0 0 0 0 0 55.9896 96.1931 120.074 0 0 0 0 0 0 0 0 
0 0 0 0 0 0 0 0 64.0606 0 0 0 0 0 0 0 0 
0 0 0 0 0 0 0 15.9894 0 0 0 0 0 0 0 0 0 
0 0 0 0 0 0 0 0 0 0 0 0 0 0 0 0 0 
0 0 0 0 0 0 0 0 1.99935 0 0 0 0 0 0 0 0 
