1 0 0 0 0 0 0 0 0 0 0 0 0 0 0 0 0 
0 0 0 0 0 0 0 0 0 0 0 0 0 0 0 0 0 
0 16 0 0 0 0 0 0 0 0 0 0 0 0 0 0 0 
0 0 32 0 0 0 0 0 0 0 0 0 0 0 0 0 0 
0 0 88 96.1149 23.9753 0 0 0 7.94823 0 0 0 0 0 0 0 0 
0 0 0 255.72 255.836 191.839 95.7645 63.6003 0 0 0 0 0 0 0 0 0 
0 0 0 208.165 735.887 687.252 703.113 623.878 767.799 0 0 0 0 0 0 0 0 
0 0 0 0 575.747 1663.63 1824.41 1919.97 1598.57 0 0 0 0 0 0 0 0 
0 0 0 0 228.554 1248.53 2928.23 3681.07 4356.77 0 0 0 0 0 0 0 0 
0 0 0 0 0 448.314 1567.49 3136 3265.07 0 0 0 0 0 0 0 0 
0 0 0 0 0 128.432 768.775 1391.83 2112.91 0 0 0 0 0 0 0 0 
0 0 0 0 0 0 64.1375 511.803 575.234 0 0 0 0 0 0 0 0 
0 0 0 0 0 0 56.0796 95.8015 119.854 0 0 0 0 0 0 0 0 
0 0 0 0 0 0 0 0 63.8448 0 0 0 0 0 0 0 0 
0 0 0 0 0 0 0 16.0356 0 0 0 0 0 0 0 0 0 
0 0 0 0 0 0 0 0 0 0 0 0 0 0 0 0 0 
0 0 0 0 0 0 0 0 2.00428 0 0 0 0 0 0 0 0 
