1 0 0 0 0 0 0 0 0 0 0 0 0 0 0 0 0 
0 0 0 0 0 0 0 0 0 0 0 0 0 0 0 0 0 
0 16 0 0 0 0 0 0 0 0 0 0 0 0 0 0 0 
0 0 32 0 0 0 0 0 0 0 0 0 0 0 0 0 0 
0 0 88 95.9323 23.9667 0 0 0 8.01647 0 0 0 0 0 0 0 0 
0 0 0 256.158 255.912 191.691 95.8743 64.1117 0 0 0 0 0 0 0 0 0 
0 0 0 207.91 735.49 687.907 703.99 623.907 767.78 0 0 0 0 0 0 0 0 
0 0 0 0 576.451 1662.04 1823.3 1919.08 1599.51 0 0 0 0 0 0 0 0 
0 0 0 0 228.18 1249.53 2926.97 3681.3 4355.7 0 0 0 0 0 0 0 0 
0 0 0 0 0 449.031 1568.8 3135.36 3264.51 0 0 0 0 0 0 0 0 
0 0 0 0 0 127.796 769.141 1390.99 2111.68 0 0 0 0 0 0 0 0 
0 0 0 0 0 0 64.013 512.96 576.288 0 0 0 0 0 0 0 0 
0 0 0 0 0 0 55.9058 96.3247 120.239 0 0 0 0 0 0 0 0 
0 0 0 0 0 0 0 0 64.2874 0 0 0 0 0 0 0 0 
0 0 0 0 0 0 0 15.9749 0 0 0 0 0 0 0 0 0 
0 0 0 0 0 0 0 0 0 0 0 0 0 0 0 0 0 
0 0 0 0 0 0 0 0 1.99696 0 0 0 0 0 0 0 0 
