1 0 0 0 0 0 0 0 0 0 0 0 0 0 0 0 0 
0 0 0 0 0 0 0 0 0 0 0 0 0 0 0 0 0 
0 16 0 0 0 0 0 0 0 0 0 0 0 0 0 0 0 
0 0 32 0 0 0 0 0 0 0 0 0 0 0 0 0 0 
0 0 88 95.9746 24.024 0 0 0 7.96345 0 0 0 0 0 0 0 0 
0 0 0 256.164 256.138 192.34 95.9702 63.7495 0 0 0 0 0 0 0 0 0 
0 0 0 207.862 736.795 689.043 705.489 624.438 766.865 0 0 0 0 0 0 0 0 
0 0 0 0 575.453 1663.69 1826.87 1920.54 1601.01 0 0 0 0 0 0 0 0 
0 0 0 0 227.59 1248.73 2925.07 3680.98 4358.09 0 0 0 0 0 0 0 0 
0 0 0 0 0 446.302 1567.55 3135.65 3263.5 0 0 0 0 0 0 0 0 
0 0 0 0 0 127.895 767.184 1391.34 2110.33 0 0 0 0 0 0 0 0 
0 0 0 0 0 0 63.9779 511.538 576.332 0 0 0 0 0 0 0 0 
0 0 0 0 0 0 55.894 95.7894 120.111 0 0 0 0 0 0 0 0 
0 0 0 0 0 0 0 0 63.795 0 0 0 0 0 0 0 0 
0 0 0 0 0 0 0 15.9744 0 0 0 0 0 0 0 0 0 
0 0 0 0 0 0 0 0 0 0 0 0 0 0 0 0 0 
0 0 0 0 0 0 0 0 1.99617 0 0 0 0 0 0 0 0 
