1 0 0 0 0 0 0 0 0 0 0 0 0 0 0 0 0 
0 0 0 0 0 0 0 0 0 0 0 0 0 0 0 0 0 
0 16 0 0 0 0 0 0 0 0 0 0 0 0 0 0 0 
0 0 32 0 0 0 0 0 0 0 0 0 0 0 0 0 0 
0 0 88 96.1081 24.0524 0 0 0 8.03383 0 0 0 0 0 0 0 0 
0 0 0 256.008 256.349 192.122 96.0844 64.2309 0 0 0 0 0 0 0 0 0 
0 0 0 207.884 735.428 688.073 704.722 623.764 768.852 0 0 0 0 0 0 0 0 
0 0 0 0 576.372 1664.34 1824.55 1919.73 1601.25 0 0 0 0 0 0 0 0 
0 0 0 0 227.8 1247.86 2925.8 3680.21 4354.92 0 0 0 0 0 0 0 0 
0 0 0 0 0 447.859 1568.22 3134.52 3263.06 0 0 0 0 0 0 0 0 
0 0 0 0 0 127.742 768.868 1392.77 2110.7 0 0 0 0 0 0 0 0 
0 0 0 0 0 0 63.7956 512.857 576.995 0 0 0 0 0 0 0 0 
0 0 0 0 0 0 55.963 95.9421 119.98 0 0 0 0 0 0 0 0 
0 0 0 0 0 0 0 0 64.2077 0 0 0 0 0 0 0 0 
0 0 0 0 0 0 0 15.9699 0 0 0 0 0 0 0 0 0 
0 0 0 0 0 0 0 0 0 0 0 0 0 0 0 0 0 
0 0 0 0 0 0 0 0 1.99651 0 0 0 0 0 0 0 0 
