1 0 0 0 0 0 0 0 0 0 0 0 0 0 0 0 1 
0 0 0 0 0 0 0 0 0 0 0 0 0 0 0 0 0 
0 16 0 0 0 0 0 0 0 0 0 0 0 0 0 16 0 
0 0 33.7679 0 0 0 0 0 0 0 0 0 0 0 31.7072 0 0 
0 0 86.2321 95.0297 26.866 0 0 0 7.68206 0 0 0 21.1366 98.1184 88.2928 0 0 
0 0 0 267.201 255.4 183.924 91.0161 56.8249 0 59.1811 93.9163 198.172 270.563 250.115 0 0 0 
0 0 0 197.769 743.015 672.15 688.476 635.45 745.125 597.386 690.498 701.855 716.406 211.766 0 0 0 
0 0 0 0 558.845 1658.58 1816.38 1935.02 1621.08 1891.58 1833.17 1657.64 578.188 0 0 0 0 
0 0 0 0 235.874 1273.09 2909.14 3672.81 4282.68 3627.22 2926.98 1254.19 233.706 0 0 0 0 
0 0 0 0 0 449.812 1605.81 3061.9 3251.29 3150.85 1551.75 429.684 0 0 0 0 0 
0 0 0 0 0 130.452 771.503 1429.54 2165.03 1466.9 787.168 126.456 0 0 0 0 0 
0 0 0 0 0 0 64.9029 530.937 597.175 537.814 65.5762 0 0 0 0 0 0 
0 0 0 0 0 0 60.7671 100.233 130.192 91.6577 58.9472 0 0 0 0 0 0 
0 0 0 0 0 0 0 0 67.2069 0 0 0 0 0 0 0 0 
0 0 0 0 0 0 0 17.2822 0 17.4117 0 0 0 0 0 0 0 
0 0 0 0 0 0 0 0 0 0 0 0 0 0 0 0 0 
0 0 0 0 0 0 0 0 2.53964 0 0 0 0 0 0 0 0 
