1 0 0 0 0 0 0 0 0 0 0 0 0 0 0 0 1 
0 0 0 0 0 0 0 0 0 0 0 0 0 0 0 0 0 
0 16 0 0 0 0 0 0 0 0 0 0 0 0 0 16 0 
0 0 35.1327 0 0 0 0 0 0 0 0 0 0 0 33.8813 0 0 
0 0 84.8673 93.8344 23.8988 0 0 0 8.03664 0 0 0 25.523 102.876 86.1187 0 0 
0 0 0 261.966 262.648 189.03 100.068 61.5155 0 67.3061 105.724 198.199 255.294 253.981 0 0 0 
0 0 0 204.199 735.608 669.529 690.033 631.358 762.433 594.22 764.274 691.115 745.623 203.143 0 0 0 
0 0 0 0 571.77 1688.14 1833.02 1975.28 1595.97 2021.65 1870.06 1652.5 553.569 0 0 0 0 
0 0 0 0 226.076 1282.88 2890.91 3629.45 4320.18 3644.31 2853.64 1227.86 239.991 0 0 0 0 
0 0 0 0 0 414.779 1613 3116.15 3314.62 3106.9 1511.24 460.173 0 0 0 0 0 
0 0 0 0 0 123.645 770.19 1416.98 2129.83 1365.3 785.934 138.152 0 0 0 0 0 
0 0 0 0 0 0 56.6085 502.335 563.94 535.021 62.8835 0 0 0 0 0 0 
0 0 0 0 0 0 54.168 92.3724 111.961 89.7638 54.2495 0 0 0 0 0 0 
0 0 0 0 0 0 0 0 61.3692 0 0 0 0 0 0 0 0 
0 0 0 0 0 0 0 14.5558 0 15.5202 0 0 0 0 0 0 0 
0 0 0 0 0 0 0 0 0 0 0 0 0 0 0 0 0 
0 0 0 0 0 0 0 0 1.64816 0 0 0 0 0 0 0 0 
