1 0 0 0 0 0 0 0 0 0 0 0 0 0 0 0 1 
0 0 0 0 0 0 0 0 0 0 0 0 0 0 0 0 0 
0 16 0 0 0 0 0 0 0 0 0 0 0 0 0 16 0 
0 0 32.4484 0 0 0 0 0 0 0 0 0 0 0 30.3567 0 0 
0 0 87.5516 92.015 22.2345 0 0 0 7.83087 0 0 0 28.289 100.129 89.6433 0 0 
0 0 0 258.087 244.813 190.154 94.0275 60.0528 0 60.9687 95.2424 197.261 256.815 250.857 0 0 0 
0 0 0 209.898 751.376 679.682 699.643 630.541 757.043 655.355 740.182 715.554 722.626 209.015 0 0 0 
0 0 0 0 582.825 1674.5 1810.81 1930.29 1667.03 1985.67 1863.99 1662.33 589 0 0 0 0 
0 0 0 0 218.752 1267.16 2991.22 3683.57 4401.57 3614.47 2877.03 1216.26 223.269 0 0 0 0 
0 0 0 0 0 434.841 1533.37 3178.78 3239.32 3140.61 1551.68 453.316 0 0 0 0 0 
0 0 0 0 0 121.663 765.073 1357.78 2061.52 1380.06 767.42 123.275 0 0 0 0 0 
0 0 0 0 0 0 61.4913 490.555 561.458 495.793 59.5591 0 0 0 0 0 0 
0 0 0 0 0 0 52.3694 93.9449 112.394 91.4906 52.9069 0 0 0 0 0 0 
0 0 0 0 0 0 0 0 59.932 0 0 0 0 0 0 0 0 
0 0 0 0 0 0 0 14.4908 0 15.5813 0 0 0 0 0 0 0 
0 0 0 0 0 0 0 0 0 0 0 0 0 0 0 0 0 
0 0 0 0 0 0 0 0 1.89042 0 0 0 0 0 0 0 0 
