1 0 0 0 0 0 0 0 0 0 0 0 0 0 0 0 1 
0 0 0 0 0 0 0 0 0 0 0 0 0 0 0 0 0 
0 16 0 0 0 0 0 0 0 0 0 0 0 0 0 16 0 
0 0 31.4032 0 0 0 0 0 0 0 0 0 0 0 32.4874 0 0 
0 0 88.5968 94.8292 24.9372 0 0 0 8.35229 0 0 0 24.0445 96.7728 87.5126 0 0 
0 0 0 256.454 254.235 192.998 95.2967 65.0198 0 63.1804 97.2978 191.126 254.332 258.193 0 0 0 
0 0 0 208.717 728.621 682.544 697.893 626.755 775.303 631.998 704.062 681.166 744.69 205.034 0 0 0 
0 0 0 0 584.708 1634.69 1812.11 1922.77 1594.35 1911.15 1834.04 1678.15 574.476 0 0 0 0 
0 0 0 0 227.499 1274.06 2915.45 3669.5 4364.43 3645.78 2927.97 1242.64 222.458 0 0 0 0 
0 0 0 0 0 456.116 1587.37 3130.78 3225.83 3173.76 1553.33 447.649 0 0 0 0 0 
0 0 0 0 0 127.6 781.628 1400.5 2138.79 1386.99 770.852 127.27 0 0 0 0 0 
0 0 0 0 0 0 63.9942 515.411 580.093 515.723 63.9713 0 0 0 0 0 0 
0 0 0 0 0 0 54.2588 93.7314 120.279 95.9028 56.4688 0 0 0 0 0 0 
0 0 0 0 0 0 0 0 60.6306 0 0 0 0 0 0 0 0 
0 0 0 0 0 0 0 15.5218 0 15.5179 0 0 0 0 0 0 0 
0 0 0 0 0 0 0 0 0 0 0 0 0 0 0 0 0 
0 0 0 0 0 0 0 0 1.95035 0 0 0 0 0 0 0 0 
