1 0 0 0 0 0 0 0 0 0 0 0 0 0 0 0 1 
0 0 0 0 0 0 0 0 0 0 0 0 0 0 0 0 0 
0 16 0 0 0 0 0 0 0 0 0 0 0 0 0 16 0 
0 0 31.9867 0 0 0 0 0 0 0 0 0 0 0 31.9053 0 0 
0 0 88.0133 95.5934 23.8768 0 0 0 7.66745 0 0 0 23.4561 97.1555 88.0947 0 0 
0 0 0 257.688 257.381 188.052 93.8177 63.7252 0 62.9149 95.7842 192.831 257.568 255.149 0 0 0 
0 0 0 206.718 739.069 690.595 703.286 619.441 765.741 625.87 698.321 687.63 735.252 207.696 0 0 0 
0 0 0 0 574.744 1672.77 1842.54 1917.52 1580.72 1923.73 1831 1659.3 578.948 0 0 0 0 
0 0 0 0 224.929 1243.25 2934.54 3718.33 4393.7 3680.71 2933.35 1258.38 224.776 0 0 0 0 
0 0 0 0 0 447.971 1548.16 3105.85 3227.83 3147.3 1568.2 441.453 0 0 0 0 0 
0 0 0 0 0 125.365 766.07 1388.92 2122.97 1375.39 759.33 128.399 0 0 0 0 0 
0 0 0 0 0 0 63.7078 515.078 582.082 511.303 64.9486 0 0 0 0 0 0 
0 0 0 0 0 0 55.876 95.3003 122.959 96.515 57.0654 0 0 0 0 0 0 
0 0 0 0 0 0 0 0 64.341 0 0 0 0 0 0 0 0 
0 0 0 0 0 0 0 15.8277 0 16.2704 0 0 0 0 0 0 0 
0 0 0 0 0 0 0 0 0 0 0 0 0 0 0 0 0 
0 0 0 0 0 0 0 0 1.98423 0 0 0 0 0 0 0 0 
