1 0 0 0 0 0 0 0 0 0 0 0 0 0 0 0 1 
0 0 0 0 0 0 0 0 0 0 0 0 0 0 0 0 0 
0 16 0 0 0 0 0 0 0 0 0 0 0 0 0 16 0 
0 0 32.0373 0 0 0 0 0 0 0 0 0 0 0 31.3158 0 0 
0 0 87.9627 97.1709 23.9994 0 0 0 7.88683 0 0 0 22.6785 93.1748 88.6842 0 0 
0 0 0 253.262 255.662 190.487 95.1302 62.3845 0 62.9437 95.6382 193.257 254.858 254.86 0 0 0 
0 0 0 209.567 726.11 691.177 709.521 613.39 744.506 619.668 699.162 683.549 734.427 211.965 0 0 0 
0 0 0 0 584.73 1649.97 1827.52 1905.39 1584.43 1927.74 1849.08 1663.21 579.506 0 0 0 0 
0 0 0 0 229.498 1250.07 2918.67 3701.88 4381.23 3657.18 2925.68 1255.38 228.531 0 0 0 0 
0 0 0 0 0 457.901 1571.43 3129.85 3286.32 3164.22 1552.86 445.401 0 0 0 0 0 
0 0 0 0 0 128.403 764.128 1404.72 2109.73 1391.31 767.341 127.203 0 0 0 0 0 
0 0 0 0 0 0 64.9444 513.402 572.169 503.748 63.4293 0 0 0 0 0 0 
0 0 0 0 0 0 56.6657 92.6273 117.259 97.1069 54.8005 0 0 0 0 0 0 
0 0 0 0 0 0 0 0 64.3985 0 0 0 0 0 0 0 0 
0 0 0 0 0 0 0 16.3654 0 16.0911 0 0 0 0 0 0 0 
0 0 0 0 0 0 0 0 0 0 0 0 0 0 0 0 0 
0 0 0 0 0 0 0 0 2.07002 0 0 0 0 0 0 0 0 
