1 0 0 0 0 0 0 0 0 0 0 0 0 0 0 0 1 
0 0 0 0 0 0 0 0 0 0 0 0 0 0 0 0 0 
0 16 0 0 0 0 0 0 0 0 0 0 0 0 0 16 0 
0 0 31.0388 0 0 0 0 0 0 0 0 0 0 0 31.6162 0 0 
0 0 88.9612 92.4518 22.9471 0 0 0 7.42481 0 0 0 22.7694 100.017 88.3838 0 0 
0 0 0 254.226 243.853 189.065 95.8599 60.2299 0 59.6665 94.5054 184.562 259.384 252.708 0 0 0 
0 0 0 213.322 734.565 660.942 685.476 618.904 761.743 630.385 687.152 689.713 727.682 207.275 0 0 0 
0 0 0 0 589.908 1660.19 1841.17 1953.61 1666.22 1915.5 1825.11 1692.36 582.562 0 0 0 0 
0 0 0 0 228.727 1279.7 2920.02 3734.16 4378.78 3632.65 2914.39 1236.35 227.602 0 0 0 0 
0 0 0 0 0 448.103 1562.88 3082.3 3210.36 3163.54 1596.19 430.24 0 0 0 0 0 
0 0 0 0 0 129.998 780.552 1346.27 2076.36 1393.52 764.39 134.766 0 0 0 0 0 
0 0 0 0 0 0 64.2932 528.856 577.471 527.031 67.4769 0 0 0 0 0 0 
0 0 0 0 0 0 57.7483 99.6166 123.175 101.871 58.7857 0 0 0 0 0 0 
0 0 0 0 0 0 0 0 66.3892 0 0 0 0 0 0 0 0 
0 0 0 0 0 0 0 16.0581 0 15.8459 0 0 0 0 0 0 0 
0 0 0 0 0 0 0 0 0 0 0 0 0 0 0 0 0 
0 0 0 0 0 0 0 0 2.08235 0 0 0 0 0 0 0 0 
