1 0 0 0 0 0 0 0 0 0 0 0 0 0 0 0 1 
0 0 0 0 0 0 0 0 0 0 0 0 0 0 0 0 0 
0 16 0 0 0 0 0 0 0 0 0 0 0 0 0 16 0 
0 0 31.6732 0 0 0 0 0 0 0 0 0 0 0 30.4011 0 0 
0 0 88.3268 97.9093 23.4621 0 0 0 8.43339 0 0 0 25.0264 96.5121 89.5989 0 0 
0 0 0 256.04 256.002 194.996 91.9937 63.0534 0 68.871 100.928 198.078 257.282 253.315 0 0 0 
0 0 0 206.051 743.433 690.656 719.448 631.903 782.472 637.538 715.861 685.122 742.689 210.173 0 0 0 
0 0 0 0 568.187 1671.24 1854.5 1968.01 1589.73 1916.75 1791.49 1661.88 559.314 0 0 0 0 
0 0 0 0 228.917 1240.65 2914.46 3641.87 4321.99 3641.05 2955.13 1239.9 235.688 0 0 0 0 
0 0 0 0 0 441.399 1547.23 3131.97 3307.49 3166.48 1553.89 447.914 0 0 0 0 0 
0 0 0 0 0 129.06 756.221 1374.65 2092.65 1364.83 766.384 135.102 0 0 0 0 0 
0 0 0 0 0 0 66.8201 514.315 578.425 526.043 67.5276 0 0 0 0 0 0 
0 0 0 0 0 0 57.3249 97.0749 118.946 100.844 56.7882 0 0 0 0 0 0 
0 0 0 0 0 0 0 0 67.6833 0 0 0 0 0 0 0 0 
0 0 0 0 0 0 0 17.1538 0 17.5857 0 0 0 0 0 0 0 
0 0 0 0 0 0 0 0 0 0 0 0 0 0 0 0 0 
0 0 0 0 0 0 0 0 2.1733 0 0 0 0 0 0 0 0 
