1 0 0 0 0 0 0 0 0 0 0 0 0 0 0 0 1 
0 0 0 0 0 0 0 0 0 0 0 0 0 0 0 0 0 
0 16 0 0 0 0 0 0 0 0 0 0 0 0 0 16 0 
0 0 32.2913 0 0 0 0 0 0 0 0 0 0 0 30.3122 0 0 
0 0 87.7087 90.3342 26.1037 0 0 0 7.67672 0 0 0 21.9218 96.2874 89.6878 0 0 
0 0 0 254.323 256.213 194.384 94.2084 66.1474 0 67.4045 99.189 197.537 262.013 256.292 0 0 0 
0 0 0 215.343 744.837 692.36 716.568 644.519 770.866 620.457 681.549 674.062 725.479 207.42 0 0 0 
0 0 0 0 567.853 1685.24 1813.88 1931.64 1636.03 1981.71 1828.04 1672.95 582.557 0 0 0 0 
0 0 0 0 224.994 1227.44 2952.81 3704.85 4350.45 3661.35 2957.07 1251.05 228.029 0 0 0 0 
0 0 0 0 0 445.242 1570.57 3160.4 3237.54 3105.56 1550.51 442.268 0 0 0 0 0 
0 0 0 0 0 123.335 745.493 1327.64 2122.46 1403.9 774.138 130.14 0 0 0 0 0 
0 0 0 0 0 0 62.5886 498.563 573.722 496.24 64.0818 0 0 0 0 0 0 
0 0 0 0 0 0 51.8812 91.6867 108.509 88.927 53.4259 0 0 0 0 0 0 
0 0 0 0 0 0 0 0 61.0514 0 0 0 0 0 0 0 0 
0 0 0 0 0 0 0 14.5547 0 14.4437 0 0 0 0 0 0 0 
0 0 0 0 0 0 0 0 0 0 0 0 0 0 0 0 0 
0 0 0 0 0 0 0 0 1.69037 0 0 0 0 0 0 0 0 
