1 0 0 0 0 0 0 0 0 0 0 0 0 0 0 0 1 
0 0 0 0 0 0 0 0 0 0 0 0 0 0 0 0 0 
0 16 0 0 0 0 0 0 0 0 0 0 0 0 0 16 0 
0 0 34.1522 0 0 0 0 0 0 0 0 0 0 0 32.5817 0 0 
0 0 85.8478 98.2871 24.2497 0 0 0 8.29814 0 0 0 24.3199 97.1259 87.4183 0 0 
0 0 0 257.912 260.327 192.399 99.0201 67.7741 0 66.8616 101.052 195.347 262.751 249.295 0 0 0 
0 0 0 203.801 735.443 695.853 700.687 617.024 763.085 635.346 688.008 692.097 738.85 213.579 0 0 0 
0 0 0 0 573.898 1652.96 1788.31 1933.35 1591.94 1894.23 1792.47 1679 570.829 0 0 0 0 
0 0 0 0 226.082 1257.83 2956.4 3667.18 4291.98 3680.5 2939.71 1233.47 223.25 0 0 0 0 
0 0 0 0 0 445.436 1591.84 3147.12 3294.07 3152.43 1607.26 445.913 0 0 0 0 0 
0 0 0 0 0 123.516 753.356 1394.94 2164.06 1396.93 759.352 122.175 0 0 0 0 0 
0 0 0 0 0 0 64.742 501.872 573.408 502.49 64.3812 0 0 0 0 0 0 
0 0 0 0 0 0 53.6419 95.0264 121.243 95.1734 55.7569 0 0 0 0 0 0 
0 0 0 0 0 0 0 0 59.9778 0 0 0 0 0 0 0 0 
0 0 0 0 0 0 0 15.7131 0 16.0469 0 0 0 0 0 0 0 
0 0 0 0 0 0 0 0 0 0 0 0 0 0 0 0 0 
0 0 0 0 0 0 0 0 1.94088 0 0 0 0 0 0 0 0 
