1 0 0 0 0 0 0 0 0 0 0 0 0 0 0 0 1 
0 0 0 0 0 0 0 0 0 0 0 0 0 0 0 0 0 
0 16 0 0 0 0 0 0 0 0 0 0 0 0 0 16 0 
0 0 32.5649 0 0 0 0 0 0 0 0 0 0 0 33.7662 0 0 
0 0 87.4351 98.2296 23.9971 0 0 0 7.071 0 0 0 25.0138 97.7683 86.2338 0 0 
0 0 0 254.895 259.334 186.927 93.1922 61.7256 0 62.5887 95.9337 199.036 256.842 257.455 0 0 0 
0 0 0 206.875 737.915 692.454 720.942 637.81 778.785 619.005 702.724 705.199 750.065 204.777 0 0 0 
0 0 0 0 578.36 1657.75 1867.26 1933.96 1623.13 1917.21 1826.06 1644.92 562.855 0 0 0 0 
0 0 0 0 220.394 1270.68 2899.01 3650.87 4307.77 3635.49 2856.43 1249.37 225.224 0 0 0 0 
0 0 0 0 0 437.115 1569.02 3189.4 3306.77 3179.35 1617.58 440.446 0 0 0 0 0 
0 0 0 0 0 123.075 735.72 1345.93 2071.07 1394.85 790.016 129.027 0 0 0 0 0 
0 0 0 0 0 0 67.4438 500.622 589.167 519.156 63.7462 0 0 0 0 0 0 
0 0 0 0 0 0 55.4102 103.607 117.129 96.5471 55.5012 0 0 0 0 0 0 
0 0 0 0 0 0 0 0 67.0207 0 0 0 0 0 0 0 0 
0 0 0 0 0 0 0 16.0825 0 15.81 0 0 0 0 0 0 0 
0 0 0 0 0 0 0 0 0 0 0 0 0 0 0 0 0 
0 0 0 0 0 0 0 0 2.09283 0 0 0 0 0 0 0 0 
