1 0 0 0 0 0 0 0 0 0 0 0 0 0 0 0 1 
0 0 0 0 0 0 0 0 0 0 0 0 0 0 0 0 0 
0 16 0 0 0 0 0 0 0 0 0 0 0 0 0 16 0 
0 0 31.1362 0 0 0 0 0 0 0 0 0 0 0 32.2071 0 0 
0 0 88.8638 90.8689 21.8124 0 0 0 7.89232 0 0 0 23.4466 92.6483 87.7929 0 0 
0 0 0 261.004 254.243 194.444 97.7975 62.9433 0 60.3435 96.4789 194.509 251.972 259.686 0 0 0 
0 0 0 208.127 738.794 694.509 697.675 607.108 750.749 623.087 690.349 680.807 730.498 207.665 0 0 0 
0 0 0 0 573.288 1682.91 1810.86 1931.46 1593.41 1922.38 1835.44 1659.59 583.633 0 0 0 0 
0 0 0 0 231.862 1213.32 2943.71 3672.25 4402.88 3692 2917.92 1237.09 230.45 0 0 0 0 
0 0 0 0 0 457.306 1582.3 3154.94 3221.23 3104.67 1557.61 465.769 0 0 0 0 0 
0 0 0 0 0 125.507 757.993 1393.88 2131.13 1410.49 792.122 130.235 0 0 0 0 0 
0 0 0 0 0 0 63.611 508.41 577.91 517.834 63.2915 0 0 0 0 0 0 
0 0 0 0 0 0 54.0589 93.5888 120.053 94.2536 54.7872 0 0 0 0 0 0 
0 0 0 0 0 0 0 0 62.8672 0 0 0 0 0 0 0 0 
0 0 0 0 0 0 0 15.4097 0 14.9407 0 0 0 0 0 0 0 
0 0 0 0 0 0 0 0 0 0 0 0 0 0 0 0 0 
0 0 0 0 0 0 0 0 1.87985 0 0 0 0 0 0 0 0 
