1 0 0 0 0 0 0 0 0 0 0 0 0 0 0 0 1 
0 0 0 0 0 0 0 0 0 0 0 0 0 0 0 0 0 
0 16 0 0 0 0 0 0 0 0 0 0 0 0 0 16 0 
0 0 32.1382 0 0 0 0 0 0 0 0 0 0 0 33.973 0 0 
0 0 87.8618 95.5159 22.569 0 0 0 7.83421 0 0 0 23.3632 96.7792 86.027 0 0 
0 0 0 259.518 250.814 194.558 94.669 57.276 0 61.1595 95.2551 183.561 258 256.194 0 0 0 
0 0 0 204.966 739.651 685.46 688.005 603.035 766.543 641.34 704.721 698.878 737.993 207.026 0 0 0 
0 0 0 0 578.511 1670.14 1764.65 1919.3 1573.42 1924.95 1812.83 1689.1 570.806 0 0 0 0 
0 0 0 0 228.455 1238.65 2964.64 3658.71 4365.14 3705.56 2979.23 1219.12 229.838 0 0 0 0 
0 0 0 0 0 451.304 1598.62 3164.64 3324.04 3113.7 1522.09 447.584 0 0 0 0 0 
0 0 0 0 0 127.884 780.059 1423.65 2073.46 1355.98 768.638 129.758 0 0 0 0 0 
0 0 0 0 0 0 60.4675 501.327 568.884 521.566 64.2707 0 0 0 0 0 0 
0 0 0 0 0 0 56.8941 95.2325 123.658 98.9921 60.9716 0 0 0 0 0 0 
0 0 0 0 0 0 0 0 65.0495 0 0 0 0 0 0 0 0 
0 0 0 0 0 0 0 16.8321 0 16.7501 0 0 0 0 0 0 0 
0 0 0 0 0 0 0 0 0 0 0 0 0 0 0 0 0 
0 0 0 0 0 0 0 0 1.97185 0 0 0 0 0 0 0 0 
