1 0 0 0 0 0 0 0 0 0 0 0 0 0 0 0 1 
0 0 0 0 0 0 0 0 0 0 0 0 0 0 0 0 0 
0 16 0 0 0 0 0 0 0 0 0 0 0 0 0 16 0 
0 0 31.1813 0 0 0 0 0 0 0 0 0 0 0 31.4227 0 0 
0 0 88.8187 94.4107 24.7415 0 0 0 8.78712 0 0 0 23.2875 96.7797 88.5773 0 0 
0 0 0 261.813 254.488 190.855 99.0381 65.6038 0 65.211 96.1647 190.155 249.279 257.612 0 0 0 
0 0 0 203.777 735.51 672.781 698.938 617.393 760.213 627.757 703.251 696.387 743.465 205.609 0 0 0 
0 0 0 0 579.72 1694.07 1804.27 1934.38 1612.44 1930.88 1829.5 1644.41 581.473 0 0 0 0 
0 0 0 0 225.541 1244.25 2985 3697.73 4360.76 3625.71 2898.37 1265.41 222.496 0 0 0 0 
0 0 0 0 0 444.018 1545.53 3126.15 3311.91 3153.81 1557.65 445.872 0 0 0 0 0 
0 0 0 0 0 122.026 757.872 1397.66 2064.97 1417.23 802.225 125.762 0 0 0 0 0 
0 0 0 0 0 0 62.7905 491.581 573.62 508.191 65.7296 0 0 0 0 0 0 
0 0 0 0 0 0 54.5709 93.9071 113.451 95.8572 55.1095 0 0 0 0 0 0 
0 0 0 0 0 0 0 0 61.8671 0 0 0 0 0 0 0 0 
0 0 0 0 0 0 0 15.5986 0 15.3606 0 0 0 0 0 0 0 
0 0 0 0 0 0 0 0 0 0 0 0 0 0 0 0 0 
0 0 0 0 0 0 0 0 1.97738 0 0 0 0 0 0 0 0 
