1 0 0 0 0 0 0 0 0 0 0 0 0 0 0 0 1 
0 0 0 0 0 0 0 0 0 0 0 0 0 0 0 0 0 
0 16 0 0 0 0 0 0 0 0 0 0 0 0 0 16 0 
0 0 32.224 0 0 0 0 0 0 0 0 0 0 0 32.5618 0 0 
0 0 87.776 95.5649 23.3648 0 0 0 8.29458 0 0 0 24.6085 96.6016 87.4382 0 0 
0 0 0 255.651 256.87 192.195 92.5432 62.8641 0 65.4944 97.4197 198.008 262.796 256.507 0 0 0 
0 0 0 208.784 738.845 687.741 699.255 619.214 779.151 640.415 713.802 682.982 725.692 206.891 0 0 0 
0 0 0 0 567.807 1670.68 1793.47 1908.48 1625.87 1952.49 1845.37 1659.32 579.278 0 0 0 0 
0 0 0 0 233.113 1232.48 2940.02 3650.95 4335.69 3696.6 2924.87 1257.42 227.625 0 0 0 0 
0 0 0 0 0 455.347 1574.83 3158.48 3252.04 3067.58 1529.86 441.074 0 0 0 0 0 
0 0 0 0 0 129.554 785.617 1406.19 2087.15 1376.94 774.73 129.193 0 0 0 0 0 
0 0 0 0 0 0 66.2508 517.499 593.254 524.161 63.5084 0 0 0 0 0 0 
0 0 0 0 0 0 56.0071 99.9673 121.206 99.3443 58.4353 0 0 0 0 0 0 
0 0 0 0 0 0 0 0 65.234 0 0 0 0 0 0 0 0 
0 0 0 0 0 0 0 16.3531 0 16.9689 0 0 0 0 0 0 0 
0 0 0 0 0 0 0 0 0 0 0 0 0 0 0 0 0 
0 0 0 0 0 0 0 0 2.10002 0 0 0 0 0 0 0 0 
