1 0 0 0 0 0 0 0 0 0 0 0 0 0 0 0 1 
0 0 0 0 0 0 0 0 0 0 0 0 0 0 0 0 0 
0 16 0 0 0 0 0 0 0 0 0 0 0 0 0 16 0 
0 0 32.794 0 0 0 0 0 0 0 0 0 0 0 32.4721 0 0 
0 0 87.206 99.8337 24.0634 0 0 0 8.39893 0 0 0 23.2134 94.72 87.5279 0 0 
0 0 0 252.704 252.189 194.59 96.3936 63.3236 0 65.9573 94.9215 187.897 248.503 252.034 0 0 0 
0 0 0 207.463 734.918 691.735 705.508 631.632 762.722 616.084 699.499 690.577 736.839 213.246 0 0 0 
0 0 0 0 578.395 1644.66 1823.48 1894.47 1625.56 1943.62 1848.34 1672.25 578.14 0 0 0 0 
0 0 0 0 230.435 1252.26 2932.83 3709.65 4405.27 3701.88 2928.87 1232.89 233.305 0 0 0 0 
0 0 0 0 0 459.11 1565.05 3141.81 3213.93 3152.88 1550.58 455.887 0 0 0 0 0 
0 0 0 0 0 125.636 766.196 1384.84 2105.17 1344.01 770.504 128.495 0 0 0 0 0 
0 0 0 0 0 0 64.1885 503.335 566.254 504.062 63.1928 0 0 0 0 0 0 
0 0 0 0 0 0 54.3565 94.9556 117.411 96.5548 52.0889 0 0 0 0 0 0 
0 0 0 0 0 0 0 0 63.3693 0 0 0 0 0 0 0 0 
0 0 0 0 0 0 0 15.9736 0 14.9506 0 0 0 0 0 0 0 
0 0 0 0 0 0 0 0 0 0 0 0 0 0 0 0 0 
0 0 0 0 0 0 0 0 1.92037 0 0 0 0 0 0 0 0 
