1 0 0 0 0 0 0 0 0 0 0 0 0 0 0 0 1 
0 0 0 0 0 0 0 0 0 0 0 0 0 0 0 0 0 
0 16 0 0 0 0 0 0 0 0 0 0 0 0 0 16 0 
0 0 31.8942 0 0 0 0 0 0 0 0 0 0 0 31.4616 0 0 
0 0 88.1058 98.5814 25.3438 0 0 0 7.8286 0 0 0 22.7862 95.9418 88.5384 0 0 
0 0 0 256.858 259.075 197.848 96.0934 62.7777 0 64.2741 99.4294 194.739 257.265 255.472 0 0 0 
0 0 0 204.56 738.306 695.887 717.533 630.02 786.255 629.096 702.845 679.455 742.968 208.586 0 0 0 
0 0 0 0 568.503 1671.18 1828.71 1923.38 1593.52 1888.48 1802.9 1669.8 568.75 0 0 0 0 
0 0 0 0 228.772 1227.6 2906.26 3651.27 4323.19 3675.41 2974.3 1253.38 228.23 0 0 0 0 
0 0 0 0 0 446.619 1572.99 3121.96 3261.72 3167.63 1546.25 443.535 0 0 0 0 0 
0 0 0 0 0 128.868 762.599 1400.66 2116.49 1384 759.493 127.091 0 0 0 0 0 
0 0 0 0 0 0 67.084 535.409 592.627 518.302 65.2313 0 0 0 0 0 0 
0 0 0 0 0 0 56.7323 97.9228 120.135 95.9231 57.5523 0 0 0 0 0 0 
0 0 0 0 0 0 0 0 66.1994 0 0 0 0 0 0 0 0 
0 0 0 0 0 0 0 16.5918 0 16.8757 0 0 0 0 0 0 0 
0 0 0 0 0 0 0 0 0 0 0 0 0 0 0 0 0 
0 0 0 0 0 0 0 0 2.03375 0 0 0 0 0 0 0 0 
