1 0 0 0 0 0 0 0 0 0 0 0 0 0 0 0 1 
0 0 0 0 0 0 0 0 0 0 0 0 0 0 0 0 0 
0 16 0 0 0 0 0 0 0 0 0 0 0 0 0 16 0 
0 0 32.3739 0 0 0 0 0 0 0 0 0 0 0 31.0047 0 0 
0 0 87.6261 97.6516 24.1877 0 0 0 8.36297 0 0 0 23.6721 93.9542 88.9953 0 0 
0 0 0 257.529 258.902 192.991 97.8751 63.7175 0 62.3281 95.9824 193.982 259.138 256.707 0 0 0 
0 0 0 204.819 733.145 697.367 707.919 631.308 768.878 640.889 720.036 692.022 725.884 209.339 0 0 0 
0 0 0 0 578.057 1650.58 1819.02 1913.48 1589.04 1932.59 1824.81 1661.29 582.198 0 0 0 0 
0 0 0 0 225.708 1248.97 2922.8 3660.97 4366.64 3663.83 2922.81 1242.58 229.108 0 0 0 0 
0 0 0 0 0 447.678 1567.33 3145.19 3290.08 3134.22 1561.8 454.282 0 0 0 0 0 
0 0 0 0 0 130.409 771.352 1399.59 2100.26 1384.2 761.903 123.846 0 0 0 0 0 
0 0 0 0 0 0 66.6636 513.312 563.004 509.591 64.3373 0 0 0 0 0 0 
0 0 0 0 0 0 55.0304 96.4368 118.098 96.1006 56.315 0 0 0 0 0 0 
0 0 0 0 0 0 0 0 63.6472 0 0 0 0 0 0 0 0 
0 0 0 0 0 0 0 15.9888 0 16.2474 0 0 0 0 0 0 0 
0 0 0 0 0 0 0 0 0 0 0 0 0 0 0 0 0 
0 0 0 0 0 0 0 0 2.00123 0 0 0 0 0 0 0 0 
