1 0 0 0 0 0 0 0 0 0 0 0 0 0 0 0 1 
0 0 0 0 0 0 0 0 0 0 0 0 0 0 0 0 0 
0 16 0 0 0 0 0 0 0 0 0 0 0 0 0 16 0 
0 0 32.2874 0 0 0 0 0 0 0 0 0 0 0 32.0832 0 0 
0 0 87.7126 97.2979 24.4696 0 0 0 8.3656 0 0 0 24.258 94.8583 87.9168 0 0 
0 0 0 257.601 260.294 194.418 97.4093 65.8217 0 63.2273 97.6651 192.126 253.021 254.972 0 0 0 
0 0 0 205.102 733.675 702.694 721.346 637.205 772.79 607.548 702.016 692.716 725.115 210.17 0 0 0 
0 0 0 0 576.571 1662.79 1829.25 1909.32 1601.61 1930.31 1822.45 1639.37 586.071 0 0 0 0 
0 0 0 0 224.991 1228.91 2919.57 3723.24 4371.74 3703.55 2929.02 1256.8 231.535 0 0 0 0 
0 0 0 0 0 454.858 1550.38 3120.4 3277.88 3143.17 1578.35 456.462 0 0 0 0 0 
0 0 0 0 0 124.336 774.08 1377.59 2094.52 1382.9 756.193 130.523 0 0 0 0 0 
0 0 0 0 0 0 62.4027 498.624 563.869 499.329 64.8924 0 0 0 0 0 0 
0 0 0 0 0 0 53.5652 92.3714 115.851 93.7066 57.4143 0 0 0 0 0 0 
0 0 0 0 0 0 0 0 61.3703 0 0 0 0 0 0 0 0 
0 0 0 0 0 0 0 15.4293 0 16.252 0 0 0 0 0 0 0 
0 0 0 0 0 0 0 0 0 0 0 0 0 0 0 0 0 
0 0 0 0 0 0 0 0 1.99746 0 0 0 0 0 0 0 0 
