1 0 0 0 0 0 0 0 0 0 0 0 0 0 0 0 1 
0 0 0 0 0 0 0 0 0 0 0 0 0 0 0 0 0 
0 16 0 0 0 0 0 0 0 0 0 0 0 0 0 16 0 
0 0 32.0431 0 0 0 0 0 0 0 0 0 0 0 32.132 0 0 
0 0 87.9569 93.8443 23.354 0 0 0 8.58796 0 0 0 24.2324 93.283 87.868 0 0 
0 0 0 258.891 259.398 198.062 100.883 66.6007 0 64.9137 94.5604 192.275 257.676 258.035 0 0 0 
0 0 0 207.264 730.525 685.589 712.338 643.409 791.59 632.648 721.156 680.759 731.01 208.682 0 0 0 
0 0 0 0 580.721 1651.89 1825.02 1944.93 1604.33 1925.52 1810.99 1666.69 580.044 0 0 0 0 
0 0 0 0 226.002 1258.38 2924.94 3688.13 4367.96 3682.65 2932.72 1254.86 227.038 0 0 0 0 
0 0 0 0 0 445.142 1564.65 3116.35 3277.45 3152.63 1563.27 446.562 0 0 0 0 0 
0 0 0 0 0 128.944 759.392 1368.76 2071.86 1370.07 768.604 126.853 0 0 0 0 0 
0 0 0 0 0 0 63.6573 500.843 562.35 500.404 60.8668 0 0 0 0 0 0 
0 0 0 0 0 0 57.1178 94.1516 121.217 95.2128 55.8204 0 0 0 0 0 0 
0 0 0 0 0 0 0 0 62.6411 0 0 0 0 0 0 0 0 
0 0 0 0 0 0 0 16.8208 0 15.9486 0 0 0 0 0 0 0 
0 0 0 0 0 0 0 0 0 0 0 0 0 0 0 0 0 
0 0 0 0 0 0 0 0 2.01926 0 0 0 0 0 0 0 0 
