1 0 0 0 0 0 0 0 0 0 0 0 0 0 0 0 1 
0 0 0 0 0 0 0 0 0 0 0 0 0 0 0 0 0 
0 16 0 0 0 0 0 0 0 0 0 0 0 0 0 16 0 
0 0 31.3993 0 0 0 0 0 0 0 0 0 0 0 33.001 0 0 
0 0 88.6007 95.7239 23.6587 0 0 0 7.8063 0 0 0 23.8149 97.427 86.999 0 0 
0 0 0 254.736 255.413 187.112 93.4123 61.9768 0 61.3854 95.1589 192.206 258.263 255.841 0 0 0 
0 0 0 209.54 732.147 679.515 702.726 622.439 743.832 604.575 693.418 675.549 725.467 206.732 0 0 0 
0 0 0 0 576.707 1667.91 1831.21 1925.93 1631.44 1931.68 1802.98 1659.8 583.143 0 0 0 0 
0 0 0 0 232.074 1251.65 2922.69 3674.9 4296.69 3669.27 2928.68 1260.09 229.312 0 0 0 0 
0 0 0 0 0 450.45 1560.4 3124.56 3280.74 3134.67 1595.6 450.177 0 0 0 0 0 
0 0 0 0 0 131.361 772.548 1400.98 2141.87 1404.48 771.112 130.18 0 0 0 0 0 
0 0 0 0 0 0 66.5553 516.272 583.271 523.408 63.996 0 0 0 0 0 0 
0 0 0 0 0 0 58.463 96.5675 118.138 94.5432 57.0513 0 0 0 0 0 0 
0 0 0 0 0 0 0 0 64.2617 0 0 0 0 0 0 0 0 
0 0 0 0 0 0 0 16.3862 0 15.9919 0 0 0 0 0 0 0 
0 0 0 0 0 0 0 0 0 0 0 0 0 0 0 0 0 
0 0 0 0 0 0 0 0 1.95862 0 0 0 0 0 0 0 0 
