1 0 0 0 0 0 0 0 0 0 0 0 0 0 0 0 1 
0 0 0 0 0 0 0 0 0 0 0 0 0 0 0 0 0 
0 16 0 0 0 0 0 0 0 0 0 0 0 0 0 16 0 
0 0 31.8656 0 0 0 0 0 0 0 0 0 0 0 31.3852 0 0 
0 0 88.1344 97.9102 23.6324 0 0 0 7.99261 0 0 0 24.1328 93.7569 88.6148 0 0 
0 0 0 256.327 260.129 194.823 95.6486 64.8213 0 64.1755 98.5063 191.471 251.225 256.168 0 0 0 
0 0 0 205.763 741.039 696.466 710.646 604.586 759.729 611.561 701.781 684.231 729.698 210.076 0 0 0 
0 0 0 0 571.583 1655.1 1835.19 1908.28 1574.54 1915.98 1783.99 1644.59 587.26 0 0 0 0 
0 0 0 0 223.617 1244.77 2888.93 3647.46 4318.89 3682.34 2974.51 1269.14 227.684 0 0 0 0 
0 0 0 0 0 451.708 1582.42 3188.37 3288.05 3106.52 1554.88 448.839 0 0 0 0 0 
0 0 0 0 0 125.129 775.08 1410.86 2141.92 1417.59 771.415 129.73 0 0 0 0 0 
0 0 0 0 0 0 63.8559 503.427 586.428 524.759 66.3929 0 0 0 0 0 0 
0 0 0 0 0 0 56.2289 96.2333 124.675 100.691 56.526 0 0 0 0 0 0 
0 0 0 0 0 0 0 0 65.7392 0 0 0 0 0 0 0 0 
0 0 0 0 0 0 0 15.9648 0 16.3833 0 0 0 0 0 0 0 
0 0 0 0 0 0 0 0 0 0 0 0 0 0 0 0 0 
0 0 0 0 0 0 0 0 2.02925 0 0 0 0 0 0 0 0 
