1 0 0 0 0 0 0 0 0 0 0 0 0 0 0 0 1 
0 0 0 0 0 0 0 0 0 0 0 0 0 0 0 0 0 
0 16 0 0 0 0 0 0 0 0 0 0 0 0 0 16 0 
0 0 32.023 0 0 0 0 0 0 0 0 0 0 0 31.9028 0 0 
0 0 87.977 96.9148 23.8631 0 0 0 7.77147 0 0 0 22.4523 96.1423 88.0972 0 0 
0 0 0 257.591 254.836 189.444 91.6927 60.5854 0 64.7054 96.8077 186.555 259.475 257.573 0 0 0 
0 0 0 205.495 741.181 695.498 701.081 611.741 733.765 616.461 698.151 688.077 739.265 206.285 0 0 0 
0 0 0 0 574.211 1688.91 1826.25 1939.61 1615.46 1914.66 1827.97 1692.44 574.827 0 0 0 0 
0 0 0 0 225.91 1229.01 2966.47 3641.84 4343.29 3682.06 2934.66 1241.7 223.982 0 0 0 0 
0 0 0 0 0 434.542 1540.86 3179.96 3276.89 3126.45 1571.2 433.329 0 0 0 0 0 
0 0 0 0 0 130.601 759.16 1381.44 2131.27 1410.75 758.854 125.906 0 0 0 0 0 
0 0 0 0 0 0 65.923 512.754 574.114 515.513 63.7988 0 0 0 0 0 0 
0 0 0 0 0 0 56.5593 96.1556 121.819 93.2081 56.564 0 0 0 0 0 0 
0 0 0 0 0 0 0 0 63.6089 0 0 0 0 0 0 0 0 
0 0 0 0 0 0 0 15.9092 0 16.2011 0 0 0 0 0 0 0 
0 0 0 0 0 0 0 0 0 0 0 0 0 0 0 0 0 
0 0 0 0 0 0 0 0 2.02335 0 0 0 0 0 0 0 0 
