1 0 0 0 0 0 0 0 0 0 0 0 0 0 0 0 1 
0 0 0 0 0 0 0 0 0 0 0 0 0 0 0 0 0 
0 16 0 0 0 0 0 0 0 0 0 0 0 0 0 16 0 
0 0 32.2212 0 0 0 0 0 0 0 0 0 0 0 31.9171 0 0 
0 0 87.7788 99.4513 26.0035 0 0 0 7.8228 0 0 0 25.7266 97.3353 88.0829 0 0 
0 0 0 255.138 266.6 197.765 96.6674 63.5562 0 63.2101 96.1423 195.284 257.273 252.9 0 0 0 
0 0 0 205.41 742.966 702.682 718.478 639.392 779.843 625.441 710.054 683.776 724.098 209.764 0 0 0 
0 0 0 0 561.025 1669.47 1833.58 1953.42 1604.44 1926.02 1831.43 1671.83 587.682 0 0 0 0 
0 0 0 0 223.406 1236.41 2913.29 3613.57 4340.07 3689.47 2918.05 1240.73 225.221 0 0 0 0 
0 0 0 0 0 432.434 1560.7 3145.66 3253.74 3112.92 1559.63 448.651 0 0 0 0 0 
0 0 0 0 0 129.239 765.657 1405.97 2133.33 1407.22 774.624 127.727 0 0 0 0 0 
0 0 0 0 0 0 63.0103 509.022 570.545 506.374 62.6604 0 0 0 0 0 0 
0 0 0 0 0 0 56.6132 93.2786 117.495 93.6926 55.4057 0 0 0 0 0 0 
0 0 0 0 0 0 0 0 60.7548 0 0 0 0 0 0 0 0 
0 0 0 0 0 0 0 16.1285 0 15.6595 0 0 0 0 0 0 0 
0 0 0 0 0 0 0 0 0 0 0 0 0 0 0 0 0 
0 0 0 0 0 0 0 0 1.96204 0 0 0 0 0 0 0 0 
