1 0 0 0 0 0 0 0 0 0 0 0 0 0 0 0 1 
0 0 0 0 0 0 0 0 0 0 0 0 0 0 0 0 0 
0 16 0 0 0 0 0 0 0 0 0 0 0 0 0 16 0 
0 0 31.2185 0 0 0 0 0 0 0 0 0 0 0 31.0103 0 0 
0 0 88.7815 95.9225 23.9508 0 0 0 8.21199 0 0 0 24.3981 97.1442 88.9897 0 0 
0 0 0 256.827 257.37 195.987 97.7765 65.7937 0 63.9402 96.7145 190.168 259.217 253.299 0 0 0 
0 0 0 207.25 741.911 696.362 703.074 626.371 787.28 656.023 718.302 697.731 741.239 209.557 0 0 0 
0 0 0 0 571.628 1661.13 1822.97 1934.31 1617.37 1915.26 1839.86 1668.06 566.388 0 0 0 0 
0 0 0 0 225.141 1248.08 2920.57 3693.15 4353.2 3703.04 2930.05 1232.35 228.758 0 0 0 0 
0 0 0 0 0 441.555 1593.32 3110.7 3265.58 3109.91 1544.22 449.226 0 0 0 0 0 
0 0 0 0 0 124.881 754.749 1392.04 2086.65 1378.83 757.29 130.461 0 0 0 0 0 
0 0 0 0 0 0 61.2991 510.481 567.541 504.343 63.2568 0 0 0 0 0 0 
0 0 0 0 0 0 54.2351 91.4459 119.852 92.4212 58.3176 0 0 0 0 0 0 
0 0 0 0 0 0 0 0 62.3381 0 0 0 0 0 0 0 0 
0 0 0 0 0 0 0 15.7096 0 16.2378 0 0 0 0 0 0 0 
0 0 0 0 0 0 0 0 0 0 0 0 0 0 0 0 0 
0 0 0 0 0 0 0 0 1.9793 0 0 0 0 0 0 0 0 
