1 0 0 0 0 0 0 0 0 0 0 0 0 0 0 0 1 
0 0 0 0 0 0 0 0 0 0 0 0 0 0 0 0 0 
0 16 0 0 0 0 0 0 0 0 0 0 0 0 0 16 0 
0 0 31.3286 0 0 0 0 0 0 0 0 0 0 0 31.5723 0 0 
0 0 88.6714 97.0373 26.5764 0 0 0 8.30981 0 0 0 24.0438 97.0087 88.4277 0 0 
0 0 0 253.329 259.425 201.447 102.259 70.1998 0 65.4287 95.8389 191.102 256.108 254.898 0 0 0 
0 0 0 209.633 729.888 688.425 710.601 640.678 767.636 623.2 696.67 688.185 735.576 208.093 0 0 0 
0 0 0 0 570.453 1665.62 1822.13 1919.73 1604.59 1894.45 1804.16 1646.24 569.798 0 0 0 0 
0 0 0 0 233.657 1237.93 2941.41 3681 4365.98 3678.04 2936.31 1258.83 234.474 0 0 0 0 
0 0 0 0 0 447.311 1541.9 3136.25 3252.85 3169.12 1568.82 451.543 0 0 0 0 0 
0 0 0 0 0 127.268 768.812 1366.12 2109.96 1388.89 785.201 132.098 0 0 0 0 0 
0 0 0 0 0 0 64.9762 514.674 568.512 507.4 64.4926 0 0 0 0 0 0 
0 0 0 0 0 0 55.9173 95.6127 124.794 97.4795 56.5061 0 0 0 0 0 0 
0 0 0 0 0 0 0 0 65.3378 0 0 0 0 0 0 0 0 
0 0 0 0 0 0 0 15.7269 0 15.9949 0 0 0 0 0 0 0 
0 0 0 0 0 0 0 0 0 0 0 0 0 0 0 0 0 
0 0 0 0 0 0 0 0 2.04014 0 0 0 0 0 0 0 0 
