1 0 0 0 0 0 0 0 0 0 0 0 0 0 0 0 1 
0 0 0 0 0 0 0 0 0 0 0 0 0 0 0 0 0 
0 16 0 0 0 0 0 0 0 0 0 0 0 0 0 16 0 
0 0 32.4345 0 0 0 0 0 0 0 0 0 0 0 31.6518 0 0 
0 0 87.5655 97.2456 24.0959 0 0 0 8.31311 0 0 0 23.5473 96.9823 88.3482 0 0 
0 0 0 255.802 258.519 192.473 96.687 65.4606 0 63.0822 95.3699 195.094 256.236 254.829 0 0 0 
0 0 0 206.952 740.417 691.347 718.01 624.113 762.988 618.034 685.1 676.142 737.021 208.189 0 0 0 
0 0 0 0 571.731 1660.89 1843.38 1971.12 1624.54 1919.55 1828.95 1682.48 577.013 0 0 0 0 
0 0 0 0 225.236 1254.01 2925.28 3680.28 4369.31 3730.87 2976.3 1242.1 226.182 0 0 0 0 
0 0 0 0 0 444.953 1551.33 3131.43 3288.08 3125.26 1548.62 446.303 0 0 0 0 0 
0 0 0 0 0 124.331 756.705 1363.52 2079.34 1368.83 757.042 125.885 0 0 0 0 0 
0 0 0 0 0 0 63.2234 495.949 557.669 505.226 62.6903 0 0 0 0 0 0 
0 0 0 0 0 0 53.3826 92.8114 115.56 93.8232 53.9304 0 0 0 0 0 0 
0 0 0 0 0 0 0 0 62.2868 0 0 0 0 0 0 0 0 
0 0 0 0 0 0 0 15.3128 0 15.3387 0 0 0 0 0 0 0 
0 0 0 0 0 0 0 0 0 0 0 0 0 0 0 0 0 
0 0 0 0 0 0 0 0 1.92104 0 0 0 0 0 0 0 0 
