1 0 0 0 0 0 0 0 0 0 0 0 0 0 0 0 1 
0 0 0 0 0 0 0 0 0 0 0 0 0 0 0 0 0 
0 16 0 0 0 0 0 0 0 0 0 0 0 0 0 16 0 
0 0 31.0946 0 0 0 0 0 0 0 0 0 0 0 31.7572 0 0 
0 0 88.9054 98.8611 24.8833 0 0 0 8.106 0 0 0 24.049 94.4838 88.2428 0 0 
0 0 0 253.934 254.648 192.843 97.8001 64.1623 0 64.9078 102.963 200.292 260.451 258.185 0 0 0 
0 0 0 207.205 736.848 688.041 715.191 631.076 771.071 635.377 725.164 697.298 737.352 207.331 0 0 0 
0 0 0 0 578.429 1658.6 1826.75 1916.29 1595.91 1953.52 1819.73 1650.22 570.617 0 0 0 0 
0 0 0 0 225.193 1255.81 2895.71 3672.61 4346.08 3653.22 2922.51 1239.74 227.531 0 0 0 0 
0 0 0 0 0 443.853 1578.8 3115.38 3296.65 3141.59 1550.62 447.47 0 0 0 0 0 
0 0 0 0 0 128.854 773.684 1403.87 2078.66 1366.27 763.126 132.984 0 0 0 0 0 
0 0 0 0 0 0 62.7909 524.523 586.314 512.162 65.6715 0 0 0 0 0 0 
0 0 0 0 0 0 57.2696 95.1271 120.816 96.1738 58.2243 0 0 0 0 0 0 
0 0 0 0 0 0 0 0 64.1882 0 0 0 0 0 0 0 0 
0 0 0 0 0 0 0 16.9723 0 16.7779 0 0 0 0 0 0 0 
0 0 0 0 0 0 0 0 0 0 0 0 0 0 0 0 0 
0 0 0 0 0 0 0 0 2.20877 0 0 0 0 0 0 0 0 
