1 0 0 0 0 0 0 0 0 0 0 0 0 0 0 0 1 
0 0 0 0 0 0 0 0 0 0 0 0 0 0 0 0 0 
0 16 0 0 0 0 0 0 0 0 0 0 0 0 0 16 0 
0 0 33.0887 0 0 0 0 0 0 0 0 0 0 0 31.6547 0 0 
0 0 86.9113 96.505 24.3284 0 0 0 8.86126 0 0 0 23.8132 99.4958 88.3453 0 0 
0 0 0 254.63 262.035 196.136 101.932 69.1626 0 66.1555 97.6418 196.075 262.824 254.072 0 0 0 
0 0 0 208.865 731.225 690.962 712.138 629.52 775.297 628.816 707.612 694.384 732.981 206.433 0 0 0 
0 0 0 0 577.953 1661.58 1819.62 1927.96 1609.36 1912.92 1826.02 1657.22 576.589 0 0 0 0 
0 0 0 0 224.459 1257.45 2942.74 3680.58 4323.73 3701.69 2949.13 1245.6 223.792 0 0 0 0 
0 0 0 0 0 436.051 1550.52 3121.76 3282.5 3124.37 1551.24 450.797 0 0 0 0 0 
0 0 0 0 0 125.818 763.547 1379.87 2114.95 1379.51 759.62 123.92 0 0 0 0 0 
0 0 0 0 0 0 62.439 517.892 571.18 515.8 62.2698 0 0 0 0 0 0 
0 0 0 0 0 0 55.0619 97.2259 118.751 94.694 54.472 0 0 0 0 0 0 
0 0 0 0 0 0 0 0 63.3844 0 0 0 0 0 0 0 0 
0 0 0 0 0 0 0 16.0177 0 16.0369 0 0 0 0 0 0 0 
0 0 0 0 0 0 0 0 0 0 0 0 0 0 0 0 0 
0 0 0 0 0 0 0 0 1.98035 0 0 0 0 0 0 0 0 
