1 0 0 0 0 0 0 0 0 0 0 0 0 0 0 0 1 
0 0 0 0 0 0 0 0 0 0 0 0 0 0 0 0 0 
0 16 0 0 0 0 0 0 0 0 0 0 0 0 0 16 0 
0 0 32.0517 0 0 0 0 0 0 0 0 0 0 0 31.6518 0 0 
0 0 87.9483 98.0261 23.3759 0 0 0 8.33558 0 0 0 23.6455 97.9797 88.3482 0 0 
0 0 0 252.621 258.534 191.964 96.0986 63.6081 0 66.9361 95.2769 190.6 253.469 253.582 0 0 0 
0 0 0 209.353 726.937 688.091 707.223 629.302 776.624 626.984 695.55 685.792 735.769 208.438 0 0 0 
0 0 0 0 574.633 1650.44 1823.46 1910.43 1612.9 1951.63 1856.85 1667.78 578.712 0 0 0 0 
0 0 0 0 236.521 1252.99 2930.29 3686.5 4345.96 3711.23 2904.17 1241.51 228.404 0 0 0 0 
0 0 0 0 0 451.868 1577.11 3142.47 3283.31 3114.13 1571.47 450.798 0 0 0 0 0 
0 0 0 0 0 132.646 753.571 1394.12 2095.42 1351.03 761.212 131.526 0 0 0 0 0 
0 0 0 0 0 0 62.4868 504.733 559.791 504.042 66.7092 0 0 0 0 0 0 
0 0 0 0 0 0 57.7696 92.5041 120.709 98.2993 56.7676 0 0 0 0 0 0 
0 0 0 0 0 0 0 0 64.8718 0 0 0 0 0 0 0 0 
0 0 0 0 0 0 0 16.32 0 15.7154 0 0 0 0 0 0 0 
0 0 0 0 0 0 0 0 0 0 0 0 0 0 0 0 0 
0 0 0 0 0 0 0 0 2.07084 0 0 0 0 0 0 0 0 
