1 0 0 0 0 0 0 0 0 0 0 0 0 0 0 0 1 
0 0 0 0 0 0 0 0 0 0 0 0 0 0 0 0 0 
0 16 0 0 0 0 0 0 0 0 0 0 0 0 0 16 0 
0 0 32.224 0 0 0 0 0 0 0 0 0 0 0 31.5098 0 0 
0 0 87.776 96.5352 24.322 0 0 0 8.26523 0 0 0 24.0519 94.3855 88.4902 0 0 
0 0 0 259.1 259.293 192.15 93.3007 63.2846 0 65.1864 97.0583 189.262 257.92 252.836 0 0 0 
0 0 0 204.365 743.723 705.522 718.619 627.019 767.068 611.564 684.996 703.794 739.785 212.779 0 0 0 
0 0 0 0 570.58 1684.22 1852.16 1977.4 1579.89 1888.59 1817.55 1655.05 572.29 0 0 0 0 
0 0 0 0 222.083 1235.36 2937.43 3685.7 4394.81 3742.17 2943.7 1242.91 225.953 0 0 0 0 
0 0 0 0 0 426.825 1531.57 3121.91 3329.96 3151.22 1562.24 452.025 0 0 0 0 0 
0 0 0 0 0 123.925 756.885 1356.06 2047.52 1372.81 785.831 124.957 0 0 0 0 0 
0 0 0 0 0 0 63.6333 499.293 557.512 498.292 63.2728 0 0 0 0 0 0 
0 0 0 0 0 0 54.4019 93.6085 120.688 95.1936 53.3591 0 0 0 0 0 0 
0 0 0 0 0 0 0 0 62.3833 0 0 0 0 0 0 0 0 
0 0 0 0 0 0 0 15.722 0 14.9756 0 0 0 0 0 0 0 
0 0 0 0 0 0 0 0 0 0 0 0 0 0 0 0 0 
0 0 0 0 0 0 0 0 1.89905 0 0 0 0 0 0 0 0 
