1 0 0 0 0 0 0 0 0 0 0 0 0 0 0 0 1 
0 0 0 0 0 0 0 0 0 0 0 0 0 0 0 0 0 
0 16 0 0 0 0 0 0 0 0 0 0 0 0 0 16 0 
0 0 32.1968 0 0 0 0 0 0 0 0 0 0 0 31.8907 0 0 
0 0 87.8032 96.0372 23.897 0 0 0 7.75619 0 0 0 23.9288 96.9675 88.1093 0 0 
0 0 0 255.159 255.463 192.705 96.0916 63.8299 0 62.9568 95.6412 190.603 256.371 256.71 0 0 0 
0 0 0 208.804 738.548 685.983 696.677 623.318 765.38 624.879 698.901 684.665 737.201 206.322 0 0 0 
0 0 0 0 573.984 1672.74 1829.68 1920.55 1594.19 1904.61 1825.62 1674.25 573.495 0 0 0 0 
0 0 0 0 228.108 1245.37 2949.83 3675.09 4356.46 3684.61 2929.28 1250.02 229.005 0 0 0 0 
0 0 0 0 0 442.419 1559.29 3159.31 3275.25 3153.72 1574.54 441.366 0 0 0 0 0 
0 0 0 0 0 128.787 758.254 1379.06 2114.59 1390.41 765.397 127.093 0 0 0 0 0 
0 0 0 0 0 0 63.0018 508.835 572.016 507.981 63.7435 0 0 0 0 0 0 
0 0 0 0 0 0 55.1733 94.3284 119.41 95.0479 54.8711 0 0 0 0 0 0 
0 0 0 0 0 0 0 0 62.9681 0 0 0 0 0 0 0 0 
0 0 0 0 0 0 0 15.6834 0 15.7852 0 0 0 0 0 0 0 
0 0 0 0 0 0 0 0 0 0 0 0 0 0 0 0 0 
0 0 0 0 0 0 0 0 1.98398 0 0 0 0 0 0 0 0 
