1 0 0 0 0 0 0 0 0 0 0 0 0 0 0 0 1 
0 0 0 0 0 0 0 0 0 0 0 0 0 0 0 0 0 
0 16 0 0 0 0 0 0 0 0 0 0 0 0 0 16 0 
0 0 31.7617 0 0 0 0 0 0 0 0 0 0 0 31.6737 0 0 
0 0 88.2383 96.1703 24.0822 0 0 0 7.90741 0 0 0 24.1845 95.4149 88.3263 0 0 
0 0 0 255.678 254.647 190.91 94.5041 63.0676 0 64.1629 96.124 191.771 256.085 255.505 0 0 0 
0 0 0 208.152 736.455 683.045 700.289 613.434 758.867 616.489 703.929 687.32 736.406 209.08 0 0 0 
0 0 0 0 574.819 1662.01 1808.73 1911.89 1601.44 1916.25 1811.69 1658.61 575.158 0 0 0 0 
0 0 0 0 229.997 1251.32 2932.94 3674.99 4357.17 3688.07 2938.05 1256.93 228.165 0 0 0 0 
0 0 0 0 0 450.195 1577.93 3150.12 3268.22 3141.89 1562.27 444.331 0 0 0 0 0 
0 0 0 0 0 130.527 771.578 1396.05 2114 1391.2 774.777 129.042 0 0 0 0 0 
0 0 0 0 0 0 65.0892 516.772 575.31 508.526 64.4329 0 0 0 0 0 0 
0 0 0 0 0 0 56.9382 97.6062 120.325 97.3415 56.7328 0 0 0 0 0 0 
0 0 0 0 0 0 0 0 64.7035 0 0 0 0 0 0 0 0 
0 0 0 0 0 0 0 16.0693 0 16.0769 0 0 0 0 0 0 0 
0 0 0 0 0 0 0 0 0 0 0 0 0 0 0 0 0 
0 0 0 0 0 0 0 0 2.06039 0 0 0 0 0 0 0 0 
