1 0 0 0 0 0 0 0 0 0 0 0 0 0 0 0 1 
0 0 0 0 0 0 0 0 0 0 0 0 0 0 0 0 0 
0 16 0 0 0 0 0 0 0 0 0 0 0 0 0 16 0 
0 0 32.0739 0 0 0 0 0 0 0 0 0 0 0 32.1131 0 0 
0 0 87.9261 96.0068 23.4651 0 0 0 7.97891 0 0 0 23.9051 95.8947 87.8869 0 0 
0 0 0 255.445 254.004 187.664 94.6312 63.8558 0 63.0372 95.9616 193.251 255.378 255.702 0 0 0 
0 0 0 208.548 737.22 685.716 699.065 617.744 759.151 622.574 702.074 683.183 738.317 208.403 0 0 0 
0 0 0 0 576.149 1667.49 1823.26 1921.59 1587.01 1911.5 1815.89 1670.51 573.845 0 0 0 0 
0 0 0 0 229.162 1253.85 2941.98 3663.86 4359.59 3671.95 2929.84 1247.34 228.555 0 0 0 0 
0 0 0 0 0 443.851 1565.62 3148.5 3260.87 3141.15 1573.97 446.751 0 0 0 0 0 
0 0 0 0 0 129.427 762.729 1401.04 2133.88 1409.86 771.972 126.962 0 0 0 0 0 
0 0 0 0 0 0 64.7236 510.876 575.019 508.507 62.9137 0 0 0 0 0 0 
0 0 0 0 0 0 55.9934 96.5123 121.119 95.4725 55.3803 0 0 0 0 0 0 
0 0 0 0 0 0 0 0 63.4047 0 0 0 0 0 0 0 0 
0 0 0 0 0 0 0 16.0226 0 15.945 0 0 0 0 0 0 0 
0 0 0 0 0 0 0 0 0 0 0 0 0 0 0 0 0 
0 0 0 0 0 0 0 0 1.9783 0 0 0 0 0 0 0 0 
