1 0 0 0 0 0 0 0 0 0 0 0 0 0 0 0 1 
0 0 0 0 0 0 0 0 0 0 0 0 0 0 0 0 0 
0 16 0 0 0 0 0 0 0 0 0 0 0 0 0 16 0 
0 0 31.8468 0 0 0 0 0 0 0 0 0 0 0 32.2133 0 0 
0 0 88.1532 95.3787 23.8621 0 0 0 7.86442 0 0 0 24.2154 96.1175 87.7867 0 0 
0 0 0 255.293 256.369 191.807 96.5373 64.4557 0 63.9539 95.2151 192.812 257.495 256.081 0 0 0 
0 0 0 209.328 733.46 691.915 709.22 625.599 768.047 622.233 706.163 691.029 736.114 207.802 0 0 0 
0 0 0 0 577.806 1654.12 1820.52 1925.43 1602.46 1923.27 1823.96 1655.57 574.641 0 0 0 0 
0 0 0 0 228.502 1249.92 2928.01 3674.29 4334.97 3654.04 2924.87 1252.38 227.534 0 0 0 0 
0 0 0 0 0 451.602 1561.72 3135.17 3263.52 3145.8 1565.75 447.964 0 0 0 0 0 
0 0 0 0 0 128.634 771.214 1390.3 2127.39 1401.28 771.551 128.249 0 0 0 0 0 
0 0 0 0 0 0 64.3477 513.077 579.47 516.541 64.3023 0 0 0 0 0 0 
0 0 0 0 0 0 56.4356 95.7137 120.114 96.6932 56.1943 0 0 0 0 0 0 
0 0 0 0 0 0 0 0 64.1855 0 0 0 0 0 0 0 0 
0 0 0 0 0 0 0 15.9564 0 16.1895 0 0 0 0 0 0 0 
0 0 0 0 0 0 0 0 0 0 0 0 0 0 0 0 0 
0 0 0 0 0 0 0 0 1.98477 0 0 0 0 0 0 0 0 
