1 0 0 0 0 0 0 0 0 0 0 0 0 0 0 0 1 
0 0 0 0 0 0 0 0 0 0 0 0 0 0 0 0 0 
0 16 0 0 0 0 0 0 0 0 0 0 0 0 0 16 0 
0 0 31.7687 0 0 0 0 0 0 0 0 0 0 0 32.1275 0 0 
0 0 88.2313 95.5643 23.7202 0 0 0 7.96283 0 0 0 24.4698 96.4034 87.8725 0 0 
0 0 0 255.782 257.438 191.374 96.2953 64.3834 0 63.9961 95.9787 193.537 256.914 256.22 0 0 0 
0 0 0 208.654 735.408 686.565 703.831 624.839 766.788 632.105 710.03 695.126 738.836 207.377 0 0 0 
0 0 0 0 574.06 1672.55 1831.82 1929.99 1601.6 1915.43 1839.52 1661.43 574.669 0 0 0 0 
0 0 0 0 229.374 1243.51 2913.85 3662.67 4348.31 3681.97 2910.94 1245.51 225.111 0 0 0 0 
0 0 0 0 0 447.64 1578.84 3136.48 3268.85 3128.85 1566.1 444.452 0 0 0 0 0 
0 0 0 0 0 126.353 764.584 1393.74 2105.64 1388.62 764.779 127.949 0 0 0 0 0 
0 0 0 0 0 0 63.7252 516.256 581.998 516.523 64.4597 0 0 0 0 0 0 
0 0 0 0 0 0 55.0526 95.6514 122.51 96.5151 56.1874 0 0 0 0 0 0 
0 0 0 0 0 0 0 0 64.2896 0 0 0 0 0 0 0 0 
0 0 0 0 0 0 0 15.9837 0 15.9817 0 0 0 0 0 0 0 
0 0 0 0 0 0 0 0 0 0 0 0 0 0 0 0 0 
0 0 0 0 0 0 0 0 2.0539 0 0 0 0 0 0 0 0 
