1 0 0 0 0 0 0 0 0 0 0 0 0 0 0 0 1 
0 0 0 0 0 0 0 0 0 0 0 0 0 0 0 0 0 
0 16 0 0 0 0 0 0 0 0 0 0 0 0 0 16 0 
0 0 32.1306 0 0 0 0 0 0 0 0 0 0 0 32.2318 0 0 
0 0 87.8694 96.1021 24.3485 0 0 0 8.052 0 0 0 24.6333 96.5146 87.7682 0 0 
0 0 0 255.173 253.277 189.495 94.7572 63.9535 0 65.1418 97.663 194.608 257.58 255.954 0 0 0 
0 0 0 208.724 737.967 689.066 702.486 626.283 766.664 622.478 705.914 689.306 732.482 207.532 0 0 0 
0 0 0 0 578.444 1669.84 1827.42 1917.16 1600.78 1917.44 1821.74 1654.82 578.585 0 0 0 0 
0 0 0 0 225.964 1245.19 2935.98 3684.06 4360.7 3669.26 2911.19 1248.63 226.719 0 0 0 0 
0 0 0 0 0 446.643 1560.23 3134.32 3251.4 3143.12 1574.91 453.482 0 0 0 0 0 
0 0 0 0 0 127.76 767.364 1391.6 2117.39 1400.41 776.595 127.15 0 0 0 0 0 
0 0 0 0 0 0 63.9511 510.292 579.589 509.729 63.8203 0 0 0 0 0 0 
0 0 0 0 0 0 55.8061 96.3 119.262 96.345 56.1657 0 0 0 0 0 0 
0 0 0 0 0 0 0 0 64.1308 0 0 0 0 0 0 0 0 
0 0 0 0 0 0 0 16.0385 0 16.0726 0 0 0 0 0 0 0 
0 0 0 0 0 0 0 0 0 0 0 0 0 0 0 0 0 
0 0 0 0 0 0 0 0 2.02986 0 0 0 0 0 0 0 0 
