1 0 0 0 0 0 0 0 0 0 0 0 0 0 0 0 1 
0 0 0 0 0 0 0 0 0 0 0 0 0 0 0 0 0 
0 16 0 0 0 0 0 0 0 0 0 0 0 0 0 16 0 
0 0 32.2572 0 0 0 0 0 0 0 0 0 0 0 31.9418 0 0 
0 0 87.7428 96.5724 25.0237 0 0 0 7.82473 0 0 0 24.4649 95.9394 88.0582 0 0 
0 0 0 257.005 254.855 193.726 96.3129 63.2167 0 64.6222 98.2793 193.815 256.458 254.27 0 0 0 
0 0 0 206.423 739.486 688.444 705.34 626.914 775.852 626.581 705.6 686.226 729.21 209.79 0 0 0 
0 0 0 0 572.57 1665.8 1823.49 1910.78 1599.84 1936.81 1823.08 1664.03 579.066 0 0 0 0 
0 0 0 0 228.066 1245.06 2924.69 3687.68 4353.41 3665.68 2924.41 1245.47 230.801 0 0 0 0 
0 0 0 0 0 446.451 1568.33 3136.14 3263.33 3134.17 1570.03 449.996 0 0 0 0 0 
0 0 0 0 0 128.517 771.045 1390.64 2106.12 1390.44 765.789 128.463 0 0 0 0 0 
0 0 0 0 0 0 62.8588 512.831 576.479 508.603 64.0087 0 0 0 0 0 0 
0 0 0 0 0 0 55.9308 95.9711 121.023 96.8187 56.7999 0 0 0 0 0 0 
0 0 0 0 0 0 0 0 64.114 0 0 0 0 0 0 0 0 
0 0 0 0 0 0 0 15.8226 0 16.2629 0 0 0 0 0 0 0 
0 0 0 0 0 0 0 0 0 0 0 0 0 0 0 0 0 
0 0 0 0 0 0 0 0 2.01017 0 0 0 0 0 0 0 0 
