1 0 0 0 0 0 0 0 0 0 0 0 0 0 0 0 1 
0 0 0 0 0 0 0 0 0 0 0 0 0 0 0 0 0 
0 16 0 0 0 0 0 0 0 0 0 0 0 0 0 16 0 
0 0 31.8859 0 0 0 0 0 0 0 0 0 0 0 31.8161 0 0 
0 0 88.1141 95.3032 23.9012 0 0 0 7.94008 0 0 0 24.3924 96.5334 88.1839 0 0 
0 0 0 256.115 254.957 191.804 94.3498 63.0332 0 64.5004 96.3772 190.735 256.417 255.794 0 0 0 
0 0 0 208.581 733.071 685.084 696.413 616.587 763.071 620.486 705.696 689.62 737.889 207.673 0 0 0 
0 0 0 0 580.077 1669.55 1826.94 1920.35 1596.95 1916.19 1828.99 1663.21 574.627 0 0 0 0 
0 0 0 0 227.993 1242.7 2941.81 3689.59 4346.25 3690.53 2928.3 1249.64 226.675 0 0 0 0 
0 0 0 0 0 450.955 1556.71 3128.17 3279.72 3135.66 1568.68 448.596 0 0 0 0 0 
0 0 0 0 0 127.91 772.556 1396.68 2110.77 1393.94 761.749 126.194 0 0 0 0 0 
0 0 0 0 0 0 63.8588 512.917 580.018 507.339 62.9163 0 0 0 0 0 0 
0 0 0 0 0 0 55.3667 96.8051 119.29 95.3472 55.3015 0 0 0 0 0 0 
0 0 0 0 0 0 0 0 64.0165 0 0 0 0 0 0 0 0 
0 0 0 0 0 0 0 15.8705 0 16.007 0 0 0 0 0 0 0 
0 0 0 0 0 0 0 0 0 0 0 0 0 0 0 0 0 
0 0 0 0 0 0 0 0 1.98226 0 0 0 0 0 0 0 0 
