1 0 0 0 0 0 0 0 0 0 0 0 0 0 0 0 1 
0 0 0 0 0 0 0 0 0 0 0 0 0 0 0 0 0 
0 16 0 0 0 0 0 0 0 0 0 0 0 0 0 16 0 
0 0 31.9696 0 0 0 0 0 0 0 0 0 0 0 31.7409 0 0 
0 0 88.0304 95.7941 23.6786 0 0 0 7.9701 0 0 0 24.3749 96.313 88.2591 0 0 
0 0 0 256.343 253.978 191.975 96.7678 63.4597 0 64.883 96.951 194.447 258.258 254.43 0 0 0 
0 0 0 207.863 739.281 694.347 703.749 623.98 774.584 628.065 705.487 684.618 735.417 209.257 0 0 0 
0 0 0 0 576.036 1657.03 1832.62 1936.86 1600.82 1908.77 1820.26 1670.24 570.365 0 0 0 0 
0 0 0 0 227.027 1249.36 2912.55 3660.46 4340.53 3679.3 2925.29 1242.92 231.584 0 0 0 0 
0 0 0 0 0 445.968 1556.97 3122.2 3268.33 3132.1 1570.48 445.413 0 0 0 0 0 
0 0 0 0 0 129.32 781.83 1395.68 2103.92 1399.41 768.482 130.364 0 0 0 0 0 
0 0 0 0 0 0 66.9731 523.344 587.853 514.479 64.3552 0 0 0 0 0 0 
0 0 0 0 0 0 56.5437 97.7193 118.966 96.9558 56.6934 0 0 0 0 0 0 
0 0 0 0 0 0 0 0 65.0516 0 0 0 0 0 0 0 0 
0 0 0 0 0 0 0 16.3015 0 16.0437 0 0 0 0 0 0 0 
0 0 0 0 0 0 0 0 0 0 0 0 0 0 0 0 0 
0 0 0 0 0 0 0 0 1.98431 0 0 0 0 0 0 0 0 
