1 0 0 0 0 0 0 0 0 0 0 0 0 0 0 0 1 
0 0 0 0 0 0 0 0 0 0 0 0 0 0 0 0 0 
0 16 0 0 0 0 0 0 0 0 0 0 0 0 0 16 0 
0 0 31.9024 0 0 0 0 0 0 0 0 0 0 0 31.6142 0 0 
0 0 88.0976 97.005 24.0347 0 0 0 8.04813 0 0 0 23.5322 94.8077 88.3858 0 0 
0 0 0 257.064 258.942 191.052 95.7864 64.3562 0 64.804 96.7301 188.071 253.439 255.31 0 0 0 
0 0 0 205.931 737.366 691.557 706.103 630.64 770.811 618.246 693.552 686.002 735.9 209.883 0 0 0 
0 0 0 0 572.363 1665.49 1820.9 1919.96 1587.6 1920.55 1823 1666.53 580.618 0 0 0 0 
0 0 0 0 227.294 1243.25 2922.1 3675.73 4360.9 3674.59 2933.62 1255.92 226.511 0 0 0 0 
0 0 0 0 0 449.275 1571.59 3123.25 3258.88 3147.88 1571 444.45 0 0 0 0 0 
0 0 0 0 0 127.375 770.993 1401.53 2124.21 1390.51 770.235 127.019 0 0 0 0 0 
0 0 0 0 0 0 63.8391 512.574 573.105 511.398 63.9781 0 0 0 0 0 0 
0 0 0 0 0 0 56.6867 95.9968 120.661 96.082 55.8891 0 0 0 0 0 0 
0 0 0 0 0 0 0 0 63.7837 0 0 0 0 0 0 0 0 
0 0 0 0 0 0 0 15.9718 0 15.9517 0 0 0 0 0 0 0 
0 0 0 0 0 0 0 0 0 0 0 0 0 0 0 0 0 
0 0 0 0 0 0 0 0 2.00188 0 0 0 0 0 0 0 0 
