1 0 0 0 0 0 0 0 0 0 0 0 0 0 0 0 1 
0 0 0 0 0 0 0 0 0 0 0 0 0 0 0 0 0 
0 16 0 0 0 0 0 0 0 0 0 0 0 0 0 16 0 
0 0 31.8207 0 0 0 0 0 0 0 0 0 0 0 31.9168 0 0 
0 0 88.1793 95.8283 24.0628 0 0 0 8.24161 0 0 0 24.4497 96.0851 88.0832 0 0 
0 0 0 256.768 257.792 191.549 94.5807 64.489 0 64.8954 97.5347 192.587 255.405 256.839 0 0 0 
0 0 0 207.404 732.885 683.41 704.187 626.871 770.691 630.386 704.443 693.735 737.47 207.075 0 0 0 
0 0 0 0 575.616 1663.03 1822.38 1920.6 1605.65 1926.59 1826.95 1658.31 575.755 0 0 0 0 
0 0 0 0 229.644 1251.46 2920.51 3685.29 4359.79 3700.39 2933.08 1248.12 226.92 0 0 0 0 
0 0 0 0 0 449.264 1574.64 3135.61 3284.06 3120.31 1561.02 448.658 0 0 0 0 0 
0 0 0 0 0 129.29 771.453 1387.48 2087.26 1378.77 766.528 126.597 0 0 0 0 0 
0 0 0 0 0 0 64.4217 509.034 570.097 508.926 62.7206 0 0 0 0 0 0 
0 0 0 0 0 0 55.827 94.6966 118.881 93.9267 55.7182 0 0 0 0 0 0 
0 0 0 0 0 0 0 0 63.3257 0 0 0 0 0 0 0 0 
0 0 0 0 0 0 0 15.9227 0 15.8028 0 0 0 0 0 0 0 
0 0 0 0 0 0 0 0 0 0 0 0 0 0 0 0 0 
0 0 0 0 0 0 0 0 2.00207 0 0 0 0 0 0 0 0 
