1 0 0 0 0 0 0 0 0 0 0 0 0 0 0 0 1 
0 0 0 0 0 0 0 0 0 0 0 0 0 0 0 0 0 
0 16 0 0 0 0 0 0 0 0 0 0 0 0 0 16 0 
0 0 31.6001 0 0 0 0 0 0 0 0 0 0 0 31.1479 0 0 
0 0 88.3999 95.3001 23.4919 0 0 0 8.37374 0 0 0 24.666 93.9896 88.8521 0 0 
0 0 0 257.714 256.68 190.921 95.6034 63.1351 0 63.1144 94.7153 193.159 254.678 255.71 0 0 0 
0 0 0 206.986 732.269 690.423 699.747 632.278 767.359 634.303 697.528 678.264 729.799 210.301 0 0 0 
0 0 0 0 577.409 1661.71 1822.34 1919.44 1621.57 1930.18 1815.23 1662.88 579.417 0 0 0 0 
0 0 0 0 230.151 1244.45 2947.73 3699.02 4365.35 3687.57 2952.57 1256.29 231.439 0 0 0 0 
0 0 0 0 0 449.633 1555.15 3124.43 3242.43 3109.5 1564.46 449.471 0 0 0 0 0 
0 0 0 0 0 130.865 767.293 1375.75 2101 1387.88 763.04 127.932 0 0 0 0 0 
0 0 0 0 0 0 62.7206 513.841 573.96 514.882 62.3529 0 0 0 0 0 0 
0 0 0 0 0 0 57.4216 95.7393 122.49 96.174 58.1066 0 0 0 0 0 0 
0 0 0 0 0 0 0 0 65.4221 0 0 0 0 0 0 0 0 
0 0 0 0 0 0 0 16.3652 0 16.3971 0 0 0 0 0 0 0 
0 0 0 0 0 0 0 0 0 0 0 0 0 0 0 0 0 
0 0 0 0 0 0 0 0 2.04429 0 0 0 0 0 0 0 0 
