1 0 0 0 0 0 0 0 0 0 0 0 0 0 0 0 1 
0 0 0 0 0 0 0 0 0 0 0 0 0 0 0 0 0 
0 16 0 0 0 0 0 0 0 0 0 0 0 0 0 16 0 
0 0 32.2145 0 0 0 0 0 0 0 0 0 0 0 31.9763 0 0 
0 0 87.7855 94.6252 23.6787 0 0 0 8.12816 0 0 0 24.7357 93.7876 88.0237 0 0 
0 0 0 255.994 253.295 189.81 95.2724 64.3918 0 65.3775 97.2631 193.096 252.934 255.92 0 0 0 
0 0 0 209.381 737.812 698.395 713.75 617.404 741.497 605.815 705.395 685.13 726.862 210.293 0 0 0 
0 0 0 0 576.216 1670.24 1844.31 1908.77 1584.02 1927.42 1823.85 1643.9 583.751 0 0 0 0 
0 0 0 0 228.998 1235.9 2925.52 3712.02 4366.85 3671.58 2912.91 1270.71 231.718 0 0 0 0 
0 0 0 0 0 445.402 1557.91 3140.38 3289.42 3156.07 1584.65 451.223 0 0 0 0 0 
0 0 0 0 0 128.251 751.026 1371.42 2122.4 1394.05 765.377 123.936 0 0 0 0 0 
0 0 0 0 0 0 64.3038 513.462 572.507 507.737 62.8227 0 0 0 0 0 0 
0 0 0 0 0 0 55.9122 95.8442 118.811 95.3651 55.7375 0 0 0 0 0 0 
0 0 0 0 0 0 0 0 64.2895 0 0 0 0 0 0 0 0 
0 0 0 0 0 0 0 16.3105 0 16.595 0 0 0 0 0 0 0 
0 0 0 0 0 0 0 0 0 0 0 0 0 0 0 0 0 
0 0 0 0 0 0 0 0 2.08266 0 0 0 0 0 0 0 0 
