1 0 0 0 0 0 0 0 0 0 0 0 0 0 0 0 1 
0 0 0 0 0 0 0 0 0 0 0 0 0 0 0 0 0 
0 16 0 0 0 0 0 0 0 0 0 0 0 0 0 16 0 
0 0 32.8862 0 0 0 0 0 0 0 0 0 0 0 32.2043 0 0 
0 0 87.1138 98.8518 23.9938 0 0 0 8.4748 0 0 0 21.9784 96.4918 87.7957 0 0 
0 0 0 261.437 264.628 183.672 92.079 62.4435 0 66.6487 96.8073 190.805 253.132 253.104 0 0 0 
0 0 0 199.712 733.784 692.949 695.479 604.77 761.348 609.02 699.817 670.888 742.911 210.404 0 0 0 
0 0 0 0 569.277 1665.7 1831.78 1954.89 1647.41 1932.9 1846.07 1713.39 575.836 0 0 0 0 
0 0 0 0 228.318 1259.69 2907.44 3721.56 4401.59 3649.11 2920.76 1220.66 226.142 0 0 0 0 
0 0 0 0 0 435.857 1597.43 3099.48 3199.13 3142.49 1550.05 446.652 0 0 0 0 0 
0 0 0 0 0 130.13 760.769 1369.84 2080.95 1409.95 774.126 125.611 0 0 0 0 0 
0 0 0 0 0 0 65.1564 512.828 585.244 515.127 64.2162 0 0 0 0 0 0 
0 0 0 0 0 0 57.8631 97.4675 119.424 98.7147 56.154 0 0 0 0 0 0 
0 0 0 0 0 0 0 0 64.205 0 0 0 0 0 0 0 0 
0 0 0 0 0 0 0 16.7242 0 16.0352 0 0 0 0 0 0 0 
0 0 0 0 0 0 0 0 0 0 0 0 0 0 0 0 0 
0 0 0 0 0 0 0 0 2.23103 0 0 0 0 0 0 0 0 
