1 0 0 0 0 0 0 0 0 0 0 0 0 0 0 0 1 
0 0 0 0 0 0 0 0 0 0 0 0 0 0 0 0 0 
0 16 0 0 0 0 0 0 0 0 0 0 0 0 0 16 0 
0 0 31.3566 0 0 0 0 0 0 0 0 0 0 0 30.8263 0 0 
0 0 88.6434 100.018 25.3969 0 0 0 7.64428 0 0 0 24.9179 93.4937 89.1737 0 0 
0 0 0 253.012 263.576 200.897 96.6094 62.8492 0 59.5689 90.3299 190.458 251.699 261.043 0 0 0 
0 0 0 206.97 741.705 683.591 721.558 643.172 781.328 632.712 719.269 693.612 749.954 205.464 0 0 0 
0 0 0 0 562.894 1660.44 1814.38 1928.01 1607.85 1948.88 1812.05 1643.5 564.244 0 0 0 0 
0 0 0 0 226.428 1259.74 2969.22 3699.34 4365.46 3648.33 2944.64 1261.13 229.185 0 0 0 0 
0 0 0 0 0 437.118 1535.03 3141.07 3271.45 3172.02 1561.14 452.054 0 0 0 0 0 
0 0 0 0 0 126.218 751.345 1349.51 2093.45 1355.96 758.324 127.25 0 0 0 0 0 
0 0 0 0 0 0 63.0188 508.482 571.45 514.863 66.0341 0 0 0 0 0 0 
0 0 0 0 0 0 56.8345 92.1844 110.283 92.4187 56.2087 0 0 0 0 0 0 
0 0 0 0 0 0 0 0 59.3061 0 0 0 0 0 0 0 0 
0 0 0 0 0 0 0 15.3918 0 15.2518 0 0 0 0 0 0 0 
0 0 0 0 0 0 0 0 0 0 0 0 0 0 0 0 0 
0 0 0 0 0 0 0 0 1.77257 0 0 0 0 0 0 0 0 
