1 0 0 0 0 0 0 0 0 0 0 0 0 0 0 0 1 
0 0 0 0 0 0 0 0 0 0 0 0 0 0 0 0 0 
0 16 0 0 0 0 0 0 0 0 0 0 0 0 0 16 0 
0 0 31.9169 0 0 0 0 0 0 0 0 0 0 0 32.1769 0 0 
0 0 88.0831 96.3743 23.5477 0 0 0 7.95272 0 0 0 22.701 95.6167 87.8231 0 0 
0 0 0 254.943 253.616 183.869 95.428 69.0747 0 60.8568 92.0316 182.312 258.396 255.726 0 0 0 
0 0 0 208.683 727.011 694.316 725.014 638.336 773.874 614.766 700.938 706.901 737.208 208.657 0 0 0 
0 0 0 0 582.924 1664.24 1836.02 1954.06 1643.87 1922.92 1849.88 1678.75 572.097 0 0 0 0 
0 0 0 0 232.902 1252.2 2930.83 3686.6 4310.64 3635.22 2930.52 1246.49 229.598 0 0 0 0 
0 0 0 0 0 444.764 1536.14 3126.03 3313.18 3236.33 1567.84 434.481 0 0 0 0 0 
0 0 0 0 0 128.611 763.255 1359.61 2074.97 1358.59 751.844 119.067 0 0 0 0 0 
0 0 0 0 0 0 63.7046 495.848 563.78 504.111 60.6371 0 0 0 0 0 0 
0 0 0 0 0 0 57.6109 95.1951 116.202 91.7928 54.2993 0 0 0 0 0 0 
0 0 0 0 0 0 0 0 63.6787 0 0 0 0 0 0 0 0 
0 0 0 0 0 0 0 15.2514 0 15.4066 0 0 0 0 0 0 0 
0 0 0 0 0 0 0 0 0 0 0 0 0 0 0 0 0 
0 0 0 0 0 0 0 0 1.84118 0 0 0 0 0 0 0 0 
