1 0 0 0 0 0 0 0 0 0 0 0 0 0 0 0 1 
0 0 0 0 0 0 0 0 0 0 0 0 0 0 0 0 0 
0 16 0 0 0 0 0 0 0 0 0 0 0 0 0 16 0 
0 0 30.9917 0 0 0 0 0 0 0 0 0 0 0 32.284 0 0 
0 0 89.0083 97.0401 24.0205 0 0 0 8.42629 0 0 0 24.2905 94.4371 87.716 0 0 
0 0 0 255.305 260.355 195.311 96.8345 63.4206 0 66.8308 98.7233 193.576 259.251 256.65 0 0 0 
0 0 0 207.655 746.566 685.719 704.198 633.344 776.719 627.387 708.806 690.157 738.554 208.913 0 0 0 
0 0 0 0 563.544 1682.65 1834.23 1908.27 1622.81 1936.36 1814.02 1658.66 567.147 0 0 0 0 
0 0 0 0 225.515 1239.38 2905.46 3689.51 4330.52 3649.38 2909.56 1246.97 230.757 0 0 0 0 
0 0 0 0 0 439.525 1584.64 3130.82 3253.17 3127.61 1592.01 449.991 0 0 0 0 0 
0 0 0 0 0 125.413 766.656 1394.86 2109.19 1402.79 766.2 128.653 0 0 0 0 0 
0 0 0 0 0 0 60.3722 508.044 589.505 518.832 63.8177 0 0 0 0 0 0 
0 0 0 0 0 0 55.6106 95.8473 115.601 94.7637 54.8544 0 0 0 0 0 0 
0 0 0 0 0 0 0 0 62.1097 0 0 0 0 0 0 0 0 
0 0 0 0 0 0 0 15.8779 0 16.0375 0 0 0 0 0 0 0 
0 0 0 0 0 0 0 0 0 0 0 0 0 0 0 0 0 
0 0 0 0 0 0 0 0 1.94684 0 0 0 0 0 0 0 0 
