1 0 0 0 0 0 0 0 0 0 0 0 0 0 0 0 1 
0 0 0 0 0 0 0 0 0 0 0 0 0 0 0 0 0 
0 16 0 0 0 0 0 0 0 0 0 0 0 0 0 16 0 
0 0 31.8876 0 0 0 0 0 0 0 0 0 0 0 32.4704 0 0 
0 0 88.1124 101.65 24.3091 0 0 0 8.59229 0 0 0 25.6516 100.029 87.5296 0 0 
0 0 0 253.914 256.947 196.545 100.813 66.7968 0 66.4976 98.0288 199.61 263.605 253.612 0 0 0 
0 0 0 204.436 736.797 709.589 702.894 618.276 762.005 617.616 732.557 697.026 739.89 206.358 0 0 0 
0 0 0 0 577.639 1643.86 1834.17 1966.75 1600.19 1923.77 1812.19 1631.09 567.917 0 0 0 0 
0 0 0 0 224.308 1244.1 2941.77 3656.7 4413.37 3689.29 2898.54 1260.37 222.936 0 0 0 0 
0 0 0 0 0 445.942 1545.34 3100.66 3236.84 3161.74 1580.01 455.096 0 0 0 0 0 
0 0 0 0 0 127.968 763.993 1415.52 2097.82 1362.38 767.346 124.814 0 0 0 0 0 
0 0 0 0 0 0 63.2927 503.174 568.302 508.653 65.2908 0 0 0 0 0 0 
0 0 0 0 0 0 55.7376 96.0164 116.946 94.7003 54.0357 0 0 0 0 0 0 
0 0 0 0 0 0 0 0 63.969 0 0 0 0 0 0 0 0 
0 0 0 0 0 0 0 16.0988 0 15.3574 0 0 0 0 0 0 0 
0 0 0 0 0 0 0 0 0 0 0 0 0 0 0 0 0 
0 0 0 0 0 0 0 0 1.96295 0 0 0 0 0 0 0 0 
