1 0 0 0 0 0 0 0 0 0 0 0 0 0 0 0 1 
0 0 0 0 0 0 0 0 0 0 0 0 0 0 0 0 0 
0 16 0 0 0 0 0 0 0 0 0 0 0 0 0 16 0 
0 0 34.4825 0 0 0 0 0 0 0 0 0 0 0 31.2045 0 0 
0 0 85.5175 98.6554 23.3068 0 0 0 8.3693 0 0 0 24.7087 92.7288 88.7955 0 0 
0 0 0 251.823 260.991 189.843 96.4083 65.3259 0 66.8588 102.723 194.975 251.758 257.723 0 0 0 
0 0 0 209.521 731.154 695.113 658.672 606.324 753.055 620.221 718.194 695.139 737.101 209.548 0 0 0 
0 0 0 0 570.83 1657.07 1792.86 1888.88 1599.1 1908.12 1844.56 1640.93 578.408 0 0 0 0 
0 0 0 0 233.717 1242.3 3007.09 3698.81 4340.77 3744.45 2905.74 1257.77 228.024 0 0 0 0 
0 0 0 0 0 453.503 1550.53 3138.42 3278.97 3084.46 1547 446.772 0 0 0 0 0 
0 0 0 0 0 130.172 783.215 1413.31 2102.72 1378.01 767.378 132.413 0 0 0 0 0 
0 0 0 0 0 0 62.0764 518.067 597.441 525.859 64.5801 0 0 0 0 0 0 
0 0 0 0 0 0 57.1425 94.9471 124.139 95.2337 57.8327 0 0 0 0 0 0 
0 0 0 0 0 0 0 0 63.3666 0 0 0 0 0 0 0 0 
0 0 0 0 0 0 0 15.9193 0 16.783 0 0 0 0 0 0 0 
0 0 0 0 0 0 0 0 0 0 0 0 0 0 0 0 0 
0 0 0 0 0 0 0 0 2.06684 0 0 0 0 0 0 0 0 
