1 0 0 0 0 0 0 0 0 0 0 0 0 0 0 0 0 
0 0 0 0 0 0 0 0 0 0 0 0 0 0 0 0 0 
0 16 0 0 0 0 0 0 0 0 0 0 0 0 0 0 0 
0 0 32 0 0 0 0 0 0 0 0 0 0 0 0 0 0 
0 0 88 94.8902 23.252 0 0 0 7.45355 0 0 0 0 0 0 0 0 
0 0 0 252.301 248.759 190.898 90.3716 60.1932 0 0 0 0 0 0 0 0 0 
0 0 0 212.809 716.31 678.391 698.276 615.112 755.179 0 0 0 0 0 0 0 0 
0 0 0 0 585.258 1653.26 1843.85 1910.5 1625.94 0 0 0 0 0 0 0 0 
0 0 0 0 246.421 1240.83 2950.96 3714.52 4390.28 0 0 0 0 0 0 0 0 
0 0 0 0 0 461.276 1549.21 3169.68 3262.13 0 0 0 0 0 0 0 0 
0 0 0 0 0 143.343 747.59 1371.7 2095.94 0 0 0 0 0 0 0 0 
0 0 0 0 0 0 65.9435 489.459 552.767 0 0 0 0 0 0 0 0 
0 0 0 0 0 0 61.7999 91.6262 118.699 0 0 0 0 0 0 0 0 
0 0 0 0 0 0 0 0 59.4878 0 0 0 0 0 0 0 0 
0 0 0 0 0 0 0 17.2121 0 0 0 0 0 0 0 0 0 
0 0 0 0 0 0 0 0 0 0 0 0 0 0 0 0 0 
0 0 0 0 0 0 0 0 2.12108 0 0 0 0 0 0 0 0 
