1 0 0 0 0 0 0 0 0 0 0 0 0 0 0 0 0 
0 0 0 0 0 0 0 0 0 0 0 0 0 0 0 0 0 
0 16 0 0 0 0 0 0 0 0 0 0 0 0 0 0 0 
0 0 32 0 0 0 0 0 0 0 0 0 0 0 0 0 0 
0 0 88 96.1493 24.0373 0 0 0 7.75005 0 0 0 0 0 0 0 0 
0 0 0 255.701 255.697 193.052 94.654 62.0004 0 0 0 0 0 0 0 0 0 
0 0 0 208.149 736.51 687.929 706.803 625.091 760.155 0 0 0 0 0 0 0 0 
0 0 0 0 575.738 1662.62 1819.2 1933.32 1615.75 0 0 0 0 0 0 0 0 
0 0 0 0 228.017 1249.24 2934.67 3661.15 4354.72 0 0 0 0 0 0 0 0 
0 0 0 0 0 444.692 1566.8 3137.72 3252.89 0 0 0 0 0 0 0 0 
0 0 0 0 0 130.471 765.293 1398.65 2117.31 0 0 0 0 0 0 0 0 
0 0 0 0 0 0 62.9476 510.704 575.214 0 0 0 0 0 0 0 0 
0 0 0 0 0 0 57.6358 94.8907 119.301 0 0 0 0 0 0 0 0 
0 0 0 0 0 0 0 0 64.8457 0 0 0 0 0 0 0 0 
0 0 0 0 0 0 0 16.4674 0 0 0 0 0 0 0 0 0 
0 0 0 0 0 0 0 0 0 0 0 0 0 0 0 0 0 
0 0 0 0 0 0 0 0 2.05842 0 0 0 0 0 0 0 0 
