1 0 0 0 0 0 0 0 0 0 0 0 0 0 0 0 0 
0 0 0 0 0 0 0 0 0 0 0 0 0 0 0 0 0 
0 16 0 0 0 0 0 0 0 0 0 0 0 0 0 0 0 
0 0 32 0 0 0 0 0 0 0 0 0 0 0 0 0 0 
0 0 88 98.6133 24.6533 0 0 0 8.26899 0 0 0 0 0 0 0 0 
0 0 0 250.773 264.15 192.581 104.623 66.1519 0 0 0 0 0 0 0 0 0 
0 0 0 210.613 718.781 693.083 667.938 623.564 748.839 0 0 0 0 0 0 0 0 
0 0 0 0 583.373 1669.75 1853.49 1953.91 1618.97 0 0 0 0 0 0 0 0 
0 0 0 0 229.042 1226.53 2973.71 3666.81 4435.61 0 0 0 0 0 0 0 0 
0 0 0 0 0 450.469 1503.97 3094.68 3180.15 0 0 0 0 0 0 0 0 
0 0 0 0 0 135.593 774.557 1384.59 2067.89 0 0 0 0 0 0 0 0 
0 0 0 0 0 0 68.6953 524.429 615.374 0 0 0 0 0 0 0 0 
0 0 0 0 0 0 61.0168 108.437 129.363 0 0 0 0 0 0 0 0 
0 0 0 0 0 0 0 0 63.3584 0 0 0 0 0 0 0 0 
0 0 0 0 0 0 0 17.4334 0 0 0 0 0 0 0 0 0 
0 0 0 0 0 0 0 0 0 0 0 0 0 0 0 0 0 
0 0 0 0 0 0 0 0 2.17917 0 0 0 0 0 0 0 0 
