1 0 0 0 0 0 0 0 0 0 0 0 0 0 0 0 1 
0 0 0 0 0 0 0 0 0 0 0 0 0 0 0 0 0 
0 16 0 0 0 0 0 0 0 0 0 0 0 0 0 16 0 
0 0 30.8486 0 0 0 0 0 0 0 0 0 0 0 31.7707 0 0 
0 0 89.1514 96.2786 23.2669 0 0 0 7.16238 0 0 0 25.0431 97.0345 88.2293 0 0 
0 0 0 258.659 254.297 193.087 98.419 63.7892 0 62.7107 94.6213 188.744 249.054 250.689 0 0 0 
0 0 0 205.062 745.396 674.272 700.709 596.544 757.231 620.9 689.397 686.091 742.656 212.277 0 0 0 
0 0 0 0 574.97 1686.67 1849.96 1933.72 1561.47 1867.13 1825.32 1712.65 578.079 0 0 0 0 
0 0 0 0 222.07 1259.39 2916.9 3706.66 4378.09 3657.66 2997.07 1218.48 225.168 0 0 0 0 
0 0 0 0 0 434.347 1559.69 3132.76 3241.33 3185.41 1527.33 439.087 0 0 0 0 0 
0 0 0 0 0 120.233 768.581 1392.07 2145.87 1407.21 757.411 122.953 0 0 0 0 0 
0 0 0 0 0 0 59.1403 508.208 591.615 532.915 61.1862 0 0 0 0 0 0 
0 0 0 0 0 0 54.6059 90.766 124.253 90.5774 55.667 0 0 0 0 0 0 
0 0 0 0 0 0 0 0 61.0817 0 0 0 0 0 0 0 0 
0 0 0 0 0 0 0 15.4806 0 15.4808 0 0 0 0 0 0 0 
0 0 0 0 0 0 0 0 0 0 0 0 0 0 0 0 0 
0 0 0 0 0 0 0 0 1.90408 0 0 0 0 0 0 0 0 
