1 0 0 0 0 0 0 0 0 0 0 0 0 0 0 0 1 
0 0 0 0 0 0 0 0 0 0 0 0 0 0 0 0 0 
0 16 0 0 0 0 0 0 0 0 0 0 0 0 0 16 0 
0 0 33.263 0 0 0 0 0 0 0 0 0 0 0 31.9472 0 0 
0 0 86.737 94.8089 25.1877 0 0 0 8.6587 0 0 0 22.3718 98.9179 88.0528 0 0 
0 0 0 255.694 254.523 195.002 93.5312 62.9732 0 65.3119 96.4342 194.691 255.368 248.757 0 0 0 
0 0 0 209.497 741.642 673.395 703.905 618.484 748.96 615.09 689.016 669.6 737.37 212.325 0 0 0 
0 0 0 0 572.732 1668.69 1814.49 1899.73 1565.49 1876.38 1783.29 1675.24 573.724 0 0 0 0 
0 0 0 0 225.915 1268.48 2887.69 3615.22 4345.35 3648.18 2962.73 1239.22 231.166 0 0 0 0 
0 0 0 0 0 435.467 1627.07 3178.61 3288.11 3164.16 1578.62 458.965 0 0 0 0 0 
0 0 0 0 0 126.967 759.671 1428.2 2135.49 1437.96 780.049 130.289 0 0 0 0 0 
0 0 0 0 0 0 65.3081 527.653 593.321 518.847 65.1219 0 0 0 0 0 0 
0 0 0 0 0 0 56.33 92.6838 118.643 98.2335 52.7417 0 0 0 0 0 0 
0 0 0 0 0 0 0 0 64.0373 0 0 0 0 0 0 0 0 
0 0 0 0 0 0 0 16.447 0 15.8501 0 0 0 0 0 0 0 
0 0 0 0 0 0 0 0 0 0 0 0 0 0 0 0 0 
0 0 0 0 0 0 0 0 1.93441 0 0 0 0 0 0 0 0 
