1 0 0 0 0 0 0 0 0 0 0 0 0 0 0 0 1 
0 0 0 0 0 0 0 0 0 0 0 0 0 0 0 0 0 
0 16 0 0 0 0 0 0 0 0 0 0 0 0 0 16 0 
0 0 31.6936 0 0 0 0 0 0 0 0 0 0 0 31.5707 0 0 
0 0 88.3064 96.1428 23.2638 0 0 0 7.76741 0 0 0 22.3719 97.9928 88.4293 0 0 
0 0 0 258.325 255.181 195.051 99.1341 67.9843 0 64.4158 99.8741 190.597 261.879 252.664 0 0 0 
0 0 0 205.532 726.266 696.287 702.293 619.653 766.404 621.096 686.581 685.165 720.449 209.343 0 0 0 
0 0 0 0 585.548 1631.04 1868.71 1965.55 1546.83 1901.67 1789.13 1646.82 580.312 0 0 0 0 
0 0 0 0 229.742 1268.37 2885.68 3656.71 4326.83 3616.9 2923.66 1242.27 234.988 0 0 0 0 
0 0 0 0 0 447.991 1559.23 3137.96 3329.46 3164.66 1604.25 469.426 0 0 0 0 0 
0 0 0 0 0 129.265 771.978 1358.95 2117.58 1432.55 783.069 133.729 0 0 0 0 0 
0 0 0 0 0 0 61.177 521.958 589.331 522.687 65.4759 0 0 0 0 0 0 
0 0 0 0 0 0 59.8005 94.1304 120.469 100.032 55.9616 0 0 0 0 0 0 
0 0 0 0 0 0 0 0 63.1822 0 0 0 0 0 0 0 0 
0 0 0 0 0 0 0 17.1055 0 15.9832 0 0 0 0 0 0 0 
0 0 0 0 0 0 0 0 0 0 0 0 0 0 0 0 0 
0 0 0 0 0 0 0 0 2.14291 0 0 0 0 0 0 0 0 
