1 0 0 0 0 0 0 0 0 0 0 0 0 0 0 0 1 
0 0 0 0 0 0 0 0 0 0 0 0 0 0 0 0 0 
0 16 0 0 0 0 0 0 0 0 0 0 0 0 0 16 0 
0 0 31.9372 0 0 0 0 0 0 0 0 0 0 0 32.1464 0 0 
0 0 88.0628 98.4666 26.1165 0 0 0 8.37357 0 0 0 21.1431 96.5244 87.8536 0 0 
0 0 0 255.2 262.131 197.026 98.1095 66.6148 0 61.8239 92.2435 187.402 249.49 259.908 0 0 0 
0 0 0 206.333 735.546 698.826 704.792 632.801 800.84 627.872 700.376 671.722 733.629 203.567 0 0 0 
0 0 0 0 567.503 1655.34 1797.42 1945.63 1661.58 1956.34 1872.81 1697.64 589.559 0 0 0 0 
0 0 0 0 228.703 1239.03 2969.35 3674.79 4372.4 3699.59 2915.12 1234.69 226.179 0 0 0 0 
0 0 0 0 0 446.924 1540.89 3127.44 3179.53 3126.35 1545.81 448.053 0 0 0 0 0 
0 0 0 0 0 130.851 776.407 1357.2 2095.64 1343.84 762.583 128.495 0 0 0 0 0 
0 0 0 0 0 0 64.5409 522.204 569.555 510.684 62.1476 0 0 0 0 0 0 
0 0 0 0 0 0 56.4903 96.8916 115.642 97.4028 56.907 0 0 0 0 0 0 
0 0 0 0 0 0 0 0 64.277 0 0 0 0 0 0 0 0 
0 0 0 0 0 0 0 16.4328 0 16.0968 0 0 0 0 0 0 0 
0 0 0 0 0 0 0 0 0 0 0 0 0 0 0 0 0 
0 0 0 0 0 0 0 0 2.16854 0 0 0 0 0 0 0 0 
