1 0 0 0 0 0 0 0 0 0 0 0 0 0 0 0 1 
0 0 0 0 0 0 0 0 0 0 0 0 0 0 0 0 0 
0 16 0 0 0 0 0 0 0 0 0 0 0 0 0 16 0 
0 0 32.14 0 0 0 0 0 0 0 0 0 0 0 31.3871 0 0 
0 0 87.86 99.7893 24.5916 0 0 0 7.48086 0 0 0 23.0466 94.3425 88.6129 0 0 
0 0 0 257.991 268.492 194.828 93.7966 61.7385 0 61.8451 97.3039 194.537 260.263 257.463 0 0 0 
0 0 0 202.22 724.823 705.085 703.566 615.265 766.738 641.053 728.76 696.781 733.389 208.195 0 0 0 
0 0 0 0 583.097 1661.34 1839.44 1904.84 1582.39 1931 1816.74 1660.52 580.263 0 0 0 0 
0 0 0 0 218.996 1250.65 2919.6 3720.2 4370.54 3646.37 2907.88 1231 223.038 0 0 0 0 
0 0 0 0 0 438.833 1596.15 3096.45 3284.66 3180.21 1584.4 455.805 0 0 0 0 0 
0 0 0 0 0 117.268 744.238 1426.7 2111.69 1357.16 751.312 129.352 0 0 0 0 0 
0 0 0 0 0 0 58.2941 508.461 561.455 511.251 62.9165 0 0 0 0 0 0 
0 0 0 0 0 0 52.9126 90.4068 120.535 94.818 58.6907 0 0 0 0 0 0 
0 0 0 0 0 0 0 0 62.4015 0 0 0 0 0 0 0 0 
0 0 0 0 0 0 0 15.9499 0 16.3038 0 0 0 0 0 0 0 
0 0 0 0 0 0 0 0 0 0 0 0 0 0 0 0 0 
0 0 0 0 0 0 0 0 2.0949 0 0 0 0 0 0 0 0 
