1 0 0 0 0 0 0 0 0 0 0 0 0 0 0 0 1 
0 0 0 0 0 0 0 0 0 0 0 0 0 0 0 0 0 
0 16 0 0 0 0 0 0 0 0 0 0 0 0 0 16 0 
0 0 33.0148 0 0 0 0 0 0 0 0 0 0 0 30.9095 0 0 
0 0 86.9852 98.3623 23.3623 0 0 0 8.1337 0 0 0 23.8084 94.0177 89.0905 0 0 
0 0 0 255.23 247.542 188.147 95.5113 65.3584 0 60.5036 96.1097 191.199 256.655 253.78 0 0 0 
0 0 0 206.407 729.273 665.475 702.025 630.824 759.912 610.546 685.074 673.15 721.502 212.203 0 0 0 
0 0 0 0 588.739 1651.35 1810.76 1928.85 1620.17 1872.13 1791.94 1693.81 584.449 0 0 0 0 
0 0 0 0 231.084 1277.2 2888.64 3646.64 4316.06 3673.91 2976.16 1232.9 233.585 0 0 0 0 
0 0 0 0 0 453.39 1599.55 3127.17 3217.36 3199.59 1566.29 445.762 0 0 0 0 0 
0 0 0 0 0 132.445 784.546 1394.33 2170.47 1394.79 771.849 131.184 0 0 0 0 0 
0 0 0 0 0 0 68.6719 529.698 594.198 518.11 63.2578 0 0 0 0 0 0 
0 0 0 0 0 0 58.2967 100.328 118.818 94.6237 57.3203 0 0 0 0 0 0 
0 0 0 0 0 0 0 0 62.747 0 0 0 0 0 0 0 0 
0 0 0 0 0 0 0 16.8009 0 15.794 0 0 0 0 0 0 0 
0 0 0 0 0 0 0 0 0 0 0 0 0 0 0 0 0 
0 0 0 0 0 0 0 0 2.12571 0 0 0 0 0 0 0 0 
