1 0 0 0 0 0 0 0 0 0 0 0 0 0 0 0 1 
0 0 0 0 0 0 0 0 0 0 0 0 0 0 0 0 0 
0 16 0 0 0 0 0 0 0 0 0 0 0 0 0 16 0 
0 0 31.9376 0 0 0 0 0 0 0 0 0 0 0 32.5104 0 0 
0 0 88.0624 94.34 24.7221 0 0 0 8.04394 0 0 0 26.0991 100.306 87.4896 0 0 
0 0 0 251.99 254.593 190.638 96.4812 67.522 0 66.9151 96.8525 196.385 265.74 252.974 0 0 0 
0 0 0 213.67 738.848 679.552 685.081 620.083 777.25 636.538 708.813 696.052 732.806 206.72 0 0 0 
0 0 0 0 567.435 1637.41 1831.24 1908.75 1575.52 1880.76 1797.65 1665.72 574.191 0 0 0 0 
0 0 0 0 234.402 1271.8 2925.22 3703.93 4301.21 3653.98 2911.49 1230.99 221.164 0 0 0 0 
0 0 0 0 0 460.501 1594.75 3167.11 3352.85 3158.41 1602.74 450.444 0 0 0 0 0 
0 0 0 0 0 128.106 757.738 1354.82 2095.56 1420.27 771.262 128.406 0 0 0 0 0 
0 0 0 0 0 0 61.3138 507.742 572.81 512.382 61.3705 0 0 0 0 0 0 
0 0 0 0 0 0 56.1701 93.755 120.841 95.2194 57.8281 0 0 0 0 0 0 
0 0 0 0 0 0 0 0 63.9611 0 0 0 0 0 0 0 0 
0 0 0 0 0 0 0 16.2889 0 15.5241 0 0 0 0 0 0 0 
0 0 0 0 0 0 0 0 0 0 0 0 0 0 0 0 0 
0 0 0 0 0 0 0 0 1.94484 0 0 0 0 0 0 0 0 
