1 0 0 0 0 0 0 0 0 0 0 0 0 0 0 0 1 
0 0 0 0 0 0 0 0 0 0 0 0 0 0 0 0 0 
0 16 0 0 0 0 0 0 0 0 0 0 0 0 0 16 0 
0 0 31.8239 0 0 0 0 0 0 0 0 0 0 0 31.6601 0 0 
0 0 88.1761 95.014 23.5793 0 0 0 8.50148 0 0 0 21.8413 91.7698 88.3399 0 0 
0 0 0 260.078 254.894 191.439 93.2753 63.999 0 64.9071 95.4753 190.954 257.109 258.204 0 0 0 
0 0 0 204.908 731.257 695.581 720.018 635.616 788.762 634.157 718.308 707.228 728.378 210.026 0 0 0 
0 0 0 0 580.646 1635.5 1857.46 1988.89 1686.14 1981.8 1889.8 1649.44 585.868 0 0 0 0 
0 0 0 0 229.623 1265.75 2900.43 3720.59 4387.3 3685.91 2895.25 1236.06 226.804 0 0 0 0 
0 0 0 0 0 451.686 1550.84 3078.36 3214.08 3090.9 1529.61 459.754 0 0 0 0 0 
0 0 0 0 0 128.042 771.827 1347.26 2024.84 1345.04 762.549 124.563 0 0 0 0 0 
0 0 0 0 0 0 63.0742 496.728 574.111 524.368 63.691 0 0 0 0 0 0 
0 0 0 0 0 0 51.0763 93.497 122.777 97.1177 53.3208 0 0 0 0 0 0 
0 0 0 0 0 0 0 0 61.6481 0 0 0 0 0 0 0 0 
0 0 0 0 0 0 0 15.0594 0 15.8118 0 0 0 0 0 0 0 
0 0 0 0 0 0 0 0 0 0 0 0 0 0 0 0 0 
0 0 0 0 0 0 0 0 1.83423 0 0 0 0 0 0 0 0 
