1 0 0 0 0 0 0 0 0 0 0 0 0 0 0 0 1 
0 0 0 0 0 0 0 0 0 0 0 0 0 0 0 0 0 
0 16 0 0 0 0 0 0 0 0 0 0 0 0 0 16 0 
0 0 31.6769 0 0 0 0 0 0 0 0 0 0 0 31.8051 0 0 
0 0 88.3231 89.073 23.7648 0 0 0 7.40776 0 0 0 25.9069 98.842 88.1949 0 0 
0 0 0 261.615 259.647 181.742 84.0887 54.0462 0 66.4639 98.3114 193.438 263.806 254.917 0 0 0 
0 0 0 209.312 737.422 687.523 676.664 600.408 748.826 613.994 727.01 715.763 728.463 206.241 0 0 0 
0 0 0 0 577.76 1636.53 1796.03 1918.7 1594 1909.1 1832.18 1642.51 568.092 0 0 0 0 
0 0 0 0 221.407 1272.5 2955.47 3652.41 4330.76 3699.57 2914.35 1250.48 233.731 0 0 0 0 
0 0 0 0 0 456.51 1590.26 3153.91 3280.13 3148.03 1560.99 440.703 0 0 0 0 0 
0 0 0 0 0 133.192 782.362 1431.73 2147.84 1391.73 757.33 125.107 0 0 0 0 0 
0 0 0 0 0 0 64.3917 512.631 574.279 496.982 62.2679 0 0 0 0 0 0 
0 0 0 0 0 0 58.7306 101.377 121.083 99.3978 55.5516 0 0 0 0 0 0 
0 0 0 0 0 0 0 0 63.7329 0 0 0 0 0 0 0 0 
0 0 0 0 0 0 0 14.7829 0 14.7357 0 0 0 0 0 0 0 
0 0 0 0 0 0 0 0 0 0 0 0 0 0 0 0 0 
0 0 0 0 0 0 0 0 1.93522 0 0 0 0 0 0 0 0 
