1 0 0 0 0 0 0 0 0 0 0 0 0 0 0 0 1 
0 0 0 0 0 0 0 0 0 0 0 0 0 0 0 0 0 
0 16 0 0 0 0 0 0 0 0 0 0 0 0 0 16 0 
0 0 32.4812 0 0 0 0 0 0 0 0 0 0 0 31.6213 0 0 
0 0 87.5188 96.2358 24.4727 0 0 0 8.93353 0 0 0 24.6152 93.4943 88.3787 0 0 
0 0 0 257.348 255.327 193.582 94.9099 64.4952 0 66.8101 95.6285 194.012 250.145 258.325 0 0 0 
0 0 0 206.416 755.443 702.952 691.785 623.546 774.023 630.901 703.816 689.617 738.547 208.18 0 0 0 
0 0 0 0 569.605 1669.72 1811.45 1925.65 1565.09 1938.2 1854.79 1648.79 577.746 0 0 0 0 
0 0 0 0 215.152 1227.89 2955.43 3642.35 4450.93 3749.84 2897.94 1236.55 228.947 0 0 0 0 
0 0 0 0 0 447.255 1574.23 3156.38 3184.47 3066.75 1567.14 473.438 0 0 0 0 0 
0 0 0 0 0 126.596 761.642 1389.9 2117.2 1375.04 771.867 125.593 0 0 0 0 0 
0 0 0 0 0 0 63.0857 528.734 584.981 503.715 61.3694 0 0 0 0 0 0 
0 0 0 0 0 0 55.4652 94.0237 119.972 93.5803 55.4511 0 0 0 0 0 0 
0 0 0 0 0 0 0 0 62.5517 0 0 0 0 0 0 0 0 
0 0 0 0 0 0 0 14.9133 0 15.1663 0 0 0 0 0 0 0 
0 0 0 0 0 0 0 0 0 0 0 0 0 0 0 0 0 
0 0 0 0 0 0 0 0 1.84203 0 0 0 0 0 0 0 0 
