1 0 0 0 0 0 0 0 0 0 0 0 0 0 0 0 1 
0 0 0 0 0 0 0 0 0 0 0 0 0 0 0 0 0 
0 16 0 0 0 0 0 0 0 0 0 0 0 0 0 16 0 
0 0 31.3131 0 0 0 0 0 0 0 0 0 0 0 32.078 0 0 
0 0 88.6869 96.3336 23.8215 0 0 0 8.14746 0 0 0 23.2523 94.088 87.922 0 0 
0 0 0 257.609 249.792 182.532 92.9452 62.6824 0 64.9146 96.6736 188.166 249.131 256.256 0 0 0 
0 0 0 206.057 753.283 678.737 705.499 622.893 759.892 622.23 700.252 675.948 721.265 209.656 0 0 0 
0 0 0 0 568.578 1698.63 1847.99 1952.93 1616.93 1857.47 1797.42 1646.58 591.589 0 0 0 0 
0 0 0 0 224.526 1254.17 2933.67 3641.13 4306.69 3694.35 2895.54 1255.69 234.762 0 0 0 0 
0 0 0 0 0 430.042 1567.51 3158.75 3304.81 3158.28 1600.3 471.344 0 0 0 0 0 
0 0 0 0 0 123.89 743.901 1387.79 2124.52 1425.19 803.293 130.271 0 0 0 0 0 
0 0 0 0 0 0 63.0441 506.642 569.416 507.083 60.3614 0 0 0 0 0 0 
0 0 0 0 0 0 53.4428 92.1492 117.147 95.0843 54.1571 0 0 0 0 0 0 
0 0 0 0 0 0 0 0 60.455 0 0 0 0 0 0 0 0 
0 0 0 0 0 0 0 15.0385 0 15.4021 0 0 0 0 0 0 0 
0 0 0 0 0 0 0 0 0 0 0 0 0 0 0 0 0 
0 0 0 0 0 0 0 0 1.99093 0 0 0 0 0 0 0 0 
