1 0 0 0 0 0 0 0 0 0 0 0 0 0 0 0 1 
0 0 0 0 0 0 0 0 0 0 0 0 0 0 0 0 0 
0 16 0 0 0 0 0 0 0 0 0 0 0 0 0 16 0 
0 0 31.9921 0 0 0 0 0 0 0 0 0 0 0 33.2155 0 0 
0 0 88.0079 98.2064 24.1469 0 0 0 7.83506 0 0 0 23.8685 98.1344 86.7845 0 0 
0 0 0 251.106 257.587 193.853 95.7478 65.66 0 62.269 93.5082 185.405 253.052 259.917 0 0 0 
0 0 0 210.688 730.379 702.285 708.067 622.987 765.591 604.618 692.768 674.695 733.198 201.948 0 0 0 
0 0 0 0 579.533 1642.69 1839.77 1942.31 1611.17 1941.82 1840.85 1664.35 588.573 0 0 0 0 
0 0 0 0 228.354 1274.3 2915.68 3681.19 4397.32 3696.89 2895.69 1257.7 221.308 0 0 0 0 
0 0 0 0 0 431.91 1562.27 3131.12 3238.19 3121.58 1581.29 453.204 0 0 0 0 0 
0 0 0 0 0 122.964 772.716 1354.35 2072.51 1382.51 783.814 132.64 0 0 0 0 0 
0 0 0 0 0 0 59.0191 532.357 594.551 518.227 63.4362 0 0 0 0 0 0 
0 0 0 0 0 0 54.7433 93.1813 119.422 96.0886 56.6427 0 0 0 0 0 0 
0 0 0 0 0 0 0 0 61.4128 0 0 0 0 0 0 0 0 
0 0 0 0 0 0 0 16.8498 0 15.9979 0 0 0 0 0 0 0 
0 0 0 0 0 0 0 0 0 0 0 0 0 0 0 0 0 
0 0 0 0 0 0 0 0 1.99463 0 0 0 0 0 0 0 0 
