1 0 0 0 0 0 0 0 0 0 0 0 0 0 0 0 1 
0 0 0 0 0 0 0 0 0 0 0 0 0 0 0 0 0 
0 16 0 0 0 0 0 0 0 0 0 0 0 0 0 16 0 
0 0 31.221 0 0 0 0 0 0 0 0 0 0 0 30.5636 0 0 
0 0 88.779 95.264 24.1555 0 0 0 8.28349 0 0 0 24.2885 94.4821 89.4364 0 0 
0 0 0 258.033 268.508 195.213 98.9322 67.7555 0 67.4499 98.0749 194.859 257.122 257.404 0 0 0 
0 0 0 206.703 736.928 705.497 723.22 627.417 776.534 632.23 723.787 703.464 737.127 208.114 0 0 0 
0 0 0 0 571.535 1653.95 1822.91 1976.75 1622.94 1917.52 1768.27 1636.79 568.305 0 0 0 0 
0 0 0 0 218.874 1240.81 2913.57 3680.54 4397.61 3716.26 2962.3 1255.2 233.158 0 0 0 0 
0 0 0 0 0 443.271 1572.18 3065.21 3180.95 3138.46 1569.51 450.975 0 0 0 0 0 
0 0 0 0 0 129.261 758.228 1373.71 2130.87 1352.45 764.48 126.708 0 0 0 0 0 
0 0 0 0 0 0 62.337 534.745 568.104 502.317 66.0463 0 0 0 0 0 0 
0 0 0 0 0 0 56.6299 98.3821 117.712 97.0436 55.5348 0 0 0 0 0 0 
0 0 0 0 0 0 0 0 65.1325 0 0 0 0 0 0 0 0 
0 0 0 0 0 0 0 15.4965 0 16.2632 0 0 0 0 0 0 0 
0 0 0 0 0 0 0 0 0 0 0 0 0 0 0 0 0 
0 0 0 0 0 0 0 0 1.87375 0 0 0 0 0 0 0 0 
