1 0 0 0 0 0 0 0 0 0 0 0 0 0 0 0 1 
0 0 0 0 0 0 0 0 0 0 0 0 0 0 0 0 0 
0 16 0 0 0 0 0 0 0 0 0 0 0 0 0 16 0 
0 0 31.7989 0 0 0 0 0 0 0 0 0 0 0 32.2947 0 0 
0 0 88.2011 96.482 23.4389 0 0 0 7.86538 0 0 0 24.512 97.6195 87.7053 0 0 
0 0 0 251.187 255.476 197.956 99.6766 66.3349 0 61.159 92.1742 190.703 253.954 256.496 0 0 0 
0 0 0 212.331 737.444 689.167 718.749 603.518 735.369 593.817 694.06 684.58 751.081 205.885 0 0 0 
0 0 0 0 582.418 1656.54 1813.66 1909.74 1589.13 1891.8 1813.87 1678.25 564.519 0 0 0 0 
0 0 0 0 221.222 1253.97 2923.22 3673.76 4405.57 3773.77 2956.24 1253.03 225.934 0 0 0 0 
0 0 0 0 0 446.386 1544.57 3199.7 3301.63 3128.06 1579.8 436.623 0 0 0 0 0 
0 0 0 0 0 123.978 789.527 1370.8 2064.78 1369.83 755.4 124.818 0 0 0 0 0 
0 0 0 0 0 0 63.7229 506.881 588.72 513.818 61.9612 0 0 0 0 0 0 
0 0 0 0 0 0 54.8685 94.1628 112.402 92.5211 54.4968 0 0 0 0 0 0 
0 0 0 0 0 0 0 0 62.7334 0 0 0 0 0 0 0 0 
0 0 0 0 0 0 0 15.0986 0 15.2296 0 0 0 0 0 0 0 
0 0 0 0 0 0 0 0 0 0 0 0 0 0 0 0 0 
0 0 0 0 0 0 0 0 1.80168 0 0 0 0 0 0 0 0 
