1 0 0 0 0 0 0 0 0 0 0 0 0 0 0 0 1 
0 0 0 0 0 0 0 0 0 0 0 0 0 0 0 0 0 
0 16 0 0 0 0 0 0 0 0 0 0 0 0 0 16 0 
0 0 36.7832 0 0 0 0 0 0 0 0 0 0 0 31.2242 0 0 
0 0 83.2168 102.006 23.1259 0 0 0 8.89305 0 0 0 26.3538 117.289 88.7758 0 0 
0 0 0 269.275 259.543 208.552 100.727 62.1143 0 71.2156 87.1452 170.04 256.969 247.817 0 0 0 
0 0 0 188.72 768.821 697.303 803.187 617.606 795.85 629.799 749.885 741.511 783.829 194.894 0 0 0 
0 0 0 0 553.761 1709.07 1878.44 1955.1 1561.25 1851.08 1805.92 1730.81 541.883 0 0 0 0 
0 0 0 0 214.749 1207.19 2754.55 3688.45 4526.45 3934.08 2994.96 1203.59 210.965 0 0 0 0 
0 0 0 0 0 423.763 1609.86 3069.8 3098.85 3028.17 1526.69 406.314 0 0 0 0 0 
0 0 0 0 0 122.124 753.052 1487.36 2193.13 1367.57 738.259 115.731 0 0 0 0 0 
0 0 0 0 0 0 55.6268 465.284 506.862 467.113 49.7509 0 0 0 0 0 0 
0 0 0 0 0 0 52.5636 80.3819 125.922 74.4877 55.3929 0 0 0 0 0 0 
0 0 0 0 0 0 0 0 50.9765 0 0 0 0 0 0 0 0 
0 0 0 0 0 0 0 13.9138 0 16.4911 0 0 0 0 0 0 0 
0 0 0 0 0 0 0 0 0 0 0 0 0 0 0 0 0 
0 0 0 0 0 0 0 0 1.82803 0 0 0 0 0 0 0 0 
