1 0 0 0 0 0 0 0 0 0 0 0 0 0 0 0 1 
0 0 0 0 0 0 0 0 0 0 0 0 0 0 0 0 0 
0 16 0 0 0 0 0 0 0 0 0 0 0 0 0 16 0 
0 0 31.3597 0 0 0 0 0 0 0 0 0 0 0 35.8926 0 0 
0 0 88.6403 87.6542 21.7739 0 0 0 8.17063 0 0 0 23.3526 113.605 84.1074 0 0 
0 0 0 268.941 241.522 166.149 93.1417 65.5973 0 71.3297 102.441 207.608 290.671 253.524 0 0 0 
0 0 0 203.404 725.289 681.974 721.258 686.215 895.885 737.489 807.339 686.06 740.805 192.871 0 0 0 
0 0 0 0 603.639 1748.3 1809.7 1887.31 1657.47 2088.64 1910.41 1711.33 553.755 0 0 0 0 
0 0 0 0 227.777 1222.89 2886.26 3491.7 4274.03 3708.88 2913.02 1237.45 211.417 0 0 0 0 
0 0 0 0 0 427.603 1625.38 3280.15 3114.76 3015.3 1496.57 408.866 0 0 0 0 0 
0 0 0 0 0 121.083 772.287 1402.53 2157.53 1208.81 671.927 116.685 0 0 0 0 0 
0 0 0 0 0 0 54.2231 522.045 577.298 497.064 56.4631 0 0 0 0 0 0 
0 0 0 0 0 0 45.7497 91.2509 126.816 97.306 49.8285 0 0 0 0 0 0 
0 0 0 0 0 0 0 0 56.1643 0 0 0 0 0 0 0 0 
0 0 0 0 0 0 0 13.1974 0 15.187 0 0 0 0 0 0 0 
0 0 0 0 0 0 0 0 0 0 0 0 0 0 0 0 0 
0 0 0 0 0 0 0 0 1.88466 0 0 0 0 0 0 0 0 
