1 0 0 0 0 0 0 0 0 0 0 0 0 0 0 0 1 
0 0 0 0 0 0 0 0 0 0 0 0 0 0 0 0 0 
0 16 0 0 0 0 0 0 0 0 0 0 0 0 0 16 0 
0 0 31.5077 0 0 0 0 0 0 0 0 0 0 0 32.3147 0 0 
0 0 88.4923 95.535 23.8907 0 0 0 7.64505 0 0 0 24.7589 96.468 87.6853 0 0 
0 0 0 256.544 253.354 187.325 93.2117 63.9154 0 63.914 96.7368 190.335 256.447 255.77 0 0 0 
0 0 0 207.921 739.282 689.368 696.78 620.424 767.047 619.512 702.253 684.922 741.567 207.762 0 0 0 
0 0 0 0 572.687 1661.45 1806.1 1896.95 1584.82 1912.22 1802.57 1667.01 568.137 0 0 0 0 
0 0 0 0 230.787 1261.13 2933.42 3665.51 4342.37 3692.66 2945.07 1242.89 229.09 0 0 0 0 
0 0 0 0 0 438.323 1596.72 3161.75 3284.5 3129.1 1563.4 454.457 0 0 0 0 0 
0 0 0 0 0 130.405 760.653 1410.81 2116.88 1395.52 777.086 128.393 0 0 0 0 0 
0 0 0 0 0 0 64.7405 507.179 579.793 513.985 65.3277 0 0 0 0 0 0 
0 0 0 0 0 0 56.373 97.5233 120.674 97.018 55.5648 0 0 0 0 0 0 
0 0 0 0 0 0 0 0 64.2363 0 0 0 0 0 0 0 0 
0 0 0 0 0 0 0 15.9307 0 16.0754 0 0 0 0 0 0 0 
0 0 0 0 0 0 0 0 0 0 0 0 0 0 0 0 0 
0 0 0 0 0 0 0 0 2.02595 0 0 0 0 0 0 0 0 
