1 0 0 0 0 0 0 0 0 0 0 0 0 0 0 0 1 
0 0 0 0 0 0 0 0 0 0 0 0 0 0 0 0 0 
0 16 0 0 0 0 0 0 0 0 0 0 0 0 0 16 0 
0 0 31.8985 0 0 0 0 0 0 0 0 0 0 0 31.6533 0 0 
0 0 88.1015 97.3445 24.3056 0 0 0 8.05824 0 0 0 24.2179 95.5047 88.3467 0 0 
0 0 0 257.606 256.506 194.739 95.7362 62.3297 0 63.0795 96.2776 198.565 253.48 257.868 0 0 0 
0 0 0 205.049 732.123 685.497 698.252 617.85 767.616 620.815 701.987 685.675 746.679 206.628 0 0 0 
0 0 0 0 576.855 1655.95 1829.71 1926.9 1597.09 1925.33 1826.86 1666.25 572.508 0 0 0 0 
0 0 0 0 230.211 1249.43 2922.09 3684.33 4364.86 3634.01 2910.59 1247.28 223.115 0 0 0 0 
0 0 0 0 0 453.03 1566.33 3122.18 3255.49 3165.05 1583.57 446.307 0 0 0 0 0 
0 0 0 0 0 129.354 776.441 1409.3 2123.73 1410.43 770.5 123.931 0 0 0 0 0 
0 0 0 0 0 0 64.8644 506.805 571.385 508.46 63.7688 0 0 0 0 0 0 
0 0 0 0 0 0 54.5805 94.5958 116.748 96.6394 54.4512 0 0 0 0 0 0 
0 0 0 0 0 0 0 0 63.0646 0 0 0 0 0 0 0 0 
0 0 0 0 0 0 0 15.7112 0 16.1878 0 0 0 0 0 0 0 
0 0 0 0 0 0 0 0 0 0 0 0 0 0 0 0 0 
0 0 0 0 0 0 0 0 1.95246 0 0 0 0 0 0 0 0 
