1 0 0 0 0 0 0 0 0 0 0 0 0 0 0 0 1 
0 0 0 0 0 0 0 0 0 0 0 0 0 0 0 0 0 
0 16 0 0 0 0 0 0 0 0 0 0 0 0 0 16 0 
0 0 31.7818 0 0 0 0 0 0 0 0 0 0 0 31.6746 0 0 
0 0 88.2182 94.2135 23.8361 0 0 0 7.82414 0 0 0 24.055 95.0499 88.3254 0 0 
0 0 0 257.023 254.152 193.292 95.3858 62.4317 0 64.6739 96.3629 194.228 258.19 255.822 0 0 0 
0 0 0 208.764 731.473 677.452 699.935 614.383 773.199 622.407 701.313 692.781 734.516 209.128 0 0 0 
0 0 0 0 585.553 1663.41 1817.52 1927.76 1620.61 1907.61 1848.28 1671.08 574.579 0 0 0 0 
0 0 0 0 224.987 1250.52 2925.69 3686.54 4301.91 3707.71 2921.36 1237.73 228.66 0 0 0 0 
0 0 0 0 0 457.241 1577.74 3119.05 3269.43 3116.16 1550.03 440.722 0 0 0 0 0 
0 0 0 0 0 126.087 772.255 1402.2 2141.46 1399.54 770.23 131.461 0 0 0 0 0 
0 0 0 0 0 0 63.7631 514.104 571.907 510.254 63.049 0 0 0 0 0 0 
0 0 0 0 0 0 55.7205 97.404 118.574 95.9822 57.3787 0 0 0 0 0 0 
0 0 0 0 0 0 0 0 63.1223 0 0 0 0 0 0 0 0 
0 0 0 0 0 0 0 16.1374 0 15.6708 0 0 0 0 0 0 0 
0 0 0 0 0 0 0 0 0 0 0 0 0 0 0 0 0 
0 0 0 0 0 0 0 0 1.96337 0 0 0 0 0 0 0 0 
