35652
3997 0.019622
12721 0.046762
26117 0.091366
69417 0.287686
116465 0.548642
307821 1.64963
443461 2.86583
800133 6.19979
1192685 10.4829
2090629 21.4357
2588961 30.8713
4179069 58.8856
5355385 84.8766
7781369 143.16
9568141 198.877
11358709 270.297
18369945 468.327
17806105 527.917
21545913 694.054
28419681 1011.91
35194833 1341.02
33877869 1430.13
39168573 1737.43
54380189 2582.36
51835049 2576.52
53899569 2842.73
73566401 3959.38
66108481 3751.69
76291061 4358.98
69028773 4095.78
57661961 3443.2
