271163
15985 0.037638
49329 0.1326
84657 0.232289
219537 0.660591
286705 0.92371
521377 1.84154
731073 2.53793
1134305 4.35018
1564753 5.83533
2164657 8.77395
2300353 9.80024
6616001 24.6605
3290033 15.4617
14773441 56.4492
8798017 36.669
7811777 38.2105
12865777 58.8293
11349569 58.9754
9244097 51.2255
11202449 65.9439
21831793 115.228
25850193 144.481
19224721 114.221
71783761 396.331
32292705 193.61
54908353 332.379
68513969 412.84
590764769 3515.46
124130401 770.387
35363089 260.737
52435169 369.264
62002833 454.238
85667905 613.53
120310193 888.366
80453265 610.073
424991649 3165.79
266739473 2006.78
304784769 2392.55
163096817 1292
146977217 1220.6
98031665 839.097
168236289 1446.37
98529249 873.284
107883841 988.839
3264874513 28381.1
756128913 6891.95
1569319089 14261.3
1241669441 11626.2
2348035985 22141.6
261234209 2620.38
400305105 3976.74
136997105 1459.75
287847089 2982.56
207521297 2243.57
179575953 1951.63
180921761 2027.61
1075685313 11672.1
615173217 6887.74
1168156849 13067.7
185894033 2214.54
6032368865 68904.8
3266996897 38537.8
458461985 5455.61
