1 0 0 0 0 0 0 0 0 0 0 0 0 0 0 0 1 
0 0 0 0 0 0 0 0 0 0 0 0 0 0 0 0 0 
0 16 0 0 0 0 0 0 0 0 0 0 0 0 0 16 0 
0 0 32.2328 0 0 0 0 0 0 0 0 0 0 0 31.8577 0 0 
0 0 87.7672 96.3046 23.8653 0 0 0 8.08684 0 0 0 23.9687 96.41 88.1423 0 0 
0 0 0 255.792 256.691 191.676 97.2574 64.3013 0 64.3684 96.6176 192.74 256.969 254.349 0 0 0 
0 0 0 207.903 738.167 688.976 705.587 625.463 767.368 624.141 707.367 689.613 735.041 209.241 0 0 0 
0 0 0 0 573.828 1667.75 1821.15 1915.78 1595.79 1916.15 1825.28 1662.18 576.067 0 0 0 0 
0 0 0 0 227.449 1244.32 2929.59 3673.67 4357.82 3682.16 2928.8 1244.51 227.954 0 0 0 0 
0 0 0 0 0 447.121 1566.53 3141.86 3265.07 3145.58 1564.7 450.701 0 0 0 0 0 
0 0 0 0 0 128.163 767.446 1396.91 2116.32 1384.98 765.472 128.257 0 0 0 0 0 
0 0 0 0 0 0 64.3431 509.328 574.026 511.054 63.839 0 0 0 0 0 0 
0 0 0 0 0 0 56.0997 96.7755 119.779 95.6543 55.9263 0 0 0 0 0 0 
0 0 0 0 0 0 0 0 63.7557 0 0 0 0 0 0 0 0 
0 0 0 0 0 0 0 15.9163 0 15.9154 0 0 0 0 0 0 0 
0 0 0 0 0 0 0 0 0 0 0 0 0 0 0 0 0 
0 0 0 0 0 0 0 0 1.98459 0 0 0 0 0 0 0 0 
