1 0 0 0 0 0 0 0 0 0 0 0 0 0 0 0 1 
0 0 0 0 0 0 0 0 0 0 0 0 0 0 0 0 0 
0 16 0 0 0 0 0 0 0 0 0 0 0 0 0 16 0 
0 0 31.5936 0 0 0 0 0 0 0 0 0 0 0 32.0042 0 0 
0 0 88.4064 95.6599 24.1895 0 0 0 7.86472 0 0 0 23.7923 97.0818 87.9958 0 0 
0 0 0 256.145 254.512 192.149 95.5395 63.9037 0 63.7849 96.023 191.901 258.463 256 0 0 0 
0 0 0 208.196 736.203 690.441 705.916 627.19 769.96 630.408 701.999 689.414 739.159 206.918 0 0 0 
0 0 0 0 578.298 1655.34 1818.97 1913.75 1593.66 1921.62 1822.29 1669.6 573.812 0 0 0 0 
0 0 0 0 226.798 1253.25 2922.79 3683.08 4360.97 3675.93 2921.73 1244.14 224.775 0 0 0 0 
0 0 0 0 0 449.395 1573.67 3127.97 3258.24 3131.97 1579.28 445.852 0 0 0 0 0 
0 0 0 0 0 127.422 771.649 1392.38 2112.72 1392.74 767.508 127.1 0 0 0 0 0 
0 0 0 0 0 0 63.4018 519.477 580.233 511.452 63.3228 0 0 0 0 0 0 
0 0 0 0 0 0 56.0682 96.1175 120.093 96.067 55.8443 0 0 0 0 0 0 
0 0 0 0 0 0 0 0 64.2187 0 0 0 0 0 0 0 0 
0 0 0 0 0 0 0 16.138 0 16.0273 0 0 0 0 0 0 0 
0 0 0 0 0 0 0 0 0 0 0 0 0 0 0 0 0 
0 0 0 0 0 0 0 0 2.04583 0 0 0 0 0 0 0 0 
