1 0 0 0 0 0 0 0 0 0 0 0 0 0 0 0 1 
0 0 0 0 0 0 0 0 0 0 0 0 0 0 0 0 0 
0 16 0 0 0 0 0 0 0 0 0 0 0 0 0 16 0 
0 0 32.3837 0 0 0 0 0 0 0 0 0 0 0 32.3031 0 0 
0 0 87.6163 96.2784 24.2657 0 0 0 7.89127 0 0 0 23.609 95.9554 87.6969 0 0 
0 0 0 256.999 255.523 191.448 95.783 64.3551 0 63.4603 96.2314 192.297 257.979 256.628 0 0 0 
0 0 0 206.722 738.413 687.19 705.826 622.886 762.659 625.56 706.797 685.976 734.063 207.417 0 0 0 
0 0 0 0 575.565 1670.77 1821.31 1910.78 1595.01 1903.63 1825.87 1664.61 580.003 0 0 0 0 
0 0 0 0 226.233 1243.56 2941.28 3668.53 4368.67 3676.09 2910.9 1249.7 224.347 0 0 0 0 
0 0 0 0 0 448.083 1558.9 3166.32 3266.81 3148.38 1576.44 448.44 0 0 0 0 0 
0 0 0 0 0 126.95 766.206 1385.63 2109.92 1401.5 773.242 126.983 0 0 0 0 0 
0 0 0 0 0 0 63.6729 510.619 575.189 510.778 62.6428 0 0 0 0 0 0 
0 0 0 0 0 0 55.0228 95.097 118.56 94.6299 55.8792 0 0 0 0 0 0 
0 0 0 0 0 0 0 0 63.3689 0 0 0 0 0 0 0 0 
0 0 0 0 0 0 0 15.7822 0 15.9692 0 0 0 0 0 0 0 
0 0 0 0 0 0 0 0 0 0 0 0 0 0 0 0 0 
0 0 0 0 0 0 0 0 1.92611 0 0 0 0 0 0 0 0 
