1 0 0 0 0 0 0 0 0 0 0 0 0 0 0 0 1 
0 0 0 0 0 0 0 0 0 0 0 0 0 0 0 0 0 
0 16 0 0 0 0 0 0 0 0 0 0 0 0 0 16 0 
0 0 31.8359 0 0 0 0 0 0 0 0 0 0 0 32.2142 0 0 
0 0 88.1641 95.4652 24.4148 0 0 0 8.01182 0 0 0 24.073 97.1727 87.7858 0 0 
0 0 0 255.979 254.243 191.689 96.1671 64.156 0 65.4396 96.9349 190.892 256.168 255.356 0 0 0 
0 0 0 208.556 737.086 692.441 706.634 626.026 771.651 626.712 705.685 691.087 738.666 207.471 0 0 0 
0 0 0 0 577.671 1665.62 1820.79 1917.37 1593.71 1918.15 1815.89 1667.89 574.888 0 0 0 0 
0 0 0 0 226.587 1244.2 2930.6 3683.89 4359.18 3660.84 2925.63 1245.69 226.205 0 0 0 0 
0 0 0 0 0 445.416 1575.74 3132.73 3267.05 3138.66 1574.4 445.452 0 0 0 0 0 
0 0 0 0 0 128.631 758.186 1393.27 2110.14 1405.68 768.788 126.986 0 0 0 0 0 
0 0 0 0 0 0 63.8342 511.229 575.426 510.998 64.4194 0 0 0 0 0 0 
0 0 0 0 0 0 56.0468 95.5172 118.925 97.5416 56.2513 0 0 0 0 0 0 
0 0 0 0 0 0 0 0 63.8694 0 0 0 0 0 0 0 0 
0 0 0 0 0 0 0 15.8086 0 15.9759 0 0 0 0 0 0 0 
0 0 0 0 0 0 0 0 0 0 0 0 0 0 0 0 0 
0 0 0 0 0 0 0 0 2.04503 0 0 0 0 0 0 0 0 
