1 0 0 0 0 0 0 0 0 0 0 0 0 0 0 0 1 
0 0 0 0 0 0 0 0 0 0 0 0 0 0 0 0 0 
0 16 0 0 0 0 0 0 0 0 0 0 0 0 0 16 0 
0 0 32.0914 0 0 0 0 0 0 0 0 0 0 0 31.954 0 0 
0 0 87.9086 96.6413 24.1222 0 0 0 8.03145 0 0 0 23.4322 95.7279 88.046 0 0 
0 0 0 255.041 257.151 193.096 96.3216 64.2823 0 64.0027 96.3255 192.566 256.335 255.864 0 0 0 
0 0 0 208.318 735.793 688.586 701.705 620.411 763.051 619.792 704.216 688.56 735.769 208.408 0 0 0 
0 0 0 0 575.83 1659.8 1833.46 1917.6 1592.47 1919.43 1818.85 1650.19 575.939 0 0 0 0 
0 0 0 0 227.104 1247.57 2927.74 3678.67 4360.63 3690.81 2932.72 1260.15 228.526 0 0 0 0 
0 0 0 0 0 450.461 1560.74 3148.56 3272.81 3126.36 1567.19 448.448 0 0 0 0 0 
0 0 0 0 0 128.488 768.586 1389.49 2114.3 1395.82 768.82 128.096 0 0 0 0 0 
0 0 0 0 0 0 64.083 509.68 572.753 512.059 64.3939 0 0 0 0 0 0 
0 0 0 0 0 0 55.3701 95.5461 120.049 96.0192 55.4876 0 0 0 0 0 0 
0 0 0 0 0 0 0 0 63.9199 0 0 0 0 0 0 0 0 
0 0 0 0 0 0 0 15.7621 0 15.7135 0 0 0 0 0 0 0 
0 0 0 0 0 0 0 0 0 0 0 0 0 0 0 0 0 
0 0 0 0 0 0 0 0 1.98217 0 0 0 0 0 0 0 0 
