1 0 0 0 0 0 0 0 0 0 0 0 0 0 0 0 1 
0 0 0 0 0 0 0 0 0 0 0 0 0 0 0 0 0 
0 16 0 0 0 0 0 0 0 0 0 0 0 0 0 16 0 
0 0 32.1358 0 0 0 0 0 0 0 0 0 0 0 31.9307 0 0 
0 0 87.8642 96.8365 23.8848 0 0 0 8.09402 0 0 0 24.4733 95.6315 88.0693 0 0 
0 0 0 255.073 255.22 191.662 95.5431 63.955 0 63.7635 96.565 193.04 254.437 256.516 0 0 0 
0 0 0 208.09 739.278 685.68 705.343 623.96 760.616 619.741 705.843 688.128 737.619 207.852 0 0 0 
0 0 0 0 573.692 1662.57 1834.52 1922.9 1603.85 1923.61 1823.52 1673.76 574.539 0 0 0 0 
0 0 0 0 227.925 1248.83 2910.92 3650.4 4350.12 3670.42 2925.57 1239.55 228.932 0 0 0 0 
0 0 0 0 0 450.597 1567.47 3161.55 3264.53 3134.92 1568.74 445.37 0 0 0 0 0 
0 0 0 0 0 128.661 774.057 1391.21 2119.31 1395.78 768.111 128.144 0 0 0 0 0 
0 0 0 0 0 0 64.6005 514.456 577.167 519.808 63.6903 0 0 0 0 0 0 
0 0 0 0 0 0 55.55 95.6566 120.613 96.0289 55.9599 0 0 0 0 0 0 
0 0 0 0 0 0 0 0 63.7607 0 0 0 0 0 0 0 0 
0 0 0 0 0 0 0 15.9028 0 15.9367 0 0 0 0 0 0 0 
0 0 0 0 0 0 0 0 0 0 0 0 0 0 0 0 0 
0 0 0 0 0 0 0 0 1.92512 0 0 0 0 0 0 0 0 
