1 0 0 0 0 0 0 0 0 0 0 0 0 0 0 0 1 
0 0 0 0 0 0 0 0 0 0 0 0 0 0 0 0 0 
0 16 0 0 0 0 0 0 0 0 0 0 0 0 0 16 0 
0 0 32.0349 0 0 0 0 0 0 0 0 0 0 0 31.9458 0 0 
0 0 87.9651 96.4263 24.1597 0 0 0 8.1528 0 0 0 23.9122 96.5566 88.0542 0 0 
0 0 0 256.962 255.663 193.687 95.8805 64.1642 0 63.6254 95.1697 190.149 254.974 255.024 0 0 0 
0 0 0 206.611 734.996 683.4 703.217 624.236 770.442 625.977 699.293 686.995 735.933 208.42 0 0 0 
0 0 0 0 578.966 1667.08 1823.28 1899.65 1600.04 1916.78 1813.37 1662.38 576.152 0 0 0 0 
0 0 0 0 226.215 1246.7 2925.57 3690 4325.84 3662.62 2929.24 1248.82 229.03 0 0 0 0 
0 0 0 0 0 448.475 1568.26 3137.49 3286.78 3147.21 1580.41 450.385 0 0 0 0 0 
0 0 0 0 0 128.659 770.349 1395.91 2111.4 1396.91 768.892 129.269 0 0 0 0 0 
0 0 0 0 0 0 64.3633 515.748 580.543 514.629 65.1117 0 0 0 0 0 0 
0 0 0 0 0 0 57.0895 96.6438 120.804 96.1558 56.5168 0 0 0 0 0 0 
0 0 0 0 0 0 0 0 64.0089 0 0 0 0 0 0 0 0 
0 0 0 0 0 0 0 16.1588 0 16.0966 0 0 0 0 0 0 0 
0 0 0 0 0 0 0 0 0 0 0 0 0 0 0 0 0 
0 0 0 0 0 0 0 0 1.98609 0 0 0 0 0 0 0 0 
