1 0 0 0 0 0 0 0 0 0 0 0 0 0 0 0 1 
0 0 0 0 0 0 0 0 0 0 0 0 0 0 0 0 0 
0 16 0 0 0 0 0 0 0 0 0 0 0 0 0 16 0 
0 0 32.1061 0 0 0 0 0 0 0 0 0 0 0 32.2683 0 0 
0 0 87.8939 95.9569 24.2254 0 0 0 8.01378 0 0 0 24.1014 96.4397 87.7317 0 0 
0 0 0 255.915 254.818 191.803 97.1969 65.1433 0 63.8153 95.7434 190.756 257.141 256.513 0 0 0 
0 0 0 208.128 736.756 688.14 701.107 625.125 770.521 623.39 704.567 688.65 735.841 207.047 0 0 0 
0 0 0 0 574.293 1661.17 1827.95 1916.19 1603.16 1916.6 1818.35 1661.97 575.001 0 0 0 0 
0 0 0 0 229.907 1247.5 2922.06 3670.74 4341.73 3670.77 2919.98 1247.58 227.916 0 0 0 0 
0 0 0 0 0 451.841 1573.66 3138.06 3261.06 3143.28 1584.62 451.214 0 0 0 0 0 
0 0 0 0 0 127.544 767.112 1400.07 2118 1396.14 765.124 127.827 0 0 0 0 0 
0 0 0 0 0 0 63.5999 512.727 582.16 514.541 63.8135 0 0 0 0 0 0 
0 0 0 0 0 0 55.3148 96.0129 119.706 95.4823 55.7977 0 0 0 0 0 0 
0 0 0 0 0 0 0 0 63.6604 0 0 0 0 0 0 0 0 
0 0 0 0 0 0 0 15.9307 0 15.9899 0 0 0 0 0 0 0 
0 0 0 0 0 0 0 0 0 0 0 0 0 0 0 0 0 
0 0 0 0 0 0 0 0 1.9971 0 0 0 0 0 0 0 0 
