1 0 0 0 0 0 0 0 0 0 0 0 0 0 0 0 1 
0 0 0 0 0 0 0 0 0 0 0 0 0 0 0 0 0 
0 16 0 0 0 0 0 0 0 0 0 0 0 0 0 16 0 
0 0 31.9741 0 0 0 0 0 0 0 0 0 0 0 31.9063 0 0 
0 0 88.0259 96.6521 24.1245 0 0 0 8.11562 0 0 0 23.8567 96.0405 88.0937 0 0 
0 0 0 255.341 256.944 194.043 97.2896 64.17 0 64.3422 96.5875 192.733 256.974 256.907 0 0 0 
0 0 0 208.006 737.089 689.547 704.286 623.69 767.531 624.143 704.406 690.805 738.308 207.053 0 0 0 
0 0 0 0 574.003 1659.27 1827.24 1919.41 1593.84 1917.52 1818.65 1658.8 572.456 0 0 0 0 
0 0 0 0 227.84 1254.1 2918.94 3683.03 4354.2 3685.55 2924.9 1250.13 228.405 0 0 0 0 
0 0 0 0 0 442.778 1572.76 3134.56 3277.12 3129.63 1574.98 448.49 0 0 0 0 0 
0 0 0 0 0 128.262 769.277 1392.91 2108.18 1395.05 769.144 127.04 0 0 0 0 0 
0 0 0 0 0 0 62.9688 510.651 576.28 512.784 63.906 0 0 0 0 0 0 
0 0 0 0 0 0 55.2395 95.7634 119.199 95.082 55.4338 0 0 0 0 0 0 
0 0 0 0 0 0 0 0 63.571 0 0 0 0 0 0 0 0 
0 0 0 0 0 0 0 15.826 0 15.899 0 0 0 0 0 0 0 
0 0 0 0 0 0 0 0 0 0 0 0 0 0 0 0 0 
0 0 0 0 0 0 0 0 1.96842 0 0 0 0 0 0 0 0 
