1 0 0 0 0 0 0 0 0 0 0 0 0 0 0 0 0 
0 0 0 0 0 0 0 0 0 0 0 0 0 0 0 0 0 
0 16 0 0 0 0 0 0 0 0 0 0 0 0 0 0 0 
0 0 32 0 0 0 0 0 0 0 0 0 0 0 0 0 0 
0 0 88 96.0402 24.042 0 0 0 7.97894 0 0 0 0 0 0 0 0 
0 0 0 256.084 256.073 192.36 96.1177 63.7337 0 0 0 0 0 0 0 0 0 
0 0 0 207.876 735.495 687.719 703.583 623.454 767.549 0 0 0 0 0 0 0 0 
0 0 0 0 575.774 1663.4 1822.76 1916.52 1598.1 0 0 0 0 0 0 0 0 
0 0 0 0 228.616 1247.48 2923.43 3682.5 4354.58 0 0 0 0 0 0 0 0 
0 0 0 0 0 448.685 1571.85 3137.48 3264.4 0 0 0 0 0 0 0 0 
0 0 0 0 0 128.364 769.737 1392.62 2111.96 0 0 0 0 0 0 0 0 
0 0 0 0 0 0 64.1378 511.651 578.596 0 0 0 0 0 0 0 0 
0 0 0 0 0 0 56.3836 96.0068 120.733 0 0 0 0 0 0 0 0 
0 0 0 0 0 0 0 0 64.0958 0 0 0 0 0 0 0 0 
0 0 0 0 0 0 0 16.0391 0 0 0 0 0 0 0 0 0 
0 0 0 0 0 0 0 0 0 0 0 0 0 0 0 0 0 
0 0 0 0 0 0 0 0 2.01415 0 0 0 0 0 0 0 0 
