1 0 0 0 0 0 0 0 0 0 0 0 0 0 0 0 0 
0 0 0 0 0 0 0 0 0 0 0 0 0 0 0 0 0 
0 16 0 0 0 0 0 0 0 0 0 0 0 0 0 0 0 
0 0 32 0 0 0 0 0 0 0 0 0 0 0 0 0 0 
0 0 88 95.973 24.0202 0 0 0 7.98625 0 0 0 0 0 0 0 0 
0 0 0 256.042 256.428 192.145 96.0691 63.9418 0 0 0 0 0 0 0 0 0 
0 0 0 207.985 736.605 688.586 704.6 624.121 769.517 0 0 0 0 0 0 0 0 
0 0 0 0 576.001 1666.2 1826.26 1919.68 1600.48 0 0 0 0 0 0 0 0 
0 0 0 0 226.946 1247.51 2929.41 3681.13 4358.05 0 0 0 0 0 0 0 0 
0 0 0 0 0 447.271 1566.25 3136.03 3263.35 0 0 0 0 0 0 0 0 
0 0 0 0 0 126.282 766.793 1393.26 2109.76 0 0 0 0 0 0 0 0 
0 0 0 0 0 0 63.4805 510.788 575.369 0 0 0 0 0 0 0 0 
0 0 0 0 0 0 55.1332 95.3214 119.769 0 0 0 0 0 0 0 0 
0 0 0 0 0 0 0 0 63.7573 0 0 0 0 0 0 0 0 
0 0 0 0 0 0 0 15.7193 0 0 0 0 0 0 0 0 0 
0 0 0 0 0 0 0 0 0 0 0 0 0 0 0 0 0 
0 0 0 0 0 0 0 0 1.96686 0 0 0 0 0 0 0 0 
