1 0 0 0 0 0 0 0 0 0 0 0 0 0 0 0 0 
0 0 0 0 0 0 0 0 0 0 0 0 0 0 0 0 0 
0 16 0 0 0 0 0 0 0 0 0 0 0 0 0 0 0 
0 0 32 0 0 0 0 0 0 0 0 0 0 0 0 0 0 
0 0 88 96.0006 23.9887 0 0 0 7.97258 0 0 0 0 0 0 0 0 
0 0 0 255.962 255.923 192.627 96.4005 63.8585 0 0 0 0 0 0 0 0 0 
0 0 0 208.038 736.178 690.001 703.9 621.924 766.081 0 0 0 0 0 0 0 0 
0 0 0 0 575.968 1664.67 1822.6 1919.15 1594.25 0 0 0 0 0 0 0 0 
0 0 0 0 227.942 1245.45 2929.43 3682.13 4358.51 0 0 0 0 0 0 0 0 
0 0 0 0 0 447.368 1568.05 3140.3 3266.36 0 0 0 0 0 0 0 0 
0 0 0 0 0 127.884 767.926 1389.64 2116.12 0 0 0 0 0 0 0 0 
0 0 0 0 0 0 63.9962 511.352 575.689 0 0 0 0 0 0 0 0 
0 0 0 0 0 0 55.7014 95.6855 119.208 0 0 0 0 0 0 0 0 
0 0 0 0 0 0 0 0 63.813 0 0 0 0 0 0 0 0 
0 0 0 0 0 0 0 15.9649 0 0 0 0 0 0 0 0 0 
0 0 0 0 0 0 0 0 0 0 0 0 0 0 0 0 0 
0 0 0 0 0 0 0 0 1.99375 0 0 0 0 0 0 0 0 
