1 0 0 0 0 0 0 0 0 0 0 0 0 0 0 0 0 
0 0 0 0 0 0 0 0 0 0 0 0 0 0 0 0 0 
0 16 0 0 0 0 0 0 0 0 0 0 0 0 0 0 0 
0 0 32 0 0 0 0 0 0 0 0 0 0 0 0 0 0 
0 0 88 96.1369 24.1015 0 0 0 8.01614 0 0 0 0 0 0 0 0 
0 0 0 256.061 256.392 192.685 96.278 64.019 0 0 0 0 0 0 0 0 0 
0 0 0 207.802 735.846 688.126 704.05 622.877 767.386 0 0 0 0 0 0 0 0 
0 0 0 0 575.363 1663.13 1827.9 1919.38 1599.11 0 0 0 0 0 0 0 0 
0 0 0 0 228.298 1247.62 2927.86 3684.26 4362.15 0 0 0 0 0 0 0 0 
0 0 0 0 0 447.807 1565.13 3135.31 3261.17 0 0 0 0 0 0 0 0 
0 0 0 0 0 128.637 766.511 1391.29 2111.13 0 0 0 0 0 0 0 0 
0 0 0 0 0 0 63.9307 510.947 575.211 0 0 0 0 0 0 0 0 
0 0 0 0 0 0 56.3367 95.8312 120.059 0 0 0 0 0 0 0 0 
0 0 0 0 0 0 0 0 63.7604 0 0 0 0 0 0 0 0 
0 0 0 0 0 0 0 16.0893 0 0 0 0 0 0 0 0 0 
0 0 0 0 0 0 0 0 0 0 0 0 0 0 0 0 0 
0 0 0 0 0 0 0 0 2.00395 0 0 0 0 0 0 0 0 
