1 0 0 0 0 0 0 0 0 0 0 0 0 0 0 0 0 
0 0 0 0 0 0 0 0 0 0 0 0 0 0 0 0 0 
0 16 0 0 0 0 0 0 0 0 0 0 0 0 0 0 0 
0 0 32 0 0 0 0 0 0 0 0 0 0 0 0 0 0 
0 0 88 95.6167 23.9565 0 0 0 8.04372 0 0 0 0 0 0 0 0 
0 0 0 256.069 255.499 191.861 96.0393 64.2551 0 0 0 0 0 0 0 0 0 
0 0 0 208.315 735.458 687.706 704.016 624.515 768.198 0 0 0 0 0 0 0 0 
0 0 0 0 576.631 1663.22 1824.49 1920.64 1600.8 0 0 0 0 0 0 0 0 
0 0 0 0 228.455 1248.51 2927.33 3678.18 4352.06 0 0 0 0 0 0 0 0 
0 0 0 0 0 448.538 1566.18 3133.14 3262.37 0 0 0 0 0 0 0 0 
0 0 0 0 0 128.169 769.546 1393.25 2113.77 0 0 0 0 0 0 0 0 
0 0 0 0 0 0 64.3795 513.422 578.377 0 0 0 0 0 0 0 0 
0 0 0 0 0 0 56.0176 96.6211 120.154 0 0 0 0 0 0 0 0 
0 0 0 0 0 0 0 0 64.2206 0 0 0 0 0 0 0 0 
0 0 0 0 0 0 0 15.9862 0 0 0 0 0 0 0 0 0 
0 0 0 0 0 0 0 0 0 0 0 0 0 0 0 0 0 
0 0 0 0 0 0 0 0 2.0001 0 0 0 0 0 0 0 0 
