1 0 0 0 0 0 0 0 0 0 0 0 0 0 0 0 0 
0 0 0 0 0 0 0 0 0 0 0 0 0 0 0 0 0 
0 16 0 0 0 0 0 0 0 0 0 0 0 0 0 0 0 
0 0 32 0 0 0 0 0 0 0 0 0 0 0 0 0 0 
0 0 88 96.2957 23.9552 0 0 0 8.0037 0 0 0 0 0 0 0 0 
0 0 0 255.936 256.004 192.188 95.9112 64.0854 0 0 0 0 0 0 0 0 0 
0 0 0 207.769 736.621 687.714 703.791 622.889 767.822 0 0 0 0 0 0 0 0 
0 0 0 0 576.054 1665.24 1824.7 1921.84 1599.35 0 0 0 0 0 0 0 0 
0 0 0 0 227.365 1247.52 2930.27 3671.24 4354.65 0 0 0 0 0 0 0 0 
0 0 0 0 0 447.257 1567.18 3139.72 3261.18 0 0 0 0 0 0 0 0 
0 0 0 0 0 128.077 766.25 1394.44 2116.44 0 0 0 0 0 0 0 0 
0 0 0 0 0 0 63.8477 513.701 576.285 0 0 0 0 0 0 0 0 
0 0 0 0 0 0 56.0595 96.0113 120.148 0 0 0 0 0 0 0 0 
0 0 0 0 0 0 0 0 64.114 0 0 0 0 0 0 0 0 
0 0 0 0 0 0 0 16.0773 0 0 0 0 0 0 0 0 0 
0 0 0 0 0 0 0 0 0 0 0 0 0 0 0 0 0 
0 0 0 0 0 0 0 0 2.00958 0 0 0 0 0 0 0 0 
