1 0 0 0 0 0 0 0 0 0 0 0 0 0 0 0 0 
0 0 0 0 0 0 0 0 0 0 0 0 0 0 0 0 0 
0 16 0 0 0 0 0 0 0 0 0 0 0 0 0 0 0 
0 0 32 0 0 0 0 0 0 0 0 0 0 0 0 0 0 
0 0 88 95.9423 24.019 0 0 0 7.99708 0 0 0 0 0 0 0 0 
0 0 0 256.097 255.975 192.109 95.6939 64.0364 0 0 0 0 0 0 0 0 0 
0 0 0 207.961 735.549 687.232 702.294 624.839 765.787 0 0 0 0 0 0 0 0 
0 0 0 0 575.68 1662.96 1823.75 1920.96 1599.32 0 0 0 0 0 0 0 0 
0 0 0 0 228.778 1248.98 2932.23 3680.63 4356.85 0 0 0 0 0 0 0 0 
0 0 0 0 0 447.957 1568.23 3136.26 3266.69 0 0 0 0 0 0 0 0 
0 0 0 0 0 128.76 765.439 1389.1 2110.91 0 0 0 0 0 0 0 0 
0 0 0 0 0 0 64.1917 511.872 576.593 0 0 0 0 0 0 0 0 
0 0 0 0 0 0 56.1733 96.2055 119.881 0 0 0 0 0 0 0 0 
0 0 0 0 0 0 0 0 63.9564 0 0 0 0 0 0 0 0 
0 0 0 0 0 0 0 16.0889 0 0 0 0 0 0 0 0 0 
0 0 0 0 0 0 0 0 0 0 0 0 0 0 0 0 0 
0 0 0 0 0 0 0 0 2.01021 0 0 0 0 0 0 0 0 
