1 0 0 0 0 0 0 0 0 0 0 0 0 0 0 0 0 
0 0 0 0 0 0 0 0 0 0 0 0 0 0 0 0 0 
0 16 0 0 0 0 0 0 0 0 0 0 0 0 0 0 0 
0 0 32 0 0 0 0 0 0 0 0 0 0 0 0 0 0 
0 0 88 95.8216 24.0004 0 0 0 7.92274 0 0 0 0 0 0 0 0 
0 0 0 255.803 255.88 192.024 95.6218 63.2811 0 0 0 0 0 0 0 0 0 
0 0 0 208.375 735.823 687.275 701.95 623.012 767.504 0 0 0 0 0 0 0 0 
0 0 0 0 576.405 1664.49 1823.77 1919.39 1598.94 0 0 0 0 0 0 0 0 
0 0 0 0 227.891 1247.81 2930.9 3684.06 4357.49 0 0 0 0 0 0 0 0 
0 0 0 0 0 448.262 1568.39 3135.79 3264.18 0 0 0 0 0 0 0 0 
0 0 0 0 0 128.144 767.399 1390.45 2113.31 0 0 0 0 0 0 0 0 
0 0 0 0 0 0 63.9984 512.219 574.421 0 0 0 0 0 0 0 0 
0 0 0 0 0 0 55.9635 95.7904 120.164 0 0 0 0 0 0 0 0 
0 0 0 0 0 0 0 0 64.0628 0 0 0 0 0 0 0 0 
0 0 0 0 0 0 0 16.0029 0 0 0 0 0 0 0 0 0 
0 0 0 0 0 0 0 0 0 0 0 0 0 0 0 0 0 
0 0 0 0 0 0 0 0 2.0047 0 0 0 0 0 0 0 0 
