1 0 0 0 0 0 0 0 0 0 0 0 0 0 0 0 0 
0 0 0 0 0 0 0 0 0 0 0 0 0 0 0 0 0 
0 16 0 0 0 0 0 0 0 0 0 0 0 0 0 0 0 
0 0 32 0 0 0 0 0 0 0 0 0 0 0 0 0 0 
0 0 88 95.7365 23.9671 0 0 0 7.96669 0 0 0 0 0 0 0 0 
0 0 0 256.107 255.854 190.972 95.7459 63.6165 0 0 0 0 0 0 0 0 0 
0 0 0 208.157 735.669 687.13 701.648 622.718 767.215 0 0 0 0 0 0 0 0 
0 0 0 0 575.7 1665.35 1822.79 1916.7 1598.32 0 0 0 0 0 0 0 0 
0 0 0 0 228.811 1247.93 2929.08 3676.96 4352.41 0 0 0 0 0 0 0 0 
0 0 0 0 0 447.916 1569.37 3139.79 3263.37 0 0 0 0 0 0 0 0 
0 0 0 0 0 128.7 768.787 1395.1 2117.79 0 0 0 0 0 0 0 0 
0 0 0 0 0 0 64.256 512.778 576.299 0 0 0 0 0 0 0 0 
0 0 0 0 0 0 56.3277 96.19 120.343 0 0 0 0 0 0 0 0 
0 0 0 0 0 0 0 0 64.2578 0 0 0 0 0 0 0 0 
0 0 0 0 0 0 0 16.1447 0 0 0 0 0 0 0 0 0 
0 0 0 0 0 0 0 0 0 0 0 0 0 0 0 0 0 
0 0 0 0 0 0 0 0 2.02067 0 0 0 0 0 0 0 0 
