1 0 0 0 0 0 0 0 0 0 0 0 0 0 0 0 0 
0 0 0 0 0 0 0 0 0 0 0 0 0 0 0 0 0 
0 16 0 0 0 0 0 0 0 0 0 0 0 0 0 0 0 
0 0 32 0 0 0 0 0 0 0 0 0 0 0 0 0 0 
0 0 88 96.0886 23.9873 0 0 0 8.05091 0 0 0 0 0 0 0 0 
0 0 0 255.931 255.932 192.298 96.1368 64.2295 0 0 0 0 0 0 0 0 0 
0 0 0 207.98 736.396 688.962 705.788 625.148 768.239 0 0 0 0 0 0 0 0 
0 0 0 0 575.791 1663.25 1825.05 1923.35 1600.91 0 0 0 0 0 0 0 0 
0 0 0 0 227.895 1247.32 2925.55 3679.74 4356.55 0 0 0 0 0 0 0 0 
0 0 0 0 0 448.333 1566.92 3132.24 3262.62 0 0 0 0 0 0 0 0 
0 0 0 0 0 127.837 768.19 1390.96 2110.29 0 0 0 0 0 0 0 0 
0 0 0 0 0 0 64.1099 511.69 577.145 0 0 0 0 0 0 0 0 
0 0 0 0 0 0 56.2578 96.4974 119.98 0 0 0 0 0 0 0 0 
0 0 0 0 0 0 0 0 64.1827 0 0 0 0 0 0 0 0 
0 0 0 0 0 0 0 16.1411 0 0 0 0 0 0 0 0 0 
0 0 0 0 0 0 0 0 0 0 0 0 0 0 0 0 0 
0 0 0 0 0 0 0 0 2.01799 0 0 0 0 0 0 0 0 
