1 0 0 0 0 0 0 0 0 0 0 0 0 0 0 0 0 
0 0 0 0 0 0 0 0 0 0 0 0 0 0 0 0 0 
0 16 0 0 0 0 0 0 0 0 0 0 0 0 0 0 0 
0 0 32 0 0 0 0 0 0 0 0 0 0 0 0 0 0 
0 0 88 96.1568 24.043 0 0 0 8.0116 0 0 0 0 0 0 0 0 
0 0 0 255.81 255.862 192.764 96.491 64.1589 0 0 0 0 0 0 0 0 0 
0 0 0 208.033 734.707 687.84 704.413 625.24 767.628 0 0 0 0 0 0 0 0 
0 0 0 0 577.008 1659.82 1825.17 1921.96 1601.3 0 0 0 0 0 0 0 0 
0 0 0 0 228.38 1249.8 2925.26 3680.25 4360.87 0 0 0 0 0 0 0 0 
0 0 0 0 0 450.048 1569.06 3133.67 3262.26 0 0 0 0 0 0 0 0 
0 0 0 0 0 127.723 768.029 1390.53 2109.85 0 0 0 0 0 0 0 0 
0 0 0 0 0 0 63.8299 512.315 575.084 0 0 0 0 0 0 0 0 
0 0 0 0 0 0 55.756 95.9001 119.236 0 0 0 0 0 0 0 0 
0 0 0 0 0 0 0 0 63.7706 0 0 0 0 0 0 0 0 
0 0 0 0 0 0 0 15.9784 0 0 0 0 0 0 0 0 0 
0 0 0 0 0 0 0 0 0 0 0 0 0 0 0 0 0 
0 0 0 0 0 0 0 0 1.99383 0 0 0 0 0 0 0 0 
