1 0 0 0 0 0 0 0 0 0 0 0 0 0 0 0 0 
0 0 0 0 0 0 0 0 0 0 0 0 0 0 0 0 0 
0 16 0 0 0 0 0 0 0 0 0 0 0 0 0 0 0 
0 0 32 0 0 0 0 0 0 0 0 0 0 0 0 0 0 
0 0 88 96.0789 23.9328 0 0 0 8.01335 0 0 0 0 0 0 0 0 
0 0 0 255.89 255.629 191.906 96.2872 64.2378 0 0 0 0 0 0 0 0 0 
0 0 0 208.031 736.166 688.729 703.912 624.111 768.294 0 0 0 0 0 0 0 0 
0 0 0 0 576.876 1664.66 1825.66 1919.99 1599.8 0 0 0 0 0 0 0 0 
0 0 0 0 227.396 1247.91 2932.08 3688.4 4363.45 0 0 0 0 0 0 0 0 
0 0 0 0 0 447.534 1566.22 3134.51 3266 0 0 0 0 0 0 0 0 
0 0 0 0 0 127.257 764.83 1387.46 2105.73 0 0 0 0 0 0 0 0 
0 0 0 0 0 0 63.6545 510.211 574.182 0 0 0 0 0 0 0 0 
0 0 0 0 0 0 55.3524 95.3031 119.149 0 0 0 0 0 0 0 0 
0 0 0 0 0 0 0 0 63.4127 0 0 0 0 0 0 0 0 
0 0 0 0 0 0 0 15.7797 0 0 0 0 0 0 0 0 0 
0 0 0 0 0 0 0 0 0 0 0 0 0 0 0 0 0 
0 0 0 0 0 0 0 0 1.96706 0 0 0 0 0 0 0 0 
