1 0 0 0 0 0 0 0 0 0 0 0 0 0 0 0 0 
0 0 0 0 0 0 0 0 0 0 0 0 0 0 0 0 0 
0 16 0 0 0 0 0 0 0 0 0 0 0 0 0 0 0 
0 0 32 0 0 0 0 0 0 0 0 0 0 0 0 0 0 
0 0 88 95.8831 24.0716 0 0 0 7.9769 0 0 0 0 0 0 0 0 
0 0 0 255.887 256.622 192.461 96.1193 63.6913 0 0 0 0 0 0 0 0 0 
0 0 0 208.23 735.572 688.547 704.597 624.334 767.393 0 0 0 0 0 0 0 0 
0 0 0 0 576.078 1662.94 1823.63 1915.47 1600.45 0 0 0 0 0 0 0 0 
0 0 0 0 227.657 1247.68 2928.51 3683.34 4354.57 0 0 0 0 0 0 0 0 
0 0 0 0 0 448.572 1567.5 3136.55 3264.82 0 0 0 0 0 0 0 0 
0 0 0 0 0 127.803 767.554 1392.55 2112.32 0 0 0 0 0 0 0 0 
0 0 0 0 0 0 64.0905 511.887 576.266 0 0 0 0 0 0 0 0 
0 0 0 0 0 0 56.0009 96.1938 120.226 0 0 0 0 0 0 0 0 
0 0 0 0 0 0 0 0 63.9672 0 0 0 0 0 0 0 0 
0 0 0 0 0 0 0 15.9886 0 0 0 0 0 0 0 0 0 
0 0 0 0 0 0 0 0 0 0 0 0 0 0 0 0 0 
0 0 0 0 0 0 0 0 2.00036 0 0 0 0 0 0 0 0 
