1 0 0 0 0 0 0 0 0 0 0 0 0 0 0 0 0 
0 0 0 0 0 0 0 0 0 0 0 0 0 0 0 0 0 
0 16 0 0 0 0 0 0 0 0 0 0 0 0 0 0 0 
0 0 32 0 0 0 0 0 0 0 0 0 0 0 0 0 0 
0 0 88 95.7257 23.9157 0 0 0 7.90778 0 0 0 0 0 0 0 0 
0 0 0 255.974 255.591 191.275 95.6732 63.5183 0 0 0 0 0 0 0 0 0 
0 0 0 208.3 735.981 686.643 703.24 623.4 765.847 0 0 0 0 0 0 0 0 
0 0 0 0 576.306 1663.98 1824.76 1918.52 1598.72 0 0 0 0 0 0 0 0 
0 0 0 0 228.206 1249.34 2926.53 3681.79 4351.34 0 0 0 0 0 0 0 0 
0 0 0 0 0 448.346 1568.57 3134.43 3270.39 0 0 0 0 0 0 0 0 
0 0 0 0 0 128.409 768.645 1394.5 2113.27 0 0 0 0 0 0 0 0 
0 0 0 0 0 0 64.2134 511.654 576.138 0 0 0 0 0 0 0 0 
0 0 0 0 0 0 56.3685 96.0643 120.235 0 0 0 0 0 0 0 0 
0 0 0 0 0 0 0 0 64.1429 0 0 0 0 0 0 0 0 
0 0 0 0 0 0 0 16.1239 0 0 0 0 0 0 0 0 0 
0 0 0 0 0 0 0 0 0 0 0 0 0 0 0 0 0 
0 0 0 0 0 0 0 0 2.01227 0 0 0 0 0 0 0 0 
