1 0 0 0 0 0 0 0 0 0 0 0 0 0 0 0 0 
0 0 0 0 0 0 0 0 0 0 0 0 0 0 0 0 0 
0 16 0 0 0 0 0 0 0 0 0 0 0 0 0 0 0 
0 0 32 0 0 0 0 0 0 0 0 0 0 0 0 0 0 
0 0 88 96.0159 23.9313 0 0 0 8.02281 0 0 0 0 0 0 0 0 
0 0 0 255.782 255.517 192.052 95.9436 64.2423 0 0 0 0 0 0 0 0 0 
0 0 0 208.202 737.039 687.693 703.994 623.037 769.138 0 0 0 0 0 0 0 0 
0 0 0 0 575.84 1664.28 1825.48 1921.3 1600.73 0 0 0 0 0 0 0 0 
0 0 0 0 227.672 1248.64 2928.95 3682 4360.08 0 0 0 0 0 0 0 0 
0 0 0 0 0 447.589 1566.87 3135.18 3260.19 0 0 0 0 0 0 0 0 
0 0 0 0 0 127.747 767.052 1391.76 2111.06 0 0 0 0 0 0 0 0 
0 0 0 0 0 0 63.9698 510.847 575.765 0 0 0 0 0 0 0 0 
0 0 0 0 0 0 55.7418 95.6887 119.383 0 0 0 0 0 0 0 0 
0 0 0 0 0 0 0 0 63.6423 0 0 0 0 0 0 0 0 
0 0 0 0 0 0 0 15.9538 0 0 0 0 0 0 0 0 0 
0 0 0 0 0 0 0 0 0 0 0 0 0 0 0 0 0 
0 0 0 0 0 0 0 0 1.99731 0 0 0 0 0 0 0 0 
