1 0 0 0 0 0 0 0 0 0 0 0 0 0 0 0 1 
0 0 0 0 0 0 0 0 0 0 0 0 0 0 0 0 0 
0 16 0 0 0 0 0 0 0 0 0 0 0 0 0 16 0 
0 0 29.1508 0 0 0 0 0 0 0 0 0 0 0 34.8211 0 0 
0 0 90.8492 95.3964 27.5096 0 0 0 8.70074 0 0 0 27.418 105.449 85.1789 0 0 
0 0 0 261.859 272.996 223.955 116.728 67.7419 0 67.1644 104.526 195.468 262.175 239.029 0 0 0 
0 0 0 202.745 737.744 693.884 716.443 659.245 728.613 589.349 696.394 679.591 680.03 215.523 0 0 0 
0 0 0 0 548.245 1632.35 1749.13 1764.23 1477.6 1776.74 1673.83 1672.18 625.25 0 0 0 0 
0 0 0 0 233.506 1241.82 3057.86 3698.58 4359.9 3926.5 3007.33 1245.09 225.128 0 0 0 0 
0 0 0 0 0 447.131 1549.65 3354.47 3362.5 3081.94 1569.35 458.042 0 0 0 0 0 
0 0 0 0 0 128.858 691.693 1323.93 2175.24 1372.96 833.475 117.635 0 0 0 0 0 
0 0 0 0 0 0 68.4869 468.389 559.739 516.051 69.0872 0 0 0 0 0 0 
0 0 0 0 0 0 58.0106 87.6645 135.307 94.717 54.0157 0 0 0 0 0 0 
0 0 0 0 0 0 0 0 60.5132 0 0 0 0 0 0 0 0 
0 0 0 0 0 0 0 15.7481 0 14.5822 0 0 0 0 0 0 0 
0 0 0 0 0 0 0 0 0 0 0 0 0 0 0 0 0 
0 0 0 0 0 0 0 0 1.89642 0 0 0 0 0 0 0 0 
