1 0 0 0 0 0 0 0 0 0 0 0 0 0 0 0 0 
0 0 0 0 0 0 0 0 0 0 0 0 0 0 0 0 0 
0 16 0 0 0 0 0 0 0 0 0 0 0 0 0 0 0 
0 0 32 0 0 0 0 0 0 0 0 0 0 0 0 0 0 
0 0 88 96.2235 24.0744 0 0 0 8.00413 0 0 0 0 0 0 0 0 
0 0 0 256.041 256.4 192.213 96.1736 64.0492 0 0 0 0 0 0 0 0 0 
0 0 0 207.735 736.266 688.536 704.276 624.145 768.075 0 0 0 0 0 0 0 0 
0 0 0 0 575.493 1665.17 1825.15 1921.92 1602.09 0 0 0 0 0 0 0 0 
0 0 0 0 227.766 1247.49 2928.88 3682.61 4358.47 0 0 0 0 0 0 0 0 
0 0 0 0 0 447.141 1567.61 3135.38 3263.79 0 0 0 0 0 0 0 0 
0 0 0 0 0 127.451 766.483 1388.99 2109.39 0 0 0 0 0 0 0 0 
0 0 0 0 0 0 63.6586 511.27 574.639 0 0 0 0 0 0 0 0 
0 0 0 0 0 0 55.7662 95.7095 119.702 0 0 0 0 0 0 0 0 
0 0 0 0 0 0 0 0 63.8429 0 0 0 0 0 0 0 0 
0 0 0 0 0 0 0 15.9236 0 0 0 0 0 0 0 0 0 
0 0 0 0 0 0 0 0 0 0 0 0 0 0 0 0 0 
0 0 0 0 0 0 0 0 1.9909 0 0 0 0 0 0 0 0 
