1 0 0 0 0 0 0 0 0 0 0 0 0 0 0 0 0 
0 0 0 0 0 0 0 0 0 0 0 0 0 0 0 0 0 
0 16 0 0 0 0 0 0 0 0 0 0 0 0 0 0 0 
0 0 32 0 0 0 0 0 0 0 0 0 0 0 0 0 0 
0 0 88 96.0057 24.0014 0 0 0 8.01074 0 0 0 0 0 0 0 0 
0 0 0 255.989 255.949 192.022 95.9942 64.0859 0 0 0 0 0 0 0 0 0 
0 0 0 208.006 736.109 688.01 704.311 624.043 768.171 0 0 0 0 0 0 0 0 
0 0 0 0 575.929 1663.89 1823.61 1920.1 1600.1 0 0 0 0 0 0 0 0 
0 0 0 0 228.012 1248.09 2927.84 3679.68 4355.3 0 0 0 0 0 0 0 0 
0 0 0 0 0 447.991 1568.27 3135.85 3264.43 0 0 0 0 0 0 0 0 
0 0 0 0 0 127.994 767.974 1392.14 2111.98 0 0 0 0 0 0 0 0 
0 0 0 0 0 0 63.9666 512.15 575.949 0 0 0 0 0 0 0 0 
0 0 0 0 0 0 56.0248 95.9562 120.04 0 0 0 0 0 0 0 0 
0 0 0 0 0 0 0 0 64.017 0 0 0 0 0 0 0 0 
0 0 0 0 0 0 0 16.0071 0 0 0 0 0 0 0 0 0 
0 0 0 0 0 0 0 0 0 0 0 0 0 0 0 0 0 
0 0 0 0 0 0 0 0 2.00089 0 0 0 0 0 0 0 0 
