1 0 0 0 0 0 0 0 0 0 0 0 0 0 0 0 0 
0 0 0 0 0 0 0 0 0 0 0 0 0 0 0 0 0 
0 16 0 0 0 0 0 0 0 0 0 0 0 0 0 0 0 
0 0 32 0 0 0 0 0 0 0 0 0 0 0 0 0 0 
0 0 88 95.8907 23.9801 0 0 0 8.01647 0 0 0 0 0 0 0 0 
0 0 0 256.101 255.853 192.147 96.1495 64.0752 0 0 0 0 0 0 0 0 0 
0 0 0 208.009 735.834 688.86 704.315 624.613 768.808 0 0 0 0 0 0 0 0 
0 0 0 0 576.116 1663.9 1825.06 1920.58 1599.87 0 0 0 0 0 0 0 0 
0 0 0 0 228.218 1247.24 2927.94 3679.2 4354.07 0 0 0 0 0 0 0 0 
0 0 0 0 0 447.716 1567.19 3136.02 3262.86 0 0 0 0 0 0 0 0 
0 0 0 0 0 128.132 767.405 1391.49 2113.56 0 0 0 0 0 0 0 0 
0 0 0 0 0 0 63.9514 511.919 576.745 0 0 0 0 0 0 0 0 
0 0 0 0 0 0 55.9977 96.1509 120.068 0 0 0 0 0 0 0 0 
0 0 0 0 0 0 0 0 64.0026 0 0 0 0 0 0 0 0 
0 0 0 0 0 0 0 15.962 0 0 0 0 0 0 0 0 0 
0 0 0 0 0 0 0 0 0 0 0 0 0 0 0 0 0 
0 0 0 0 0 0 0 0 1.99735 0 0 0 0 0 0 0 0 
