1 0 0 0 0 0 0 0 0 0 0 0 0 0 0 0 0 
0 0 0 0 0 0 0 0 0 0 0 0 0 0 0 0 0 
0 16 0 0 0 0 0 0 0 0 0 0 0 0 0 0 0 
0 0 32 0 0 0 0 0 0 0 0 0 0 0 0 0 0 
0 0 88 95.9859 23.9965 0 0 0 8.00063 0 0 0 0 0 0 0 0 
0 0 0 256.028 255.999 191.985 96.0247 64.0051 0 0 0 0 0 0 0 0 0 
0 0 0 207.986 736.052 688.082 703.971 623.964 768.067 0 0 0 0 0 0 0 0 
0 0 0 0 575.914 1663.94 1824.25 1920.08 1600.11 0 0 0 0 0 0 0 0 
0 0 0 0 228.039 1248.01 2927.53 3679.97 4355.76 0 0 0 0 0 0 0 0 
0 0 0 0 0 447.895 1568.24 3136.07 3264.05 0 0 0 0 0 0 0 0 
0 0 0 0 0 128.082 767.957 1391.82 2111.91 0 0 0 0 0 0 0 0 
0 0 0 0 0 0 64.0039 512.075 576.072 0 0 0 0 0 0 0 0 
0 0 0 0 0 0 56.0236 96.0101 120.012 0 0 0 0 0 0 0 0 
0 0 0 0 0 0 0 0 64.0235 0 0 0 0 0 0 0 0 
0 0 0 0 0 0 0 16.0067 0 0 0 0 0 0 0 0 0 
0 0 0 0 0 0 0 0 0 0 0 0 0 0 0 0 0 
0 0 0 0 0 0 0 0 2.00084 0 0 0 0 0 0 0 0 
