1 0 0 0 0 0 0 0 0 0 0 0 0 0 0 0 0 
0 0 0 0 0 0 0 0 0 0 0 0 0 0 0 0 0 
0 16 0 0 0 0 0 0 0 0 0 0 0 0 0 0 0 
0 0 32 0 0 0 0 0 0 0 0 0 0 0 0 0 0 
0 0 88 96.0312 24.0489 0 0 0 8.03119 0 0 0 0 0 0 0 0 
0 0 0 256.002 256.204 192.115 96.163 64.232 0 0 0 0 0 0 0 0 0 
0 0 0 207.967 736.415 688.616 704.674 624.669 769.003 0 0 0 0 0 0 0 0 
0 0 0 0 575.67 1664.08 1823.78 1920.4 1599.83 0 0 0 0 0 0 0 0 
0 0 0 0 227.662 1247.34 2927.96 3680.2 4357.9 0 0 0 0 0 0 0 0 
0 0 0 0 0 447.878 1566.94 3135.29 3263 0 0 0 0 0 0 0 0 
0 0 0 0 0 127.972 768.397 1391.69 2110.55 0 0 0 0 0 0 0 0 
0 0 0 0 0 0 64.0749 511.458 575.793 0 0 0 0 0 0 0 0 
0 0 0 0 0 0 56.0184 96.0467 119.951 0 0 0 0 0 0 0 0 
0 0 0 0 0 0 0 0 63.9493 0 0 0 0 0 0 0 0 
0 0 0 0 0 0 0 16.0138 0 0 0 0 0 0 0 0 0 
0 0 0 0 0 0 0 0 0 0 0 0 0 0 0 0 0 
0 0 0 0 0 0 0 0 2.00097 0 0 0 0 0 0 0 0 
