1 0 0 0 0 0 0 0 0 0 0 0 0 0 0 0 0 
0 0 0 0 0 0 0 0 0 0 0 0 0 0 0 0 0 
0 16 0 0 0 0 0 0 0 0 0 0 0 0 0 0 0 
0 0 32 0 0 0 0 0 0 0 0 0 0 0 0 0 0 
0 0 88 96.001 23.9852 0 0 0 7.98656 0 0 0 0 0 0 0 0 
0 0 0 256.048 255.871 191.931 96.0601 63.9159 0 0 0 0 0 0 0 0 0 
0 0 0 207.951 736.323 688.196 704.711 624.66 767.737 0 0 0 0 0 0 0 0 
0 0 0 0 575.819 1664.94 1825.5 1919.96 1600.34 0 0 0 0 0 0 0 0 
0 0 0 0 228.001 1247.51 2926.21 3681.25 4359.89 0 0 0 0 0 0 0 0 
0 0 0 0 0 447.621 1567.9 3135.33 3263.93 0 0 0 0 0 0 0 0 
0 0 0 0 0 127.803 767.627 1390.99 2109.73 0 0 0 0 0 0 0 0 
0 0 0 0 0 0 63.9631 512.071 574.648 0 0 0 0 0 0 0 0 
0 0 0 0 0 0 56.0291 95.8346 119.848 0 0 0 0 0 0 0 0 
0 0 0 0 0 0 0 0 63.9009 0 0 0 0 0 0 0 0 
0 0 0 0 0 0 0 15.9952 0 0 0 0 0 0 0 0 0 
0 0 0 0 0 0 0 0 0 0 0 0 0 0 0 0 0 
0 0 0 0 0 0 0 0 1.99881 0 0 0 0 0 0 0 0 
