1 0 0 0 0 0 0 0 0 0 0 0 0 0 0 0 0 
0 0 0 0 0 0 0 0 0 0 0 0 0 0 0 0 0 
0 16 0 0 0 0 0 0 0 0 0 0 0 0 0 0 0 
0 0 32 0 0 0 0 0 0 0 0 0 0 0 0 0 0 
0 0 88 95.9925 23.9981 0 0 0 7.99619 0 0 0 0 0 0 0 0 
0 0 0 256.015 256.048 192.005 96.0014 63.9695 0 0 0 0 0 0 0 0 0 
0 0 0 207.992 735.944 688.066 704.025 624.113 767.844 0 0 0 0 0 0 0 0 
0 0 0 0 575.974 1663.94 1824.01 1919.76 1599.85 0 0 0 0 0 0 0 0 
0 0 0 0 228.035 1247.99 2928.02 3680.24 4356.27 0 0 0 0 0 0 0 0 
0 0 0 0 0 447.916 1567.91 3136.09 3264.57 0 0 0 0 0 0 0 0 
0 0 0 0 0 128.084 767.977 1391.7 2111.5 0 0 0 0 0 0 0 0 
0 0 0 0 0 0 64.0022 512.123 575.99 0 0 0 0 0 0 0 0 
0 0 0 0 0 0 56.0474 95.99 119.94 0 0 0 0 0 0 0 0 
0 0 0 0 0 0 0 0 64.0396 0 0 0 0 0 0 0 0 
0 0 0 0 0 0 0 16.0135 0 0 0 0 0 0 0 0 0 
0 0 0 0 0 0 0 0 0 0 0 0 0 0 0 0 0 
0 0 0 0 0 0 0 0 2.00169 0 0 0 0 0 0 0 0 
