1 0 0 0 0 0 0 0 0 0 0 0 0 0 0 0 0 
0 0 0 0 0 0 0 0 0 0 0 0 0 0 0 0 0 
0 16 0 0 0 0 0 0 0 0 0 0 0 0 0 0 0 
0 0 32 0 0 0 0 0 0 0 0 0 0 0 0 0 0 
0 0 88 96.0025 24.0006 0 0 0 7.99711 0 0 0 0 0 0 0 0 
0 0 0 255.995 256.048 192.06 95.9912 63.9769 0 0 0 0 0 0 0 0 0 
0 0 0 208.003 735.978 687.952 704.226 624.118 768.033 0 0 0 0 0 0 0 0 
0 0 0 0 575.898 1664.06 1823.82 1920.12 1600.12 0 0 0 0 0 0 0 0 
0 0 0 0 228.076 1247.84 2927.73 3679.81 4355.72 0 0 0 0 0 0 0 0 
0 0 0 0 0 448.027 1568.2 3135.93 3264.27 0 0 0 0 0 0 0 0 
0 0 0 0 0 128.061 768.018 1391.83 2111.77 0 0 0 0 0 0 0 0 
0 0 0 0 0 0 64.0199 512.192 576.014 0 0 0 0 0 0 0 0 
0 0 0 0 0 0 55.9893 96.0354 120.064 0 0 0 0 0 0 0 0 
0 0 0 0 0 0 0 0 64.0157 0 0 0 0 0 0 0 0 
0 0 0 0 0 0 0 15.9969 0 0 0 0 0 0 0 0 0 
0 0 0 0 0 0 0 0 0 0 0 0 0 0 0 0 0 
0 0 0 0 0 0 0 0 1.99962 0 0 0 0 0 0 0 0 
