1 0 0 0 0 0 0 0 0 0 0 0 0 0 0 0 0 
0 0 0 0 0 0 0 0 0 0 0 0 0 0 0 0 0 
0 16 0 0 0 0 0 0 0 0 0 0 0 0 0 0 0 
0 0 32 0 0 0 0 0 0 0 0 0 0 0 0 0 0 
0 0 88 96.0046 24.0012 0 0 0 8.00111 0 0 0 0 0 0 0 0 
0 0 0 255.991 256.049 192.029 96.0037 64.0088 0 0 0 0 0 0 0 0 0 
0 0 0 208.005 735.92 688.027 704.27 624.095 768.175 0 0 0 0 0 0 0 0 
0 0 0 0 576.009 1663.91 1823.86 1920.26 1600.08 0 0 0 0 0 0 0 0 
0 0 0 0 228.021 1247.96 2927.52 3679.5 4355.65 0 0 0 0 0 0 0 0 
0 0 0 0 0 448.099 1568.26 3135.96 3263.91 0 0 0 0 0 0 0 0 
0 0 0 0 0 127.976 768.08 1392.02 2112.06 0 0 0 0 0 0 0 0 
0 0 0 0 0 0 64.0612 512.104 576.14 0 0 0 0 0 0 0 0 
0 0 0 0 0 0 55.952 96.06 119.953 0 0 0 0 0 0 0 0 
0 0 0 0 0 0 0 0 64.0397 0 0 0 0 0 0 0 0 
0 0 0 0 0 0 0 15.9863 0 0 0 0 0 0 0 0 0 
0 0 0 0 0 0 0 0 0 0 0 0 0 0 0 0 0 
0 0 0 0 0 0 0 0 1.99828 0 0 0 0 0 0 0 0 
