1 0 0 0 0 0 0 0 0 0 0 0 0 0 0 0 0 
0 0 0 0 0 0 0 0 0 0 0 0 0 0 0 0 0 
0 16 0 0 0 0 0 0 0 0 0 0 0 0 0 0 0 
0 0 32 0 0 0 0 0 0 0 0 0 0 0 0 0 0 
0 0 88 96.1159 24.0333 0 0 0 8.00762 0 0 0 0 0 0 0 0 
0 0 0 256.02 256.222 192.237 96.1019 64.1164 0 0 0 0 0 0 0 0 0 
0 0 0 207.864 736.047 688.668 703.89 623.045 767.027 0 0 0 0 0 0 0 0 
0 0 0 0 575.843 1663.92 1824.76 1918.69 1600.6 0 0 0 0 0 0 0 0 
0 0 0 0 227.854 1247.49 2927.2 3680.94 4355.05 0 0 0 0 0 0 0 0 
0 0 0 0 0 447.668 1568.39 3136.69 3264.65 0 0 0 0 0 0 0 0 
0 0 0 0 0 128.022 767.713 1392.7 2112.96 0 0 0 0 0 0 0 0 
0 0 0 0 0 0 63.8211 511.867 575.509 0 0 0 0 0 0 0 0 
0 0 0 0 0 0 56.1216 95.9121 120.113 0 0 0 0 0 0 0 0 
0 0 0 0 0 0 0 0 64.0735 0 0 0 0 0 0 0 0 
0 0 0 0 0 0 0 16.0357 0 0 0 0 0 0 0 0 0 
0 0 0 0 0 0 0 0 0 0 0 0 0 0 0 0 0 
0 0 0 0 0 0 0 0 2.00314 0 0 0 0 0 0 0 0 
