1 0 0 0 0 0 0 0 0 0 0 0 0 0 0 0 0 
0 0 0 0 0 0 0 0 0 0 0 0 0 0 0 0 0 
0 16 0 0 0 0 0 0 0 0 0 0 0 0 0 0 0 
0 0 32 0 0 0 0 0 0 0 0 0 0 0 0 0 0 
0 0 88 96.0045 24.0011 0 0 0 8.00524 0 0 0 0 0 0 0 0 
0 0 0 255.991 256.03 192.031 96.0298 64.0419 0 0 0 0 0 0 0 0 0 
0 0 0 208.004 735.995 687.924 703.973 624.038 767.83 0 0 0 0 0 0 0 0 
0 0 0 0 575.914 1664.11 1824.25 1919.84 1600.32 0 0 0 0 0 0 0 0 
0 0 0 0 228.059 1247.87 2927.39 3679.95 4355.87 0 0 0 0 0 0 0 0 
0 0 0 0 0 448.061 1568.44 3136.27 3263.77 0 0 0 0 0 0 0 0 
0 0 0 0 0 127.997 767.902 1391.85 2112.32 0 0 0 0 0 0 0 0 
0 0 0 0 0 0 64.0148 511.977 575.925 0 0 0 0 0 0 0 0 
0 0 0 0 0 0 55.9982 96.0346 119.958 0 0 0 0 0 0 0 0 
0 0 0 0 0 0 0 0 63.9985 0 0 0 0 0 0 0 0 
0 0 0 0 0 0 0 15.9995 0 0 0 0 0 0 0 0 0 
0 0 0 0 0 0 0 0 0 0 0 0 0 0 0 0 0 
0 0 0 0 0 0 0 0 1.99993 0 0 0 0 0 0 0 0 
