1 0 0 0 0 0 0 0 0 0 0 0 0 0 0 0 0 
0 0 0 0 0 0 0 0 0 0 0 0 0 0 0 0 0 
0 16 0 0 0 0 0 0 0 0 0 0 0 0 0 0 0 
0 0 32 0 0 0 0 0 0 0 0 0 0 0 0 0 0 
0 0 88 96.0061 24.0015 0 0 0 8.00238 0 0 0 0 0 0 0 0 
0 0 0 255.988 256.014 191.991 96.0227 64.0191 0 0 0 0 0 0 0 0 0 
0 0 0 208.006 735.944 687.874 704.023 624.015 768.157 0 0 0 0 0 0 0 0 
0 0 0 0 576.064 1664.26 1823.64 1919.85 1599.79 0 0 0 0 0 0 0 0 
0 0 0 0 227.976 1247.86 2928.38 3680.02 4356.05 0 0 0 0 0 0 0 0 
0 0 0 0 0 448.045 1568.05 3136.18 3263.83 0 0 0 0 0 0 0 0 
0 0 0 0 0 127.967 767.956 1391.99 2112.14 0 0 0 0 0 0 0 0 
0 0 0 0 0 0 63.937 511.911 576.098 0 0 0 0 0 0 0 0 
0 0 0 0 0 0 55.9945 96.0109 119.982 0 0 0 0 0 0 0 0 
0 0 0 0 0 0 0 0 63.9572 0 0 0 0 0 0 0 0 
0 0 0 0 0 0 0 15.9984 0 0 0 0 0 0 0 0 0 
0 0 0 0 0 0 0 0 0 0 0 0 0 0 0 0 0 
0 0 0 0 0 0 0 0 1.9998 0 0 0 0 0 0 0 0 
