1 0 0 0 0 0 0 0 0 0 0 0 0 0 0 0 0 
0 0 0 0 0 0 0 0 0 0 0 0 0 0 0 0 0 
0 16 0 0 0 0 0 0 0 0 0 0 0 0 0 0 0 
0 0 32 0 0 0 0 0 0 0 0 0 0 0 0 0 0 
0 0 88 96.0159 24.004 0 0 0 8.00271 0 0 0 0 0 0 0 0 
0 0 0 255.968 256.009 192.057 96.0423 64.0217 0 0 0 0 0 0 0 0 0 
0 0 0 208.016 735.948 687.914 703.997 624.054 767.947 0 0 0 0 0 0 0 0 
0 0 0 0 576.061 1663.97 1823.72 1920.38 1600.46 0 0 0 0 0 0 0 0 
0 0 0 0 227.978 1248.11 2928.33 3679.07 4355.72 0 0 0 0 0 0 0 0 
0 0 0 0 0 447.933 1568.01 3136.36 3263.77 0 0 0 0 0 0 0 0 
0 0 0 0 0 128.018 767.896 1392.13 2111.82 0 0 0 0 0 0 0 0 
0 0 0 0 0 0 64.0075 512.013 576.189 0 0 0 0 0 0 0 0 
0 0 0 0 0 0 56.0039 95.9701 120.022 0 0 0 0 0 0 0 0 
0 0 0 0 0 0 0 0 64.0583 0 0 0 0 0 0 0 0 
0 0 0 0 0 0 0 16.0011 0 0 0 0 0 0 0 0 0 
0 0 0 0 0 0 0 0 0 0 0 0 0 0 0 0 0 
0 0 0 0 0 0 0 0 2.00014 0 0 0 0 0 0 0 0 
