1 0 0 0 0 0 0 0 0 0 0 0 0 0 0 0 0 
0 0 0 0 0 0 0 0 0 0 0 0 0 0 0 0 0 
0 16 0 0 0 0 0 0 0 0 0 0 0 0 0 0 0 
0 0 32 0 0 0 0 0 0 0 0 0 0 0 0 0 0 
0 0 88 96.0008 24.0002 0 0 0 8.0051 0 0 0 0 0 0 0 0 
0 0 0 255.998 255.999 192.015 95.9864 64.0408 0 0 0 0 0 0 0 0 0 
0 0 0 208.001 735.998 687.823 703.937 623.851 767.867 0 0 0 0 0 0 0 0 
0 0 0 0 576.007 1664.32 1824.1 1920.24 1600.08 0 0 0 0 0 0 0 0 
0 0 0 0 227.996 1247.84 2928.12 3679.64 4355.87 0 0 0 0 0 0 0 0 
0 0 0 0 0 447.968 1567.78 3136.27 3264.45 0 0 0 0 0 0 0 0 
0 0 0 0 0 128.024 768.081 1392.07 2111.99 0 0 0 0 0 0 0 0 
0 0 0 0 0 0 63.9864 511.873 575.578 0 0 0 0 0 0 0 0 
0 0 0 0 0 0 56.0065 96.0063 120.104 0 0 0 0 0 0 0 0 
0 0 0 0 0 0 0 0 64.0523 0 0 0 0 0 0 0 0 
0 0 0 0 0 0 0 16.0019 0 0 0 0 0 0 0 0 0 
0 0 0 0 0 0 0 0 0 0 0 0 0 0 0 0 0 
0 0 0 0 0 0 0 0 2.00023 0 0 0 0 0 0 0 0 
