1 0 0 0 0 0 0 0 0 0 0 0 0 0 0 0 0 
0 0 0 0 0 0 0 0 0 0 0 0 0 0 0 0 0 
0 16 0 0 0 0 0 0 0 0 0 0 0 0 0 0 0 
0 0 32 0 0 0 0 0 0 0 0 0 0 0 0 0 0 
0 0 88 95.8675 23.9404 0 0 0 7.95769 0 0 0 0 0 0 0 0 
0 0 0 255.967 255.614 191.79 95.9005 63.6832 0 0 0 0 0 0 0 0 0 
0 0 0 208.166 735.696 687.481 703.445 623.55 767.306 0 0 0 0 0 0 0 0 
0 0 0 0 576.492 1663.66 1824.12 1918.94 1599.08 0 0 0 0 0 0 0 0 
0 0 0 0 228.258 1248.11 2926.12 3681.44 4356.66 0 0 0 0 0 0 0 0 
0 0 0 0 0 448.927 1568.61 3135.88 3265.16 0 0 0 0 0 0 0 0 
0 0 0 0 0 128.024 769.546 1391.84 2111.29 0 0 0 0 0 0 0 0 
0 0 0 0 0 0 64.2105 512.458 576.44 0 0 0 0 0 0 0 0 
0 0 0 0 0 0 56.0418 96.1993 120.019 0 0 0 0 0 0 0 0 
0 0 0 0 0 0 0 0 64.0846 0 0 0 0 0 0 0 0 
0 0 0 0 0 0 0 16.0105 0 0 0 0 0 0 0 0 0 
0 0 0 0 0 0 0 0 0 0 0 0 0 0 0 0 0 
0 0 0 0 0 0 0 0 1.99912 0 0 0 0 0 0 0 0 
