1 0 0 0 0 0 0 0 0 0 0 0 0 0 0 0 0 
0 0 0 0 0 0 0 0 0 0 0 0 0 0 0 0 0 
0 16 0 0 0 0 0 0 0 0 0 0 0 0 0 0 0 
0 0 32 0 0 0 0 0 0 0 0 0 0 0 0 0 0 
0 0 88 95.9853 23.9963 0 0 0 8.00122 0 0 0 0 0 0 0 0 
0 0 0 256.029 256.051 192.037 96.023 64.0097 0 0 0 0 0 0 0 0 0 
0 0 0 207.985 735.986 688.051 704.128 623.988 768.016 0 0 0 0 0 0 0 0 
0 0 0 0 575.889 1663.91 1823.85 1919.94 1600.14 0 0 0 0 0 0 0 0 
0 0 0 0 228.077 1247.98 2928.03 3680.46 4355.96 0 0 0 0 0 0 0 0 
0 0 0 0 0 447.924 1567.87 3135.43 3263.84 0 0 0 0 0 0 0 0 
0 0 0 0 0 128.097 768.038 1392.05 2111.84 0 0 0 0 0 0 0 0 
0 0 0 0 0 0 64.0245 512.096 576.137 0 0 0 0 0 0 0 0 
0 0 0 0 0 0 56.0379 96.0121 120.052 0 0 0 0 0 0 0 0 
0 0 0 0 0 0 0 0 64.0047 0 0 0 0 0 0 0 0 
0 0 0 0 0 0 0 16.0108 0 0 0 0 0 0 0 0 0 
0 0 0 0 0 0 0 0 0 0 0 0 0 0 0 0 0 
0 0 0 0 0 0 0 0 2.00135 0 0 0 0 0 0 0 0 
