1 0 0 0 0 0 0 0 0 0 0 0 0 0 0 0 0 
0 0 0 0 0 0 0 0 0 0 0 0 0 0 0 0 0 
0 16 0 0 0 0 0 0 0 0 0 0 0 0 0 0 0 
0 0 32 0 0 0 0 0 0 0 0 0 0 0 0 0 0 
0 0 88 96.0031 24.0008 0 0 0 7.99776 0 0 0 0 0 0 0 0 
0 0 0 255.994 255.939 191.963 95.9157 63.9821 0 0 0 0 0 0 0 0 0 
0 0 0 208.003 736.08 687.946 704.143 624.075 767.809 0 0 0 0 0 0 0 0 
0 0 0 0 576.021 1664.13 1823.93 1919.84 1600.16 0 0 0 0 0 0 0 0 
0 0 0 0 227.959 1248.05 2927.99 3680.23 4356.27 0 0 0 0 0 0 0 0 
0 0 0 0 0 447.91 1568.1 3135.71 3263.76 0 0 0 0 0 0 0 0 
0 0 0 0 0 128.001 767.942 1392.3 2112.07 0 0 0 0 0 0 0 0 
0 0 0 0 0 0 63.9635 511.832 575.93 0 0 0 0 0 0 0 0 
0 0 0 0 0 0 56.023 96.0197 119.972 0 0 0 0 0 0 0 0 
0 0 0 0 0 0 0 0 64.0374 0 0 0 0 0 0 0 0 
0 0 0 0 0 0 0 16.0066 0 0 0 0 0 0 0 0 0 
0 0 0 0 0 0 0 0 0 0 0 0 0 0 0 0 0 
0 0 0 0 0 0 0 0 2.00082 0 0 0 0 0 0 0 0 
