1 0 0 0 0 0 0 0 0 0 0 0 0 0 0 0 0 
0 0 0 0 0 0 0 0 0 0 0 0 0 0 0 0 0 
0 16 0 0 0 0 0 0 0 0 0 0 0 0 0 0 0 
0 0 32 0 0 0 0 0 0 0 0 0 0 0 0 0 0 
0 0 88 96.0095 24.0024 0 0 0 7.99828 0 0 0 0 0 0 0 0 
0 0 0 255.981 255.953 192.021 96.0064 63.9862 0 0 0 0 0 0 0 0 0 
0 0 0 208.01 736.08 688.12 703.941 623.864 767.893 0 0 0 0 0 0 0 0 
0 0 0 0 575.972 1663.71 1824.37 1920.4 1600.2 0 0 0 0 0 0 0 0 
0 0 0 0 227.993 1248.15 2927.66 3679.68 4355.94 0 0 0 0 0 0 0 0 
0 0 0 0 0 447.969 1567.85 3136.15 3263.85 0 0 0 0 0 0 0 0 
0 0 0 0 0 128.025 768.158 1391.89 2112.25 0 0 0 0 0 0 0 0 
0 0 0 0 0 0 64.0011 511.996 575.837 0 0 0 0 0 0 0 0 
0 0 0 0 0 0 56.0252 96.0324 119.999 0 0 0 0 0 0 0 0 
0 0 0 0 0 0 0 0 64.0251 0 0 0 0 0 0 0 0 
0 0 0 0 0 0 0 16.0072 0 0 0 0 0 0 0 0 0 
0 0 0 0 0 0 0 0 0 0 0 0 0 0 0 0 0 
0 0 0 0 0 0 0 0 2.0009 0 0 0 0 0 0 0 0 
