1 0 0 0 0 0 0 0 0 0 0 0 0 0 0 0 0 
0 0 0 0 0 0 0 0 0 0 0 0 0 0 0 0 0 
0 16 0 0 0 0 0 0 0 0 0 0 0 0 0 0 0 
0 0 32 0 0 0 0 0 0 0 0 0 0 0 0 0 0 
0 0 88 95.9869 24.0141 0 0 0 8.01635 0 0 0 0 0 0 0 0 
0 0 0 255.892 256.047 191.876 95.9515 64.1741 0 0 0 0 0 0 0 0 0 
0 0 0 208.121 735.878 687.981 703.667 624.009 768.232 0 0 0 0 0 0 0 0 
0 0 0 0 576.205 1664.79 1824.29 1922.66 1600.86 0 0 0 0 0 0 0 0 
0 0 0 0 227.855 1248.13 2928.52 3679.89 4355.99 0 0 0 0 0 0 0 0 
0 0 0 0 0 447.328 1567.88 3135.07 3266.18 0 0 0 0 0 0 0 0 
0 0 0 0 0 127.893 767.81 1390.54 2109.48 0 0 0 0 0 0 0 0 
0 0 0 0 0 0 63.9299 511.743 575.693 0 0 0 0 0 0 0 0 
0 0 0 0 0 0 55.945 95.9146 119.639 0 0 0 0 0 0 0 0 
0 0 0 0 0 0 0 0 63.9138 0 0 0 0 0 0 0 0 
0 0 0 0 0 0 0 15.9952 0 0 0 0 0 0 0 0 0 
0 0 0 0 0 0 0 0 0 0 0 0 0 0 0 0 0 
0 0 0 0 0 0 0 0 1.99893 0 0 0 0 0 0 0 0 
