1 0 0 0 0 0 0 0 0 0 0 0 0 0 0 0 0 
0 0 0 0 0 0 0 0 0 0 0 0 0 0 0 0 0 
0 16 0 0 0 0 0 0 0 0 0 0 0 0 0 0 0 
0 0 32 0 0 0 0 0 0 0 0 0 0 0 0 0 0 
0 0 88 95.9964 23.9991 0 0 0 7.99183 0 0 0 0 0 0 0 0 
0 0 0 256.007 255.997 191.976 95.9598 63.9346 0 0 0 0 0 0 0 0 0 
0 0 0 207.996 736.001 688.047 704.147 624.136 768.029 0 0 0 0 0 0 0 0 
0 0 0 0 576.009 1664.01 1823.93 1919.81 1599.86 0 0 0 0 0 0 0 0 
0 0 0 0 227.993 1247.91 2927.96 3680.1 4355.67 0 0 0 0 0 0 0 0 
0 0 0 0 0 448.088 1567.9 3135.8 3264.63 0 0 0 0 0 0 0 0 
0 0 0 0 0 127.972 768.115 1392.54 2112.03 0 0 0 0 0 0 0 0 
0 0 0 0 0 0 63.9893 511.725 575.928 0 0 0 0 0 0 0 0 
0 0 0 0 0 0 56.0011 95.9578 119.919 0 0 0 0 0 0 0 0 
0 0 0 0 0 0 0 0 63.9476 0 0 0 0 0 0 0 0 
0 0 0 0 0 0 0 16.0003 0 0 0 0 0 0 0 0 0 
0 0 0 0 0 0 0 0 0 0 0 0 0 0 0 0 0 
0 0 0 0 0 0 0 0 2.00004 0 0 0 0 0 0 0 0 
