1 0 0 0 0 0 0 0 0 0 0 0 0 0 0 0 1 
0 0 0 0 0 0 0 0 0 0 0 0 0 0 0 0 0 
0 16 0 0 0 0 0 0 0 0 0 0 0 0 0 16 0 
0 0 31.79 0 0 0 0 0 0 0 0 0 0 0 33.1313 0 0 
0 0 88.21 97.002 23.8195 0 0 0 8.09733 0 0 0 23.9212 96.8856 86.8687 0 0 
0 0 0 254.868 255.59 192.592 94.4272 62.9469 0 63.4636 97.9794 194.59 255.634 256.127 0 0 0 
0 0 0 208.13 743.492 691.327 717.955 621.377 771.394 638.325 702.298 683.905 738.404 206.987 0 0 0 
0 0 0 0 570.602 1664.81 1836.08 1927.6 1600.64 1912.45 1825.05 1646.47 574.549 0 0 0 0 
0 0 0 0 226.496 1244.06 2906.95 3706.72 4367.94 3693.83 2933.52 1265.97 227.492 0 0 0 0 
0 0 0 0 0 445.254 1562.63 3112.94 3251.15 3123.45 1569.4 447.115 0 0 0 0 0 
0 0 0 0 0 129.953 768.732 1382.05 2100.83 1378.79 756.886 129.947 0 0 0 0 0 
0 0 0 0 0 0 64.4213 513.742 581.095 515.527 66.4245 0 0 0 0 0 0 
0 0 0 0 0 0 56.8159 96.3627 122.05 97.8788 56.4438 0 0 0 0 0 0 
0 0 0 0 0 0 0 0 64.8501 0 0 0 0 0 0 0 0 
0 0 0 0 0 0 0 16.2613 0 16.2889 0 0 0 0 0 0 0 
0 0 0 0 0 0 0 0 0 0 0 0 0 0 0 0 0 
0 0 0 0 0 0 0 0 1.9534 0 0 0 0 0 0 0 0 
