1 0 0 0 0 0 0 0 0 0 0 0 0 0 0 0 1 
0 0 0 0 0 0 0 0 0 0 0 0 0 0 0 0 0 
0 16 0 0 0 0 0 0 0 0 0 0 0 0 0 16 0 
0 0 32.5919 0 0 0 0 0 0 0 0 0 0 0 32.4705 0 0 
0 0 87.4081 95.6757 24.1792 0 0 0 7.82731 0 0 0 25.0284 94.9183 87.5295 0 0 
0 0 0 252.63 256.254 192.022 95.9531 62.8869 0 65.5866 99.6541 193.187 254.159 257.223 0 0 0 
0 0 0 211.695 725.087 706.819 716.893 647.286 780.562 629.209 725.217 688.336 743.951 207.859 0 0 0 
0 0 0 0 584.684 1656.88 1860.25 1929.03 1616.92 1970.17 1789.39 1673.77 569.979 0 0 0 0 
0 0 0 0 229.795 1243.33 2930.31 3689.28 4375.41 3705.02 2977.99 1246.5 226.882 0 0 0 0 
0 0 0 0 0 438.311 1543.08 3088.42 3243.98 3096.49 1530.18 438.637 0 0 0 0 0 
0 0 0 0 0 130.637 740.981 1399.41 2073.46 1357.07 765.189 127.57 0 0 0 0 0 
0 0 0 0 0 0 62.8045 512.94 583.385 498.573 65.2241 0 0 0 0 0 0 
0 0 0 0 0 0 57.7223 94.2628 120.812 100.85 55.1518 0 0 0 0 0 0 
0 0 0 0 0 0 0 0 65.5904 0 0 0 0 0 0 0 0 
0 0 0 0 0 0 0 16.497 0 17.0309 0 0 0 0 0 0 0 
0 0 0 0 0 0 0 0 0 0 0 0 0 0 0 0 0 
0 0 0 0 0 0 0 0 2.04935 0 0 0 0 0 0 0 0 
