1 0 0 0 0 0 0 0 0 0 0 0 0 0 0 0 1 
0 0 0 0 0 0 0 0 0 0 0 0 0 0 0 0 0 
0 16 0 0 0 0 0 0 0 0 0 0 0 0 0 16 0 
0 0 32.444 0 0 0 0 0 0 0 0 0 0 0 32.4003 0 0 
0 0 87.556 95.4108 24.9892 0 0 0 8.19164 0 0 0 23.7895 98.5154 87.5997 0 0 
0 0 0 250.76 257.516 195.814 98.5682 68.2613 0 64.2499 92.0008 181.212 251.146 252.124 0 0 0 
0 0 0 213.829 740.187 697.624 698.014 620.632 786.563 616.484 694.191 679.9 736.799 209.361 0 0 0 
0 0 0 0 567.473 1666.22 1837.02 1903.86 1607.49 1958.96 1808.44 1648.59 581.506 0 0 0 0 
0 0 0 0 229.835 1235.62 2948.2 3684.73 4330.92 3681.29 2966.89 1293.1 226.76 0 0 0 0 
0 0 0 0 0 444.991 1534.5 3122.48 3286.25 3140.87 1564.41 438.226 0 0 0 0 0 
0 0 0 0 0 127.723 772.218 1412.13 2073.69 1364.02 761.766 126.97 0 0 0 0 0 
0 0 0 0 0 0 64.0919 518.398 593.696 504.168 66.3941 0 0 0 0 0 0 
0 0 0 0 0 0 55.382 93.4567 119.719 94.5589 53.9021 0 0 0 0 0 0 
0 0 0 0 0 0 0 0 61.4567 0 0 0 0 0 0 0 0 
0 0 0 0 0 0 0 16.0578 0 15.4075 0 0 0 0 0 0 0 
0 0 0 0 0 0 0 0 0 0 0 0 0 0 0 0 0 
0 0 0 0 0 0 0 0 2.0202 0 0 0 0 0 0 0 0 
