1 0 0 0 0 0 0 0 0 0 0 0 0 0 0 0 1 
0 0 0 0 0 0 0 0 0 0 0 0 0 0 0 0 0 
0 16 0 0 0 0 0 0 0 0 0 0 0 0 0 16 0 
0 0 30.818 0 0 0 0 0 0 0 0 0 0 0 30.7314 0 0 
0 0 89.182 100.719 23.1749 0 0 0 7.49418 0 0 0 25.9725 91.6055 89.2686 0 0 
0 0 0 254.328 256.109 191.222 99.5718 66.3137 0 64.2833 95.4439 192.036 246.148 251.142 0 0 0 
0 0 0 204.953 736.105 691.731 702.552 606.134 748.816 615.042 704.244 678.304 723.074 217.252 0 0 0 
0 0 0 0 585.204 1629.26 1808.52 1952.49 1572.23 1874.49 1769.65 1664.33 578.461 0 0 0 0 
0 0 0 0 219.406 1275.49 2908.23 3591.83 4316.8 3650.25 2915.5 1228.77 246.345 0 0 0 0 
0 0 0 0 0 451.707 1571.39 3160.13 3259.55 3182.06 1619.76 472.923 0 0 0 0 0 
0 0 0 0 0 128.59 795.135 1417.6 2187.45 1413.18 782.797 131.64 0 0 0 0 0 
0 0 0 0 0 0 64.3711 532.529 585.692 526.449 61.3527 0 0 0 0 0 0 
0 0 0 0 0 0 58.2256 96.9955 124.736 96.8337 59.2488 0 0 0 0 0 0 
0 0 0 0 0 0 0 0 65.149 0 0 0 0 0 0 0 0 
0 0 0 0 0 0 0 15.9818 0 17.4142 0 0 0 0 0 0 0 
0 0 0 0 0 0 0 0 0 0 0 0 0 0 0 0 0 
0 0 0 0 0 0 0 0 2.08507 0 0 0 0 0 0 0 0 
