1 0 0 0 0 0 0 0 0 0 0 0 0 0 0 0 1 
0 0 0 0 0 0 0 0 0 0 0 0 0 0 0 0 0 
0 16 0 0 0 0 0 0 0 0 0 0 0 0 0 16 0 
0 0 31.9646 0 0 0 0 0 0 0 0 0 0 0 31.4463 0 0 
0 0 88.0354 97.4408 25.4464 0 0 0 8.29779 0 0 0 21.323 94.6756 88.5537 0 0 
0 0 0 254.634 247.015 196.746 96.7472 64.9709 0 63.6776 90.1194 186.33 263.811 251.327 0 0 0 
0 0 0 207.925 737.952 693.642 734.828 632.866 769.767 638.779 694.021 696.74 733.681 213.997 0 0 0 
0 0 0 0 589.256 1648.1 1796.36 1884 1566.29 1915.15 1853.83 1674.09 562.321 0 0 0 0 
0 0 0 0 220.331 1259.04 2973.39 3767.21 4333.83 3661.12 2891.45 1236.81 238.864 0 0 0 0 
0 0 0 0 0 438.556 1537.11 3098.37 3283.06 3115.01 1582.36 432.598 0 0 0 0 0 
0 0 0 0 0 131.918 748.69 1360.18 2158.74 1405.86 772.521 141.434 0 0 0 0 0 
0 0 0 0 0 0 66.1845 523.987 565.684 521.001 65.0034 0 0 0 0 0 0 
0 0 0 0 0 0 54.7005 93.8652 118.195 102.505 58.6963 0 0 0 0 0 0 
0 0 0 0 0 0 0 0 64.1767 0 0 0 0 0 0 0 0 
0 0 0 0 0 0 0 14.5536 0 16.8961 0 0 0 0 0 0 0 
0 0 0 0 0 0 0 0 0 0 0 0 0 0 0 0 0 
0 0 0 0 0 0 0 0 1.96012 0 0 0 0 0 0 0 0 
