1 0 0 0 0 0 0 0 0 0 0 0 0 0 0 0 1 
0 0 0 0 0 0 0 0 0 0 0 0 0 0 0 0 0 
0 16 0 0 0 0 0 0 0 0 0 0 0 0 0 16 0 
0 0 32.4859 0 0 0 0 0 0 0 0 0 0 0 31.6802 0 0 
0 0 87.5141 95.0893 23.2775 0 0 0 8.08068 0 0 0 21.5092 98.5438 88.3198 0 0 
0 0 0 258.438 256.334 186.95 96.0083 63.4001 0 63.8664 91.9015 180.116 251.914 246.73 0 0 0 
0 0 0 206.473 726.264 689.3 705.197 626.864 768.008 614.131 681.797 681.141 728.978 214.726 0 0 0 
0 0 0 0 588.137 1642.24 1797.29 1895.65 1584.52 1862.14 1835.24 1674.81 587.804 0 0 0 0 
0 0 0 0 225.988 1281.36 2921.45 3644.4 4375.25 3787.66 2941.3 1241.82 229.794 0 0 0 0 
0 0 0 0 0 440.316 1569.42 3141.3 3313.48 3087.7 1560.43 463.517 0 0 0 0 0 
0 0 0 0 0 127.828 799.89 1426.74 2068.6 1397.45 771.599 126.596 0 0 0 0 0 
0 0 0 0 0 0 63.5309 530.05 565.249 515.687 68.136 0 0 0 0 0 0 
0 0 0 0 0 0 55.212 95.007 120.85 95.2559 57.5974 0 0 0 0 0 0 
0 0 0 0 0 0 0 0 63.8741 0 0 0 0 0 0 0 0 
0 0 0 0 0 0 0 16.5905 0 16.1088 0 0 0 0 0 0 0 
0 0 0 0 0 0 0 0 0 0 0 0 0 0 0 0 0 
0 0 0 0 0 0 0 0 2.08316 0 0 0 0 0 0 0 0 
