1 0 0 0 0 0 0 0 0 0 0 0 0 0 0 0 1 
0 0 0 0 0 0 0 0 0 0 0 0 0 0 0 0 0 
0 16 0 0 0 0 0 0 0 0 0 0 0 0 0 16 0 
0 0 30.2613 0 0 0 0 0 0 0 0 0 0 0 32.4995 0 0 
0 0 89.7387 94.3196 25.1359 0 0 0 7.69374 0 0 0 23.5963 93.7226 87.5005 0 0 
0 0 0 252.807 251.848 195.54 98.8207 64.6839 0 62.8227 100.296 192.031 250.955 258.562 0 0 0 
0 0 0 212.873 737.757 683.075 717.487 627.594 783.959 648.044 711.881 697.436 747.173 207.716 0 0 0 
0 0 0 0 575.058 1661.65 1833.15 1895.77 1620.75 1911.86 1807.35 1640.15 582.069 0 0 0 0 
0 0 0 0 230.201 1243.92 2899.58 3714.85 4325.98 3645.8 2924.82 1262.38 216.206 0 0 0 0 
0 0 0 0 0 460.099 1560.31 3112.87 3274.86 3154.91 1562.47 450.95 0 0 0 0 0 
0 0 0 0 0 123.719 780.345 1402.54 2086.78 1382.32 780.764 125.055 0 0 0 0 0 
0 0 0 0 0 0 65.3166 510.717 579.912 519.946 63.4943 0 0 0 0 0 0 
0 0 0 0 0 0 52.9852 95.4347 122.878 97.9159 56.9156 0 0 0 0 0 0 
0 0 0 0 0 0 0 0 65.1019 0 0 0 0 0 0 0 0 
0 0 0 0 0 0 0 15.5339 0 16.3791 0 0 0 0 0 0 0 
0 0 0 0 0 0 0 0 0 0 0 0 0 0 0 0 0 
0 0 0 0 0 0 0 0 2.08332 0 0 0 0 0 0 0 0 
