1 0 0 0 0 0 0 0 0 0 0 0 0 0 0 0 1 
0 0 0 0 0 0 0 0 0 0 0 0 0 0 0 0 0 
0 16 0 0 0 0 0 0 0 0 0 0 0 0 0 16 0 
0 0 33.6399 0 0 0 0 0 0 0 0 0 0 0 32.3279 0 0 
0 0 86.3601 97.4888 25.7139 0 0 0 7.9403 0 0 0 23.3187 94.9052 87.6721 0 0 
0 0 0 258.183 260.807 194.897 94.6386 63.8454 0 62.5456 95.6922 194.822 260.129 253.53 0 0 0 
0 0 0 204.328 736.645 683.355 711.442 619.084 757.668 636.75 703.691 687.367 716.471 211.565 0 0 0 
0 0 0 0 570.05 1662.12 1830.9 1969.49 1629.62 1885.38 1847.87 1651.31 584.58 0 0 0 0 
0 0 0 0 226.783 1272.52 2949.53 3690.71 4343.59 3695.84 2917 1243.61 235.501 0 0 0 0 
0 0 0 0 0 428.972 1540.35 3090.18 3261.02 3179.31 1551.36 457.445 0 0 0 0 0 
0 0 0 0 0 126.136 763.31 1387.67 2107.34 1334.38 765.322 133.446 0 0 0 0 0 
0 0 0 0 0 0 64.2543 506.277 575.654 532.203 70.1608 0 0 0 0 0 0 
0 0 0 0 0 0 53.5743 97.4175 122.449 96.7242 56.9038 0 0 0 0 0 0 
0 0 0 0 0 0 0 0 62.7392 0 0 0 0 0 0 0 0 
0 0 0 0 0 0 0 15.3217 0 16.864 0 0 0 0 0 0 0 
0 0 0 0 0 0 0 0 0 0 0 0 0 0 0 0 0 
0 0 0 0 0 0 0 0 1.98244 0 0 0 0 0 0 0 0 
