1 0 0 0 0 0 0 0 0 0 0 0 0 0 0 0 1 
0 0 0 0 0 0 0 0 0 0 0 0 0 0 0 0 0 
0 16 0 0 0 0 0 0 0 0 0 0 0 0 0 16 0 
0 0 32.99 0 0 0 0 0 0 0 0 0 0 0 33.0098 0 0 
0 0 87.01 93.0726 22.7137 0 0 0 8.55528 0 0 0 24.3198 94.9702 86.9902 0 0 
0 0 0 256.303 251.086 191.165 96.4528 65.6431 0 63.8216 98.036 198.505 254.065 257.555 0 0 0 
0 0 0 210.624 745.48 670.433 684.765 622.752 756.275 603.807 701.873 686.245 738.904 207.475 0 0 0 
0 0 0 0 564.718 1667.36 1832.11 1953.72 1577.11 1897.09 1848.28 1659.56 571.969 0 0 0 0 
0 0 0 0 236.002 1253.67 2928.79 3645 4418.04 3703.59 2882.28 1250.21 230.742 0 0 0 0 
0 0 0 0 0 451.357 1572.79 3140.61 3244.89 3156.91 1574.77 444.817 0 0 0 0 0 
0 0 0 0 0 134.016 769.197 1385.31 2110.85 1389.44 780.254 128.662 0 0 0 0 0 
0 0 0 0 0 0 66.1327 509.081 565.913 512.636 65.4477 0 0 0 0 0 0 
0 0 0 0 0 0 57.7623 101.205 120.358 97.0388 57.0574 0 0 0 0 0 0 
0 0 0 0 0 0 0 0 66.0653 0 0 0 0 0 0 0 0 
0 0 0 0 0 0 0 16.6845 0 15.6603 0 0 0 0 0 0 0 
0 0 0 0 0 0 0 0 0 0 0 0 0 0 0 0 0 
0 0 0 0 0 0 0 0 1.9468 0 0 0 0 0 0 0 0 
