1 0 0 0 0 0 0 0 0 0 0 0 0 0 0 0 1 
0 0 0 0 0 0 0 0 0 0 0 0 0 0 0 0 0 
0 16 0 0 0 0 0 0 0 0 0 0 0 0 0 16 0 
0 0 32.0597 0 0 0 0 0 0 0 0 0 0 0 31.0404 0 0 
0 0 87.9403 99.9589 25.5596 0 0 0 8.59946 0 0 0 23.5548 94.5129 88.9596 0 0 
0 0 0 253.682 255.576 197.917 93.953 64.5846 0 65.1249 98.2083 191.581 254.167 251.973 0 0 0 
0 0 0 206.359 737.021 670.194 720.991 630.965 784.833 637.2 694.239 695.974 743.845 213.514 0 0 0 
0 0 0 0 570.46 1680.9 1826.1 1928.15 1596.08 1939.94 1791.81 1678.37 565.717 0 0 0 0 
0 0 0 0 231.384 1234.6 2878.67 3642.24 4322.98 3681.01 2992.48 1235.15 232.716 0 0 0 0 
0 0 0 0 0 449.125 1593.79 3088.6 3266.5 3132.57 1568.13 451.894 0 0 0 0 0 
0 0 0 0 0 135.271 770.495 1448.71 2134.91 1359.39 750.127 115.034 0 0 0 0 0 
0 0 0 0 0 0 63.7166 520.962 561.439 513.904 62.167 0 0 0 0 0 0 
0 0 0 0 0 0 60.2921 98.7125 126.353 95.3486 50.8334 0 0 0 0 0 0 
0 0 0 0 0 0 0 0 66.1708 0 0 0 0 0 0 0 0 
0 0 0 0 0 0 0 17.0698 0 15.519 0 0 0 0 0 0 0 
0 0 0 0 0 0 0 0 0 0 0 0 0 0 0 0 0 
0 0 0 0 0 0 0 0 2.13655 0 0 0 0 0 0 0 0 
