1 0 0 0 0 0 0 0 0 0 0 0 0 0 0 0 1 
0 0 0 0 0 0 0 0 0 0 0 0 0 0 0 0 0 
0 16 0 0 0 0 0 0 0 0 0 0 0 0 0 16 0 
0 0 27.5028 0 0 0 0 0 0 0 0 0 0 0 30.7305 0 0 
0 0 92.4972 92.1978 27.0445 0 0 0 7.56687 0 0 0 22.0543 100.846 89.2695 0 0 
0 0 0 239.61 236.383 169.548 91.9244 55.3317 0 56.7618 89.4968 180.652 255.873 245.246 0 0 0 
0 0 0 228.192 692.058 591.782 620.871 608.979 758.393 550.236 610.407 637.971 730.34 213.908 0 0 0 
0 0 0 0 627.67 1662.94 1677.84 1800.41 1544.01 1779.66 1794.08 1789.24 590.293 0 0 0 0 
0 0 0 0 236.845 1280.01 3110.23 3781.8 4407.08 3811.94 3028.09 1203.58 221.44 0 0 0 0 
0 0 0 0 0 521.227 1566.98 3141.35 3275.06 3197.46 1528.58 433.363 0 0 0 0 0 
0 0 0 0 0 142.495 801.898 1364.34 2118.67 1413.33 839.23 123.194 0 0 0 0 0 
0 0 0 0 0 0 70.4809 559.923 578.083 515.89 64.4622 0 0 0 0 0 0 
0 0 0 0 0 0 67.7808 110.04 117.445 97.5026 53.6502 0 0 0 0 0 0 
0 0 0 0 0 0 0 0 61.7682 0 0 0 0 0 0 0 0 
0 0 0 0 0 0 0 17.8238 0 17.2102 0 0 0 0 0 0 0 
0 0 0 0 0 0 0 0 0 0 0 0 0 0 0 0 0 
0 0 0 0 0 0 0 0 1.92445 0 0 0 0 0 0 0 0 
