1 0 0 0 0 0 0 0 0 0 0 0 0 0 0 0 1 
0 0 0 0 0 0 0 0 0 0 0 0 0 0 0 0 0 
0 16 0 0 0 0 0 0 0 0 0 0 0 0 0 16 0 
0 0 31.8599 0 0 0 0 0 0 0 0 0 0 0 30.1536 0 0 
0 0 88.1401 100.206 22.336 0 0 0 6.86481 0 0 0 20.4341 87.2401 89.8464 0 0 
0 0 0 255.386 260.155 165.043 96.572 58.3088 0 63.36 95.5307 177.213 227.549 249.984 0 0 0 
0 0 0 204.408 742.562 676.113 659.95 560.834 754.177 595.301 732.569 594.839 731.672 222.775 0 0 0 
0 0 0 0 564.912 1746.87 1773.03 1988.33 1609.12 1844.43 1767.67 1786.3 597.173 0 0 0 0 
0 0 0 0 230.035 1217.13 2923.23 3482.82 4101 3646.66 2983.51 1225.31 243.172 0 0 0 0 
0 0 0 0 0 432.289 1665.61 3240.01 3340.61 3193.12 1532.78 459.656 0 0 0 0 0 
0 0 0 0 0 130.559 755.16 1398.96 2190.83 1428.05 769.226 124.685 0 0 0 0 0 
0 0 0 0 0 0 64.2053 576.381 653.962 544.149 72.818 0 0 0 0 0 0 
0 0 0 0 0 0 70.2408 114.163 128.522 106.523 53.9028 0 0 0 0 0 0 
0 0 0 0 0 0 0 0 82.9797 0 0 0 0 0 0 0 0 
0 0 0 0 0 0 0 20.1904 0 18.4028 0 0 0 0 0 0 0 
0 0 0 0 0 0 0 0 0 0 0 0 0 0 0 0 0 
0 0 0 0 0 0 0 0 1.94009 0 0 0 0 0 0 0 0 
