1 0 0 0 0 0 0 0 0 0 0 0 0 0 0 0 1 
0 0 0 0 0 0 0 0 0 0 0 0 0 0 0 0 0 
0 16 0 0 0 0 0 0 0 0 0 0 0 0 0 16 0 
0 0 34.0538 0 0 0 0 0 0 0 0 0 0 0 29.9776 0 0 
0 0 85.9462 87.2977 20.1926 0 0 0 7.63279 0 0 0 23.5857 91.3506 90.0224 0 0 
0 0 0 263.695 241.71 165.043 89.4501 59.2564 0 64.1212 103.392 179.277 250.616 262.788 0 0 0 
0 0 0 209.008 728.695 680.086 662.244 613.858 728.544 588.497 658.58 672.633 767.442 205.862 0 0 0 
0 0 0 0 577.572 1653.9 1839.26 2008.84 1515.45 1841.24 1752.15 1619.88 550.613 0 0 0 0 
0 0 0 0 251.83 1273.05 2944.87 3637.53 4480.34 3626.16 2883.18 1296.53 227.743 0 0 0 0 
0 0 0 0 0 457.481 1567.07 3111.35 3233.38 3250.47 1668.66 467.743 0 0 0 0 0 
0 0 0 0 0 138.438 766.717 1386.06 2145.5 1445.21 821.218 131.933 0 0 0 0 0 
0 0 0 0 0 0 68.4499 511.897 566.283 516.312 62.7102 0 0 0 0 0 0 
0 0 0 0 0 0 69.9365 92.8599 130.111 93.4781 58.1108 0 0 0 0 0 0 
0 0 0 0 0 0 0 0 60.6257 0 0 0 0 0 0 0 0 
0 0 0 0 0 0 0 18.3568 0 14.5043 0 0 0 0 0 0 0 
0 0 0 0 0 0 0 0 0 0 0 0 0 0 0 0 0 
0 0 0 0 0 0 0 0 2.14035 0 0 0 0 0 0 0 0 
