1 0 0 0 0 0 0 0 0 0 0 0 0 0 0 0 1 
0 0 0 0 0 0 0 0 0 0 0 0 0 0 0 0 0 
0 16 0 0 0 0 0 0 0 0 0 0 0 0 0 16 0 
0 0 32.089 0 0 0 0 0 0 0 0 0 0 0 31.2693 0 0 
0 0 87.911 90.808 21.6663 0 0 0 8.60653 0 0 0 25.854 106.57 88.7307 0 0 
0 0 0 259.7 246.509 172.82 95.2455 63.3462 0 67.6153 102.07 201.349 240.082 251.195 0 0 0 
0 0 0 209.492 741.713 729.023 727.534 585.944 782.338 606.19 660.399 662.782 768.964 202.235 0 0 0 
0 0 0 0 566.474 1735.22 1675.13 1804.84 1502.12 1878.17 1877.63 1715.77 564.788 0 0 0 0 
0 0 0 0 243.637 1153.65 3069.02 3575.35 4389.17 3648.66 2879.87 1238.24 220.312 0 0 0 0 
0 0 0 0 0 444.773 1573.64 3332.59 3268.13 3102.63 1615.46 424.594 0 0 0 0 0 
0 0 0 0 0 132.506 737.549 1383.82 2130.77 1474.19 755.674 125.265 0 0 0 0 0 
0 0 0 0 0 0 74.7591 575.734 589.387 555.186 65.7726 0 0 0 0 0 0 
0 0 0 0 0 0 55.1239 103.627 139.719 91.6999 51.1238 0 0 0 0 0 0 
0 0 0 0 0 0 0 0 57.7901 0 0 0 0 0 0 0 0 
0 0 0 0 0 0 0 14.755 0 15.6574 0 0 0 0 0 0 0 
0 0 0 0 0 0 0 0 0 0 0 0 0 0 0 0 0 
0 0 0 0 0 0 0 0 1.96208 0 0 0 0 0 0 0 0 
