1 0 0 0 0 0 0 0 0 0 0 0 0 0 0 0 1 
0 0 0 0 0 0 0 0 0 0 0 0 0 0 0 0 0 
0 16 0 0 0 0 0 0 0 0 0 0 0 0 0 16 0 
0 0 34.9661 0 0 0 0 0 0 0 0 0 0 0 34.8211 0 0 
0 0 85.0339 100.127 20.5012 0 0 0 7.55373 0 0 0 23.5599 105.68 85.1789 0 0 
0 0 0 241.603 255.18 179.811 95.571 65.3388 0 63.3341 105.548 219.209 264.413 246.193 0 0 0 
0 0 0 218.27 721.282 704.255 672.526 649.668 793.408 686.246 745.644 698.007 771.107 208.127 0 0 0 
0 0 0 0 595.632 1599.51 1824.55 1894.62 1612.15 1818.64 1771.32 1632.45 528.939 0 0 0 0 
0 0 0 0 227.405 1287.76 2973.13 3616.49 4255.75 3645.17 2869.53 1225.04 231.981 0 0 0 0 
0 0 0 0 0 466.394 1566.73 3305.74 3243.93 3045.65 1590.91 459.556 0 0 0 0 0 
0 0 0 0 0 130.274 760.585 1271.99 2148.3 1455.62 790.639 133.738 0 0 0 0 0 
0 0 0 0 0 0 59.9237 529.209 605.956 605.61 74.2626 0 0 0 0 0 0 
0 0 0 0 0 0 54.9891 91.2471 129.268 102.401 60.1397 0 0 0 0 0 0 
0 0 0 0 0 0 0 0 71.6678 0 0 0 0 0 0 0 0 
0 0 0 0 0 0 0 15.7023 0 17.3146 0 0 0 0 0 0 0 
0 0 0 0 0 0 0 0 0 0 0 0 0 0 0 0 0 
0 0 0 0 0 0 0 0 2.02513 0 0 0 0 0 0 0 0 
