1 0 0 0 0 0 0 0 0 0 0 0 0 0 0 0 1 
0 0 0 0 0 0 0 0 0 0 0 0 0 0 0 0 0 
0 16 0 0 0 0 0 0 0 0 0 0 0 0 0 16 0 
0 0 31.6319 0 0 0 0 0 0 0 0 0 0 0 29.3236 0 0 
0 0 88.3681 86.458 23.2174 0 0 0 7.12968 0 0 0 17.6029 90.1664 90.6764 0 0 
0 0 0 267.352 257.031 188.173 81.4227 52.4457 0 64.0244 83.0898 171.604 263.259 261.415 0 0 0 
0 0 0 206.19 693.246 696.423 718.66 606.099 721.588 568.419 680.915 657.825 705.896 208.418 0 0 0 
0 0 0 0 592.965 1631.93 1842.34 1918.67 1626.12 1788.88 1825.79 1696.3 604.965 0 0 0 0 
0 0 0 0 253.541 1248.8 2904.08 3823.19 4343.24 3846.69 2963.54 1236.2 228.277 0 0 0 0 
0 0 0 0 0 463.918 1548.38 2977.5 3382.52 3121.23 1570.86 487.9 0 0 0 0 0 
0 0 0 0 0 138.75 775.54 1409.22 2035.64 1395.9 767.071 118.172 0 0 0 0 0 
0 0 0 0 0 0 74.2811 527.617 558.69 539.22 59.9644 0 0 0 0 0 0 
0 0 0 0 0 0 63.2883 106.774 122.011 96.4882 56.7731 0 0 0 0 0 0 
0 0 0 0 0 0 0 0 70.4767 0 0 0 0 0 0 0 0 
0 0 0 0 0 0 0 18.4822 0 19.1487 0 0 0 0 0 0 0 
0 0 0 0 0 0 0 0 0 0 0 0 0 0 0 0 0 
0 0 0 0 0 0 0 0 2.58725 0 0 0 0 0 0 0 0 
