1 0 0 0 0 0 0 0 0 0 0 0 0 0 0 0 1 
0 0 0 0 0 0 0 0 0 0 0 0 0 0 0 0 0 
0 16 0 0 0 0 0 0 0 0 0 0 0 0 0 16 0 
0 0 30.7751 0 0 0 0 0 0 0 0 0 0 0 28.893 0 0 
0 0 89.2249 89.1939 21.5034 0 0 0 8.97226 0 0 0 23.811 99.2128 91.107 0 0 
0 0 0 258.091 248.023 175.451 86.434 58.4943 0 62.8834 102.76 207.18 266.19 260.372 0 0 0 
0 0 0 212.715 713.486 711.765 682.517 619.123 804.509 615.56 728.79 684.643 755.349 200.415 0 0 0 
0 0 0 0 644.581 1654.9 1944.31 1937.06 1471.07 1903.48 1807.3 1678.04 562.425 0 0 0 0 
0 0 0 0 192.407 1321.98 2790.54 3814.87 4357.64 3640.5 3038.5 1234.9 212.225 0 0 0 0 
0 0 0 0 0 378.754 1608.74 2953.67 3354.19 3244.26 1460.74 447.25 0 0 0 0 0 
0 0 0 0 0 125.144 765.877 1395.21 2111.33 1352.41 750.457 115.99 0 0 0 0 0 
0 0 0 0 0 0 69.5875 549.585 570.482 511.315 65.8308 0 0 0 0 0 0 
0 0 0 0 0 0 59.9881 94.2067 126.055 94.9539 53.6247 0 0 0 0 0 0 
0 0 0 0 0 0 0 0 63.8814 0 0 0 0 0 0 0 0 
0 0 0 0 0 0 0 17.7702 0 14.6472 0 0 0 0 0 0 0 
0 0 0 0 0 0 0 0 0 0 0 0 0 0 0 0 0 
0 0 0 0 0 0 0 0 1.86605 0 0 0 0 0 0 0 0 
