1 0 0 0 0 0 0 0 0 0 0 0 0 0 0 0 1 
0 0 0 0 0 0 0 0 0 0 0 0 0 0 0 0 0 
0 16 0 0 0 0 0 0 0 0 0 0 0 0 0 16 0 
0 0 34.7478 0 0 0 0 0 0 0 0 0 0 0 32.4297 0 0 
0 0 85.2522 96.4795 22.5747 0 0 0 7.58293 0 0 0 22.3494 96.6607 87.5703 0 0 
0 0 0 265.914 251.991 189.275 91.8866 58.4288 0 62.3315 87.6 196.221 249.95 246.677 0 0 0 
0 0 0 197.606 759.44 711.665 699.746 598.002 739.247 627.164 704.776 657.805 721.626 216.662 0 0 0 
0 0 0 0 578.281 1680.37 1868.9 1935.23 1577.32 1908.68 1786.69 1654.63 584.781 0 0 0 0 
0 0 0 0 207.713 1250.79 2953.09 3669.86 4316.23 3589.07 2894.49 1252.02 241.293 0 0 0 0 
0 0 0 0 0 412.149 1530.23 3158.36 3327.6 3198.23 1577.55 468.345 0 0 0 0 0 
0 0 0 0 0 123.754 746.119 1394.88 2139.67 1417.74 832.676 138.979 0 0 0 0 0 
0 0 0 0 0 0 61.4212 512.454 567.899 520.804 65.8354 0 0 0 0 0 0 
0 0 0 0 0 0 56.6076 97.2887 126.91 99.6746 58.3826 0 0 0 0 0 0 
0 0 0 0 0 0 0 0 65.3068 0 0 0 0 0 0 0 0 
0 0 0 0 0 0 0 15.504 0 16.3074 0 0 0 0 0 0 0 
0 0 0 0 0 0 0 0 0 0 0 0 0 0 0 0 0 
0 0 0 0 0 0 0 0 2.24241 0 0 0 0 0 0 0 0 
