1 0 0 0 0 0 0 0 0 0 0 0 0 0 0 0 1 
0 0 0 0 0 0 0 0 0 0 0 0 0 0 0 0 0 
0 16 0 0 0 0 0 0 0 0 0 0 0 0 0 16 0 
0 0 31.6475 0 0 0 0 0 0 0 0 0 0 0 30.3852 0 0 
0 0 88.3525 91.673 23.2343 0 0 0 8.15162 0 0 0 25.2177 100.476 89.6148 0 0 
0 0 0 256.916 251.974 184.408 94.3963 64.832 0 63.1936 93.0604 187.296 256.844 248.254 0 0 0 
0 0 0 211.411 739.701 679.74 665.143 577.883 734.898 605.239 683.073 678.091 729.049 211.269 0 0 0 
0 0 0 0 575.739 1672.25 1799.63 1892.98 1588.89 1867.84 1801.41 1664.38 580.746 0 0 0 0 
0 0 0 0 229.352 1244.36 2938.21 3637.16 4254.51 3680.44 3035.44 1256.97 228.143 0 0 0 0 
0 0 0 0 0 457.025 1607.71 3206.12 3329.18 3205.15 1511.02 447.491 0 0 0 0 0 
0 0 0 0 0 130.214 780.404 1404.74 2160.06 1395.54 760.246 133.778 0 0 0 0 0 
0 0 0 0 0 0 66.0587 542.009 601.222 507.909 65.3139 0 0 0 0 0 0 
0 0 0 0 0 0 56.444 97.3477 120.435 96.7089 58.4356 0 0 0 0 0 0 
0 0 0 0 0 0 0 0 70.3878 0 0 0 0 0 0 0 0 
0 0 0 0 0 0 0 16.9239 0 17.976 0 0 0 0 0 0 0 
0 0 0 0 0 0 0 0 0 0 0 0 0 0 0 0 0 
0 0 0 0 0 0 0 0 2.25468 0 0 0 0 0 0 0 0 
