1 0 0 0 0 0 0 0 0 0 0 0 0 0 0 0 1 
0 0 0 0 0 0 0 0 0 0 0 0 0 0 0 0 0 
0 16 0 0 0 0 0 0 0 0 0 0 0 0 0 16 0 
0 0 32.4366 0 0 0 0 0 0 0 0 0 0 0 34.3167 0 0 
0 0 87.5634 95.0892 25.477 0 0 0 7.55689 0 0 0 24.6916 100.866 85.6833 0 0 
0 0 0 258.948 264.808 204.139 104.118 71.9924 0 57.2219 90.4099 190.181 258.663 255.374 0 0 0 
0 0 0 205.963 732.156 703.551 711.139 663.989 802.777 625.601 688.218 677.671 736.867 203.761 0 0 0 
0 0 0 0 574.042 1631.99 1826.18 1955.14 1646.2 1885.17 1809.78 1690.08 576.224 0 0 0 0 
0 0 0 0 223.517 1251 2898.82 3745.28 4381.95 3673.41 2956.63 1234.13 223.554 0 0 0 0 
0 0 0 0 0 450.056 1588.48 3063.15 3245.17 3214.55 1592.07 456.757 0 0 0 0 0 
0 0 0 0 0 127.269 761.862 1322.46 2044.37 1375.75 763.242 119.18 0 0 0 0 0 
0 0 0 0 0 0 62.898 508.023 560.584 504.12 56.8224 0 0 0 0 0 0 
0 0 0 0 0 0 54.5062 94.6412 120.044 90.3791 50.8295 0 0 0 0 0 0 
0 0 0 0 0 0 0 0 59.645 0 0 0 0 0 0 0 0 
0 0 0 0 0 0 0 15.3226 0 13.7927 0 0 0 0 0 0 0 
0 0 0 0 0 0 0 0 0 0 0 0 0 0 0 0 0 
0 0 0 0 0 0 0 0 1.69345 0 0 0 0 0 0 0 0 
