1 0 0 0 0 0 0 0 0 0 0 0 0 0 0 0 1 
0 0 0 0 0 0 0 0 0 0 0 0 0 0 0 0 0 
0 16 0 0 0 0 0 0 0 0 0 0 0 0 0 16 0 
0 0 32.7664 0 0 0 0 0 0 0 0 0 0 0 30.9962 0 0 
0 0 87.2336 96.2356 22.9215 0 0 0 7.14069 0 0 0 22.9578 98.5543 89.0038 0 0 
0 0 0 251.026 254.045 198.306 104.03 66.802 0 58.9086 89.7129 189.914 257.837 259.551 0 0 0 
0 0 0 212.738 741.738 678.185 727.181 620.442 757.202 614.946 710.923 680.162 739.993 201.895 0 0 0 
0 0 0 0 561.937 1663.01 1815.67 1922.18 1599.4 1914.19 1833.17 1696.01 579.266 0 0 0 0 
0 0 0 0 239.359 1248.14 2911.38 3776.11 4453.75 3743.54 2924.5 1231.75 219.946 0 0 0 0 
0 0 0 0 0 437.941 1558.14 3147.19 3188.67 3100.57 1561.4 442.415 0 0 0 0 0 
0 0 0 0 0 142.413 765.256 1288.07 2095.94 1394.01 772.701 127.748 0 0 0 0 0 
0 0 0 0 0 0 66.0166 498.452 579.293 506.906 60.9958 0 0 0 0 0 0 
0 0 0 0 0 0 60.3184 102.689 122.665 90.855 54.6034 0 0 0 0 0 0 
0 0 0 0 0 0 0 0 63.8115 0 0 0 0 0 0 0 0 
0 0 0 0 0 0 0 18.0575 0 16.0722 0 0 0 0 0 0 0 
0 0 0 0 0 0 0 0 0 0 0 0 0 0 0 0 0 
0 0 0 0 0 0 0 0 2.12976 0 0 0 0 0 0 0 0 
