1 0 0 0 0 0 0 0 0 0 0 0 0 0 0 0 1 
0 0 0 0 0 0 0 0 0 0 0 0 0 0 0 0 0 
0 16 0 0 0 0 0 0 0 0 0 0 0 0 0 16 0 
0 0 31.6989 0 0 0 0 0 0 0 0 0 0 0 32.0682 0 0 
0 0 88.3011 100.236 22.9164 0 0 0 8.79364 0 0 0 24.0616 96.2954 87.9318 0 0 
0 0 0 243.239 254.809 201.735 99.9164 74.1874 0 74.0725 98.0011 197.65 257.169 251.383 0 0 0 
0 0 0 216.525 739.18 700.696 712.155 634.018 804.895 656.229 713.911 685.557 714.569 212.321 0 0 0 
0 0 0 0 556.802 1662.37 1834.32 1995.7 1660.75 1921.46 1821.96 1664.18 602.149 0 0 0 0 
0 0 0 0 246.292 1243.47 2881.22 3621.05 4407.58 3697.03 2906.99 1255.69 222.051 0 0 0 0 
0 0 0 0 0 430.562 1616.14 3148.52 3188.67 3078.29 1574.54 437.807 0 0 0 0 0 
0 0 0 0 0 129.164 748.982 1354.86 2055.51 1373.05 772.252 127.112 0 0 0 0 0 
0 0 0 0 0 0 61.1374 500.114 557.831 525.652 63.8986 0 0 0 0 0 0 
0 0 0 0 0 0 54.1349 95.1708 120.946 97.3207 56.4401 0 0 0 0 0 0 
0 0 0 0 0 0 0 0 63.0475 0 0 0 0 0 0 0 0 
0 0 0 0 0 0 0 16.3847 0 16.9027 0 0 0 0 0 0 0 
0 0 0 0 0 0 0 0 0 0 0 0 0 0 0 0 0 
0 0 0 0 0 0 0 0 1.97094 0 0 0 0 0 0 0 0 
