1 0 0 0 0 0 0 0 0 0 0 0 0 0 0 0 1 
0 0 0 0 0 0 0 0 0 0 0 0 0 0 0 0 0 
0 16 0 0 0 0 0 0 0 0 0 0 0 0 0 16 0 
0 0 33.5407 0 0 0 0 0 0 0 0 0 0 0 34.1998 0 0 
0 0 86.4593 105.154 26.8592 0 0 0 9.24121 0 0 0 26.5793 96.6318 85.8002 0 0 
0 0 0 256.577 256.123 195.514 99.6563 70.4094 0 70.0581 106.303 205.97 273.221 261.973 0 0 0 
0 0 0 198.269 721.878 701.83 723.215 645.117 786.07 665.636 722.929 712.051 744.396 201.396 0 0 0 
0 0 0 0 592.42 1693.16 1874.51 1966.9 1660.08 1910.16 1810.12 1649.82 560.479 0 0 0 0 
0 0 0 0 222.72 1211.14 2879.79 3611.15 4294.61 3676.12 2899.14 1250.45 215.325 0 0 0 0 
0 0 0 0 0 436.493 1564.97 3173.35 3241.92 3131.69 1594.2 430.318 0 0 0 0 0 
0 0 0 0 0 129.868 748.914 1376.28 2151.97 1401.97 762.278 119.391 0 0 0 0 0 
0 0 0 0 0 0 64.1435 491.368 558.316 485.859 58.5232 0 0 0 0 0 0 
0 0 0 0 0 0 52.8094 89.4666 107.142 82.9197 54.5004 0 0 0 0 0 0 
0 0 0 0 0 0 0 0 58.4673 0 0 0 0 0 0 0 0 
0 0 0 0 0 0 0 15.9555 0 15.5864 0 0 0 0 0 0 0 
0 0 0 0 0 0 0 0 0 0 0 0 0 0 0 0 0 
0 0 0 0 0 0 0 0 2.17982 0 0 0 0 0 0 0 0 
