1 0 0 0 0 0 0 0 0 0 0 0 0 0 0 0 1 
0 0 0 0 0 0 0 0 0 0 0 0 0 0 0 0 0 
0 16 0 0 0 0 0 0 0 0 0 0 0 0 0 16 0 
0 0 31.3158 0 0 0 0 0 0 0 0 0 0 0 32.3649 0 0 
0 0 88.6842 95.1828 25.2426 0 0 0 7.00137 0 0 0 23.6477 96.9816 87.6351 0 0 
0 0 0 255.834 248.679 192.084 99.3735 66.1828 0 63.4312 98.4797 182.321 258.466 250.583 0 0 0 
0 0 0 208.983 743.16 708.909 687.987 620.202 764.259 591.799 682.014 651.582 728.28 212.435 0 0 0 
0 0 0 0 561.824 1698.49 1881.79 1963.13 1554.59 1865.22 1732.51 1676.51 572.752 0 0 0 0 
0 0 0 0 241.095 1185.08 2911.68 3647.89 4345.88 3596.63 2947.26 1238.77 236.854 0 0 0 0 
0 0 0 0 0 446.12 1518.04 3138.6 3284.76 3224.07 1588.55 478.835 0 0 0 0 0 
0 0 0 0 0 137.317 784.634 1370.09 2118.64 1422.37 813.803 139.986 0 0 0 0 0 
0 0 0 0 0 0 64.6976 510.28 588.676 556.614 84.7011 0 0 0 0 0 0 
0 0 0 0 0 0 59.8026 107.209 133.357 103.722 60.6887 0 0 0 0 0 0 
0 0 0 0 0 0 0 0 70.933 0 0 0 0 0 0 0 0 
0 0 0 0 0 0 0 16.4146 0 16.1461 0 0 0 0 0 0 0 
0 0 0 0 0 0 0 0 0 0 0 0 0 0 0 0 0 
0 0 0 0 0 0 0 0 1.90439 0 0 0 0 0 0 0 0 
