1 0 0 0 0 0 0 0 0 0 0 0 0 0 0 0 1 
0 0 0 0 0 0 0 0 0 0 0 0 0 0 0 0 0 
0 16 0 0 0 0 0 0 0 0 0 0 0 0 0 16 0 
0 0 31.12 0 0 0 0 0 0 0 0 0 0 0 33.1205 0 0 
0 0 88.88 92.1783 24.1734 0 0 0 8.3884 0 0 0 25.134 97.252 86.8795 0 0 
0 0 0 255.473 241.402 206.001 106.139 71.2327 0 62.3315 91.6884 173.083 248.882 254.778 0 0 0 
0 0 0 212.348 745.728 695.797 750.946 659.98 785.623 660 724.317 705.965 757.517 207.97 0 0 0 
0 0 0 0 571.918 1628.28 1836.23 1961.58 1628.98 1950.62 1869.9 1692.36 560.342 0 0 0 0 
0 0 0 0 236.779 1262.02 2929.45 3791.44 4519.22 3755.45 2900.75 1240.27 228.126 0 0 0 0 
0 0 0 0 0 447.4 1513.99 3025.15 3170.95 3059.31 1566.42 427.093 0 0 0 0 0 
0 0 0 0 0 128.505 754.323 1334.25 2009.9 1358.06 741.743 129.223 0 0 0 0 0 
0 0 0 0 0 0 58.746 484.135 560.475 486.787 56.8534 0 0 0 0 0 0 
0 0 0 0 0 0 58.1716 96.1573 118.718 90.9593 56.3292 0 0 0 0 0 0 
0 0 0 0 0 0 0 0 65.6154 0 0 0 0 0 0 0 0 
0 0 0 0 0 0 0 16.0822 0 16.4795 0 0 0 0 0 0 0 
0 0 0 0 0 0 0 0 0 0 0 0 0 0 0 0 0 
0 0 0 0 0 0 0 0 2.13599 0 0 0 0 0 0 0 0 
