1 0 0 0 0 0 0 0 0 0 0 0 0 0 0 0 1 
0 0 0 0 0 0 0 0 0 0 0 0 0 0 0 0 0 
0 16 0 0 0 0 0 0 0 0 0 0 0 0 0 16 0 
0 0 32.8992 0 0 0 0 0 0 0 0 0 0 0 33.0777 0 0 
0 0 87.1008 93.9027 21.3269 0 0 0 7.27731 0 0 0 26.0445 103.082 86.9223 0 0 
0 0 0 254.352 244.677 188.207 97.2886 65.8374 0 65.3084 93.5438 188.484 256.904 236.649 0 0 0 
0 0 0 211.745 749.199 676.014 691.046 633.73 788.41 622.358 699.732 700.625 723.413 220.269 0 0 0 
0 0 0 0 560.422 1606.04 1823.28 1993.32 1559.11 1886.93 1837.2 1607.03 580.826 0 0 0 0 
0 0 0 0 244.375 1294.59 2838.25 3560.38 4388.35 3688.74 2896.51 1254.02 232.813 0 0 0 0 
0 0 0 0 0 469.105 1638.22 3165.36 3207.45 3178.39 1569.55 488.109 0 0 0 0 0 
0 0 0 0 0 134.049 796.993 1379.66 2158.58 1371.63 794.936 129.731 0 0 0 0 0 
0 0 0 0 0 0 65.8398 531.971 579.451 519.452 60.3623 0 0 0 0 0 0 
0 0 0 0 0 0 57.0866 94.1223 115.134 91.8287 56.1678 0 0 0 0 0 0 
0 0 0 0 0 0 0 0 64.2797 0 0 0 0 0 0 0 0 
0 0 0 0 0 0 0 15.6192 0 15.3649 0 0 0 0 0 0 0 
0 0 0 0 0 0 0 0 0 0 0 0 0 0 0 0 0 
0 0 0 0 0 0 0 0 1.95893 0 0 0 0 0 0 0 0 
