1 0 0 0 0 0 0 0 0 0 0 0 0 0 0 0 1 
0 0 0 0 0 0 0 0 0 0 0 0 0 0 0 0 0 
0 16 0 0 0 0 0 0 0 0 0 0 0 0 0 16 0 
0 0 17.7657 0 0 0 0 0 0 0 0 0 0 0 45.3049 0 0 
0 0 102.234 79.1847 3.72498 0 0 0 2.76153 0 0 0 14.8974 203.164 74.6951 0 0 
0 0 0 313.181 379.958 106.058 96.1519 18.4424 0 32.2403 67.9855 153.751 384.209 260.868 0 0 0 
0 0 0 167.634 709.856 475.32 553.316 224.674 526.254 392.767 569.236 536.644 921.669 95.9679 0 0 0 
0 0 0 0 430.549 1879.93 2479.79 1292.91 765.696 1209.81 2251.37 1652.98 339.063 0 0 0 0 
0 0 0 0 295.912 1464.09 1704.33 4512.7 4992.96 3288.6 2890.82 1652.98 160.162 0 0 0 0 
0 0 0 0 0 288.296 2479.79 3101.53 3028.39 4222.65 1205.07 174.223 0 0 0 0 0 
0 0 0 0 0 154.314 626.989 1660.13 2672.54 1994.64 938.511 197.42 0 0 0 0 0 
0 0 0 0 0 0 40.0821 610.728 675.724 269.945 25.0105 0 0 0 0 0 0 
0 0 0 0 0 0 27.548 11.1859 193.598 22.1584 59.997 0 0 0 0 0 0 
0 0 0 0 0 0 0 0 9.63869 0 0 0 0 0 0 0 0 
0 0 0 0 0 0 0 7.68793 0 7.19379 0 0 0 0 0 0 0 
0 0 0 0 0 0 0 0 0 0 0 0 0 0 0 0 0 
0 0 0 0 0 0 0 0 2.43704 0 0 0 0 0 0 0 0 
