1 0 0 0 0 0 0 0 0 0 0 0 0 0 0 0 1 
0 0 0 0 0 0 0 0 0 0 0 0 0 0 0 0 0 
0 16 0 0 0 0 0 0 0 0 0 0 0 0 0 16 0 
0 0 30.9419 0 0 0 0 0 0 0 0 0 0 0 31.6973 0 0 
0 0 89.0581 99.4956 24.5712 0 0 0 8.38838 0 0 0 23.3998 94.4716 88.3027 0 0 
0 0 0 258.204 258.791 196.495 98.4144 64.7115 0 69.5701 99.8176 198.658 262.153 257.367 0 0 0 
0 0 0 202.3 747.921 688.473 706.601 628.935 769.443 627.422 706.412 703.626 734.499 208.162 0 0 0 
0 0 0 0 561.608 1665.5 1809.71 1882.4 1558.36 1856.3 1826.34 1673.2 571.942 0 0 0 0 
0 0 0 0 227.108 1252.31 2956.18 3665.63 4346.34 3738.68 2947.53 1233.13 228.006 0 0 0 0 
0 0 0 0 0 441.279 1557.92 3169.05 3310.02 3173.94 1566.09 434.979 0 0 0 0 0 
0 0 0 0 0 123.94 761.026 1398.58 2111.57 1367.31 746.417 124.408 0 0 0 0 0 
0 0 0 0 0 0 63.1031 519.316 582.144 495.089 58.9934 0 0 0 0 0 0 
0 0 0 0 0 0 55.0383 95.7309 117.673 95.8813 56.3986 0 0 0 0 0 0 
0 0 0 0 0 0 0 0 63.9969 0 0 0 0 0 0 0 0 
0 0 0 0 0 0 0 15.6457 0 15.811 0 0 0 0 0 0 0 
0 0 0 0 0 0 0 0 0 0 0 0 0 0 0 0 0 
0 0 0 0 0 0 0 0 2.06171 0 0 0 0 0 0 0 0 
