1 0 0 0 0 0 0 0 0 0 0 0 0 0 0 0 1 
0 0 0 0 0 0 0 0 0 0 0 0 0 0 0 0 0 
0 16 0 0 0 0 0 0 0 0 0 0 0 0 0 16 0 
0 0 31.6008 0 0 0 0 0 0 0 0 0 0 0 32.2105 0 0 
0 0 88.3992 93.5864 23.5398 0 0 0 7.72035 0 0 0 22.8916 95.9225 87.7895 0 0 
0 0 0 256.641 255.505 188.87 96.7234 61.8693 0 62.5089 92.6717 191.861 252.838 255.534 0 0 0 
0 0 0 209.773 736.7 669.969 698.005 632.643 753.347 615.479 695.201 664.986 757.109 208.544 0 0 0 
0 0 0 0 567.508 1712.59 1859.32 1876.77 1583.81 1926.19 1837.25 1694.57 561.439 0 0 0 0 
0 0 0 0 236.748 1220.18 2928.57 3765.9 4399.15 3711.96 2971.55 1253.43 225.723 0 0 0 0 
0 0 0 0 0 451.747 1557.02 3122.61 3295.69 3174.17 1571.31 431.091 0 0 0 0 0 
0 0 0 0 0 124.642 750.729 1371.76 2091.71 1350.94 724.378 132.055 0 0 0 0 0 
0 0 0 0 0 0 64.6183 497.51 560.585 493.421 60.9818 0 0 0 0 0 0 
0 0 0 0 0 0 53.0122 95.8373 112.162 89.6941 54.6541 0 0 0 0 0 0 
0 0 0 0 0 0 0 0 63.8981 0 0 0 0 0 0 0 0 
0 0 0 0 0 0 0 15.1098 0 15.6362 0 0 0 0 0 0 0 
0 0 0 0 0 0 0 0 0 0 0 0 0 0 0 0 0 
0 0 0 0 0 0 0 0 1.92669 0 0 0 0 0 0 0 0 
