1 0 0 0 0 0 0 0 0 0 0 0 0 0 0 0 1 
0 0 0 0 0 0 0 0 0 0 0 0 0 0 0 0 0 
0 16 0 0 0 0 0 0 0 0 0 0 0 0 0 16 0 
0 0 30.1955 0 0 0 0 0 0 0 0 0 0 0 32.4113 0 0 
0 0 89.8045 95.6698 22.9229 0 0 0 7.54444 0 0 0 23.3989 91.1161 87.5887 0 0 
0 0 0 255.967 260.525 195.268 97.9693 62.6451 0 60.3054 89.9185 191.47 253.676 256.017 0 0 0 
0 0 0 208.363 736.355 692.86 730.614 637.73 755.647 623.949 717.199 688.299 725.618 212.867 0 0 0 
0 0 0 0 575.928 1659.75 1782.4 1902.82 1644.5 1934.33 1814.77 1662.37 583.681 0 0 0 0 
0 0 0 0 224.269 1253.36 2939.14 3707.69 4428.86 3685.02 2937.62 1232.52 233.626 0 0 0 0 
0 0 0 0 0 440.735 1590.01 3129.46 3250.51 3145.49 1564.71 456.274 0 0 0 0 0 
0 0 0 0 0 126.021 752.327 1378.45 2011.62 1348.93 756.197 137.058 0 0 0 0 0 
0 0 0 0 0 0 59.3554 515.053 589.707 530.797 69.3609 0 0 0 0 0 0 
0 0 0 0 0 0 56.1777 90.7361 116.181 95.3792 58.2207 0 0 0 0 0 0 
0 0 0 0 0 0 0 0 63.5763 0 0 0 0 0 0 0 0 
0 0 0 0 0 0 0 15.4187 0 15.7965 0 0 0 0 0 0 0 
0 0 0 0 0 0 0 0 0 0 0 0 0 0 0 0 0 
0 0 0 0 0 0 0 0 1.85327 0 0 0 0 0 0 0 0 
