1 0 0 0 0 0 0 0 0 0 0 0 0 0 0 0 1 
0 0 0 0 0 0 0 0 0 0 0 0 0 0 0 0 0 
0 16 0 0 0 0 0 0 0 0 0 0 0 0 0 16 0 
0 0 31.8048 0 0 0 0 0 0 0 0 0 0 0 32.7746 0 0 
0 0 88.1952 96.1248 22.7803 0 0 0 8.08966 0 0 0 24.1361 98.1976 87.2254 0 0 
0 0 0 254.325 258.467 187.412 95.1907 65.2092 0 64.1488 95.5794 190.816 262.75 258.559 0 0 0 
0 0 0 209.551 740.281 693.923 706.341 638.921 787.206 612.98 703.783 705.745 744.013 203.243 0 0 0 
0 0 0 0 571.197 1665.13 1870.01 1955.27 1607.98 1917.74 1830.77 1647.1 565.815 0 0 0 0 
0 0 0 0 227.274 1257.17 2873.81 3704.95 4363.99 3727.99 2918.17 1250.89 223.286 0 0 0 0 
0 0 0 0 0 440.701 1593.29 3092.05 3264.58 3121.08 1588.07 450.038 0 0 0 0 0 
0 0 0 0 0 123.665 753.154 1369.57 2108.02 1392.06 754.458 123.419 0 0 0 0 0 
0 0 0 0 0 0 61.2957 503.076 546.685 495.854 63.7583 0 0 0 0 0 0 
0 0 0 0 0 0 54.9082 95.2214 118.984 92.6845 53.4034 0 0 0 0 0 0 
0 0 0 0 0 0 0 0 62.6284 0 0 0 0 0 0 0 0 
0 0 0 0 0 0 0 15.7374 0 15.454 0 0 0 0 0 0 0 
0 0 0 0 0 0 0 0 0 0 0 0 0 0 0 0 0 
0 0 0 0 0 0 0 0 1.83418 0 0 0 0 0 0 0 0 
