1 0 0 0 0 0 0 0 0 0 0 0 0 0 0 0 1 
0 0 0 0 0 0 0 0 0 0 0 0 0 0 0 0 0 
0 16 0 0 0 0 0 0 0 0 0 0 0 0 0 16 0 
0 0 33.6461 0 0 0 0 0 0 0 0 0 0 0 32.7101 0 0 
0 0 86.3539 97.3951 24.815 0 0 0 8.22223 0 0 0 24.4118 94.8675 87.2899 0 0 
0 0 0 260.08 257.469 193.792 95.1546 60.1657 0 62.2517 95.3727 195.357 265.933 253.312 0 0 0 
0 0 0 202.525 736.254 685.143 723.913 640.623 774.706 630.874 730.587 702.05 718.278 211.821 0 0 0 
0 0 0 0 576.059 1653.25 1807.75 1933.26 1608.17 1939.59 1825.93 1642.35 575.7 0 0 0 0 
0 0 0 0 225.403 1248.48 2922.89 3659.65 4338.08 3670.23 2923.26 1256.16 235.677 0 0 0 0 
0 0 0 0 0 455.657 1560.89 3109.64 3217.19 3143.93 1559.58 442.833 0 0 0 0 0 
0 0 0 0 0 131.679 777.745 1420.57 2163.75 1364.1 752.636 129.248 0 0 0 0 0 
0 0 0 0 0 0 62.527 506.846 573.113 516.771 62.9034 0 0 0 0 0 0 
0 0 0 0 0 0 57.1301 93.0714 120.345 95.24 57.7418 0 0 0 0 0 0 
0 0 0 0 0 0 0 0 64.3984 0 0 0 0 0 0 0 0 
0 0 0 0 0 0 0 16.1844 0 17.0187 0 0 0 0 0 0 0 
0 0 0 0 0 0 0 0 0 0 0 0 0 0 0 0 0 
0 0 0 0 0 0 0 0 2.01725 0 0 0 0 0 0 0 0 
