1 0 0 0 0 0 0 0 0 0 0 0 0 0 0 0 1 
0 0 0 0 0 0 0 0 0 0 0 0 0 0 0 0 0 
0 16 0 0 0 0 0 0 0 0 0 0 0 0 0 16 0 
0 0 31.6864 0 0 0 0 0 0 0 0 0 0 0 31.8029 0 0 
0 0 88.3136 95.2212 23.1176 0 0 0 7.78234 0 0 0 25.216 95.1782 88.1971 0 0 
0 0 0 253.711 255.371 184.326 94.0578 61.9688 0 64.4004 98.8743 203.497 261.228 247.541 0 0 0 
0 0 0 211.068 725.807 674.412 697.743 616.136 766.858 624.062 709.97 707.693 729.054 217.281 0 0 0 
0 0 0 0 586.02 1691.32 1813 1932.81 1623.6 1949.54 1844.22 1619.74 569.917 0 0 0 0 
0 0 0 0 229.685 1240.14 2925.11 3652.13 4340.09 3673.36 2915.18 1246.97 234.585 0 0 0 0 
0 0 0 0 0 455.352 1577.99 3132.39 3233.76 3100.04 1554.2 460.139 0 0 0 0 0 
0 0 0 0 0 122.45 785.899 1425.76 2134.59 1408.11 763.163 129.962 0 0 0 0 0 
0 0 0 0 0 0 60.6703 510.106 576.292 504.556 66.1283 0 0 0 0 0 0 
0 0 0 0 0 0 53.5209 93.9479 120.114 99.6823 56.2684 0 0 0 0 0 0 
0 0 0 0 0 0 0 0 64.8852 0 0 0 0 0 0 0 0 
0 0 0 0 0 0 0 14.7532 0 16.24 0 0 0 0 0 0 0 
0 0 0 0 0 0 0 0 0 0 0 0 0 0 0 0 0 
0 0 0 0 0 0 0 0 2.03171 0 0 0 0 0 0 0 0 
