1 0 0 0 0 0 0 0 0 0 0 0 0 0 0 0 1 
0 0 0 0 0 0 0 0 0 0 0 0 0 0 0 0 0 
0 16 0 0 0 0 0 0 0 0 0 0 0 0 0 16 0 
0 0 32.4836 0 0 0 0 0 0 0 0 0 0 0 33.6326 0 0 
0 0 87.5164 97.4203 24.0858 0 0 0 7.80244 0 0 0 25.2202 99.5638 86.3674 0 0 
0 0 0 256.794 254.373 188.445 99.8443 66.8818 0 64.9069 93.202 187.645 262.32 255.77 0 0 0 
0 0 0 205.786 743.911 696.577 697.981 620.236 769.879 597.383 696.708 681.866 734.618 204.666 0 0 0 
0 0 0 0 571.91 1651.33 1815.29 1904.87 1592.66 1950.87 1808.45 1687.43 569.404 0 0 0 0 
0 0 0 0 225.72 1253.2 2908.99 3678.46 4355.27 3675.98 2965.65 1241.96 228.437 0 0 0 0 
0 0 0 0 0 449.744 1589.91 3164.46 3255.98 3171.6 1567.76 439.601 0 0 0 0 0 
0 0 0 0 0 128.697 771.746 1382.79 2134.02 1373.45 754.701 129.503 0 0 0 0 0 
0 0 0 0 0 0 67.3111 509.569 568.505 492.415 64.2055 0 0 0 0 0 0 
0 0 0 0 0 0 56.9243 96.3197 119.822 97.2229 57.329 0 0 0 0 0 0 
0 0 0 0 0 0 0 0 64.0498 0 0 0 0 0 0 0 0 
0 0 0 0 0 0 0 16.4081 0 16.1763 0 0 0 0 0 0 0 
0 0 0 0 0 0 0 0 0 0 0 0 0 0 0 0 0 
0 0 0 0 0 0 0 0 2.00139 0 0 0 0 0 0 0 0 
