1 0 0 0 0 0 0 0 0 0 0 0 0 0 0 0 1 
0 0 0 0 0 0 0 0 0 0 0 0 0 0 0 0 0 
0 16 0 0 0 0 0 0 0 0 0 0 0 0 0 16 0 
0 0 32.4432 0 0 0 0 0 0 0 0 0 0 0 31.82 0 0 
0 0 87.5568 95.0377 23.328 0 0 0 8.23973 0 0 0 23.388 99.1846 88.18 0 0 
0 0 0 253.002 254.874 194.312 97.4618 63.7456 0 66.5069 95.3338 192.71 263.159 256.231 0 0 0 
0 0 0 211.96 730.869 687.467 691.633 619.597 765.636 614.055 718.058 688.072 742.384 204.585 0 0 0 
0 0 0 0 580.782 1631.13 1837.62 1926.52 1614.33 1957.67 1825.36 1690.36 573.25 0 0 0 0 
0 0 0 0 230.147 1274.36 2925.06 3621.24 4289.18 3662.32 2922.62 1230.07 217.82 0 0 0 0 
0 0 0 0 0 448.272 1556.34 3173.19 3301.5 3098.32 1555.23 441.28 0 0 0 0 0 
0 0 0 0 0 132.461 778.478 1412.23 2126.67 1400.45 767.829 125.506 0 0 0 0 0 
0 0 0 0 0 0 64.9553 510.352 578.073 525.742 66.2943 0 0 0 0 0 0 
0 0 0 0 0 0 56.4479 97.0936 119.482 98.8081 57.275 0 0 0 0 0 0 
0 0 0 0 0 0 0 0 64.7947 0 0 0 0 0 0 0 0 
0 0 0 0 0 0 0 16.0389 0 16.1418 0 0 0 0 0 0 0 
0 0 0 0 0 0 0 0 0 0 0 0 0 0 0 0 0 
0 0 0 0 0 0 0 0 2.09097 0 0 0 0 0 0 0 0 
