1 0 0 0 0 0 0 0 0 0 0 0 0 0 0 0 1 
0 0 0 0 0 0 0 0 0 0 0 0 0 0 0 0 0 
0 16 0 0 0 0 0 0 0 0 0 0 0 0 0 16 0 
0 0 31.2693 0 0 0 0 0 0 0 0 0 0 0 32.449 0 0 
0 0 88.7307 96.3468 24.4854 0 0 0 7.83769 0 0 0 24.5186 97.5238 87.551 0 0 
0 0 0 258.689 254.118 190.909 97.5467 63.8504 0 64.041 93.5247 191.84 251.16 257.475 0 0 0 
0 0 0 204.965 738.373 681.058 700.053 629.313 749.563 615.893 694.103 676.406 733.083 205.001 0 0 0 
0 0 0 0 578.848 1650.01 1799.47 1878.55 1571.02 1898.01 1797.29 1657.65 583.751 0 0 0 0 
0 0 0 0 224.176 1258.02 2931.55 3673.09 4372.82 3660.75 2936.23 1253.86 227.487 0 0 0 0 
0 0 0 0 0 461.728 1574.32 3151.36 3264.71 3156.15 1583.01 459.751 0 0 0 0 0 
0 0 0 0 0 126.276 786.227 1421.47 2134.26 1406.01 780.306 128.497 0 0 0 0 0 
0 0 0 0 0 0 65.33 509.446 579.996 523.276 64.5144 0 0 0 0 0 0 
0 0 0 0 0 0 53.5034 96.9806 122.393 99.3705 59.0213 0 0 0 0 0 0 
0 0 0 0 0 0 0 0 65.3843 0 0 0 0 0 0 0 0 
0 0 0 0 0 0 0 15.9383 0 16.5014 0 0 0 0 0 0 0 
0 0 0 0 0 0 0 0 0 0 0 0 0 0 0 0 0 
0 0 0 0 0 0 0 0 2.01461 0 0 0 0 0 0 0 0 
