1 0 0 0 0 0 0 0 0 0 0 0 0 0 0 0 1 
0 0 0 0 0 0 0 0 0 0 0 0 0 0 0 0 0 
0 16 0 0 0 0 0 0 0 0 0 0 0 0 0 16 0 
0 0 32.1751 0 0 0 0 0 0 0 0 0 0 0 31.5297 0 0 
0 0 87.8249 97.3403 25.0242 0 0 0 8.0028 0 0 0 24.4812 95.1153 88.4703 0 0 
0 0 0 257.744 256.215 195.037 97.0453 65.1535 0 64.2732 96.9614 191.297 256.161 254.48 0 0 0 
0 0 0 204.915 730.602 681.327 686.327 603.029 761.719 617.221 709.317 686.118 733.664 210.405 0 0 0 
0 0 0 0 579.72 1667.47 1845.47 1920.64 1577.13 1900.02 1819.06 1674.49 573.054 0 0 0 0 
0 0 0 0 228.439 1250.25 2946.18 3694 4325.98 3666.4 2896.22 1244.68 232.64 0 0 0 0 
0 0 0 0 0 443.836 1556.89 3155.79 3275.4 3153.7 1597.89 442.991 0 0 0 0 0 
0 0 0 0 0 130.081 756.548 1384.4 2161.47 1404.24 767.048 128.431 0 0 0 0 0 
0 0 0 0 0 0 61.9877 506.254 570.71 521.723 65.8561 0 0 0 0 0 0 
0 0 0 0 0 0 57.5536 94.4743 122.989 96.3913 55.6463 0 0 0 0 0 0 
0 0 0 0 0 0 0 0 64.6208 0 0 0 0 0 0 0 0 
0 0 0 0 0 0 0 16.2636 0 16.036 0 0 0 0 0 0 0 
0 0 0 0 0 0 0 0 0 0 0 0 0 0 0 0 0 
0 0 0 0 0 0 0 0 1.978 0 0 0 0 0 0 0 0 
