1 0 0 0 0 0 0 0 0 0 0 0 0 0 0 0 1 
0 0 0 0 0 0 0 0 0 0 0 0 0 0 0 0 0 
0 16 0 0 0 0 0 0 0 0 0 0 0 0 0 16 0 
0 0 31.6262 0 0 0 0 0 0 0 0 0 0 0 31.1143 0 0 
0 0 88.3738 97.5719 25.8187 0 0 0 7.68775 0 0 0 23.6054 96.675 88.8857 0 0 
0 0 0 252.897 259.553 195.486 96.575 64.8105 0 63.6226 97.7159 195.076 255.585 251.522 0 0 0 
0 0 0 209.531 721.477 690.272 730.164 633.341 778.734 615.164 695.555 686.054 732.642 211.803 0 0 0 
0 0 0 0 586.128 1639.98 1797.27 1910.99 1576.93 1888.37 1791.19 1649.78 577.66 0 0 0 0 
0 0 0 0 227.023 1264.04 2911.21 3674.11 4389.8 3699.51 2965.81 1251.72 230.508 0 0 0 0 
0 0 0 0 0 450.706 1562.26 3126.94 3229.34 3173.26 1567.46 456.118 0 0 0 0 0 
0 0 0 0 0 127.516 788.628 1402.39 2113.2 1382.41 770.192 129.252 0 0 0 0 0 
0 0 0 0 0 0 65.9711 511.707 583.886 508.001 64.5547 0 0 0 0 0 0 
0 0 0 0 0 0 55.9138 99.7697 122.988 94.3039 55.5275 0 0 0 0 0 0 
0 0 0 0 0 0 0 0 65.4782 0 0 0 0 0 0 0 0 
0 0 0 0 0 0 0 15.9408 0 15.3553 0 0 0 0 0 0 0 
0 0 0 0 0 0 0 0 0 0 0 0 0 0 0 0 0 
0 0 0 0 0 0 0 0 1.94495 0 0 0 0 0 0 0 0 
