1 0 0 0 0 0 0 0 0 0 0 0 0 0 0 0 0 
0 0 0 0 0 0 0 0 0 0 0 0 0 0 0 0 0 
0 16 0 0 0 0 0 0 0 0 0 0 0 0 0 0 0 
0 0 32 0 0 0 0 0 0 0 0 0 0 0 0 0 0 
0 0 88 95.8619 23.9655 0 0 0 8.04595 0 0 0 0 0 0 0 0 
0 0 0 256.276 255.741 191.802 95.9869 64.3676 0 0 0 0 0 0 0 0 0 
0 0 0 207.862 735.773 687.335 702.334 620.032 768.946 0 0 0 0 0 0 0 0 
0 0 0 0 577.369 1664.42 1818.69 1930.44 1598.39 0 0 0 0 0 0 0 0 
0 0 0 0 227.151 1249.01 2940.16 3664.39 4358.56 0 0 0 0 0 0 0 0 
0 0 0 0 0 448.348 1564.99 3152.3 3258.63 0 0 0 0 0 0 0 0 
0 0 0 0 0 127.078 766.454 1381.41 2117.44 0 0 0 0 0 0 0 0 
0 0 0 0 0 0 64.128 515.292 573.071 0 0 0 0 0 0 0 0 
0 0 0 0 0 0 55.2597 95.9684 120.702 0 0 0 0 0 0 0 0 
0 0 0 0 0 0 0 0 64.2274 0 0 0 0 0 0 0 0 
0 0 0 0 0 0 0 15.7885 0 0 0 0 0 0 0 0 0 
0 0 0 0 0 0 0 0 0 0 0 0 0 0 0 0 0 
0 0 0 0 0 0 0 0 1.97356 0 0 0 0 0 0 0 0 
