1 0 0 0 0 0 0 0 0 0 0 0 0 0 0 0 0 
0 0 0 0 0 0 0 0 0 0 0 0 0 0 0 0 0 
0 16 0 0 0 0 0 0 0 0 0 0 0 0 0 0 0 
0 0 32 0 0 0 0 0 0 0 0 0 0 0 0 0 0 
0 0 88 96.0496 24.0124 0 0 0 7.995 0 0 0 0 0 0 0 0 
0 0 0 255.901 256.424 192.318 95.3253 63.96 0 0 0 0 0 0 0 0 0 
0 0 0 208.05 735.47 688.918 706.235 624.694 764.458 0 0 0 0 0 0 0 0 
0 0 0 0 575.738 1662.48 1823.41 1923.28 1603.4 0 0 0 0 0 0 0 0 
0 0 0 0 228.355 1245.87 2925.38 3677.8 4356.81 0 0 0 0 0 0 0 0 
0 0 0 0 0 451.552 1568.14 3126.99 3265.56 0 0 0 0 0 0 0 0 
0 0 0 0 0 126.86 770.576 1399.57 2109.34 0 0 0 0 0 0 0 0 
0 0 0 0 0 0 63.1301 512.297 577.493 0 0 0 0 0 0 0 0 
0 0 0 0 0 0 55.7932 95.4727 119.158 0 0 0 0 0 0 0 0 
0 0 0 0 0 0 0 0 63.7996 0 0 0 0 0 0 0 0 
0 0 0 0 0 0 0 15.9409 0 0 0 0 0 0 0 0 0 
0 0 0 0 0 0 0 0 0 0 0 0 0 0 0 0 0 
0 0 0 0 0 0 0 0 1.99262 0 0 0 0 0 0 0 0 
