1 0 0 0 0 0 0 0 0 0 0 0 0 0 0 0 0 
0 0 0 0 0 0 0 0 0 0 0 0 0 0 0 0 0 
0 16 0 0 0 0 0 0 0 0 0 0 0 0 0 0 0 
0 0 32 0 0 0 0 0 0 0 0 0 0 0 0 0 0 
0 0 88 95.6213 23.9053 0 0 0 7.86733 0 0 0 0 0 0 0 0 
0 0 0 256.757 255 192.142 96.14 62.9387 0 0 0 0 0 0 0 0 0 
0 0 0 207.621 737.81 685.744 704.171 628.855 768.862 0 0 0 0 0 0 0 0 
0 0 0 0 575.757 1666.78 1827.18 1913.43 1600.5 0 0 0 0 0 0 0 0 
0 0 0 0 227.527 1248.17 2917.96 3686.71 4356.88 0 0 0 0 0 0 0 0 
0 0 0 0 0 447.649 1576.43 3127.06 3266.73 0 0 0 0 0 0 0 0 
0 0 0 0 0 127.52 766.607 1397.47 2101.84 0 0 0 0 0 0 0 0 
0 0 0 0 0 0 63.7212 512.073 578.595 0 0 0 0 0 0 0 0 
0 0 0 0 0 0 55.7835 95.5264 122.087 0 0 0 0 0 0 0 0 
0 0 0 0 0 0 0 0 64.6425 0 0 0 0 0 0 0 0 
0 0 0 0 0 0 0 15.9382 0 0 0 0 0 0 0 0 0 
0 0 0 0 0 0 0 0 0 0 0 0 0 0 0 0 0 
0 0 0 0 0 0 0 0 1.99227 0 0 0 0 0 0 0 0 
