1 0 0 0 0 0 0 0 0 0 0 0 0 0 0 0 0 
0 0 0 0 0 0 0 0 0 0 0 0 0 0 0 0 0 
0 16 0 0 0 0 0 0 0 0 0 0 0 0 0 0 0 
0 0 32 0 0 0 0 0 0 0 0 0 0 0 0 0 0 
0 0 88 96.0144 24.0036 0 0 0 7.96062 0 0 0 0 0 0 0 0 
0 0 0 255.971 256.584 192.375 95.9125 63.685 0 0 0 0 0 0 0 0 0 
0 0 0 208.014 734.612 688.539 708.62 628.695 773.194 0 0 0 0 0 0 0 0 
0 0 0 0 577.009 1661.41 1820.82 1912.47 1594.23 0 0 0 0 0 0 0 0 
0 0 0 0 227.791 1250.08 2920 3684.75 4356.32 0 0 0 0 0 0 0 0 
0 0 0 0 0 447.585 1574.63 3130.81 3261.09 0 0 0 0 0 0 0 0 
0 0 0 0 0 128.014 768.479 1395.22 2115.31 0 0 0 0 0 0 0 0 
0 0 0 0 0 0 63.909 513.602 574.965 0 0 0 0 0 0 0 0 
0 0 0 0 0 0 55.6222 94.8781 120.77 0 0 0 0 0 0 0 0 
0 0 0 0 0 0 0 0 64.1766 0 0 0 0 0 0 0 0 
0 0 0 0 0 0 0 15.892 0 0 0 0 0 0 0 0 0 
0 0 0 0 0 0 0 0 0 0 0 0 0 0 0 0 0 
0 0 0 0 0 0 0 0 1.98651 0 0 0 0 0 0 0 0 
