1 0 0 0 0 0 0 0 0 0 0 0 0 0 0 0 0 
0 0 0 0 0 0 0 0 0 0 0 0 0 0 0 0 0 
0 16 0 0 0 0 0 0 0 0 0 0 0 0 0 0 0 
0 0 32 0 0 0 0 0 0 0 0 0 0 0 0 0 0 
0 0 88 96.3371 24.0843 0 0 0 8.03385 0 0 0 0 0 0 0 0 
0 0 0 255.326 255.602 191.119 95.5615 64.2708 0 0 0 0 0 0 0 0 0 
0 0 0 208.337 735.812 686.783 702.804 623.172 766.148 0 0 0 0 0 0 0 0 
0 0 0 0 577.232 1666.75 1821.26 1916.71 1605.13 0 0 0 0 0 0 0 0 
0 0 0 0 227.27 1249.18 2934.69 3680.1 4349.43 0 0 0 0 0 0 0 0 
0 0 0 0 0 446.657 1568.82 3146.46 3269.99 0 0 0 0 0 0 0 0 
0 0 0 0 0 127.507 765.857 1385.41 2108.72 0 0 0 0 0 0 0 0 
0 0 0 0 0 0 63.0032 512.92 576.356 0 0 0 0 0 0 0 0 
0 0 0 0 0 0 56.0012 94.9561 119.919 0 0 0 0 0 0 0 0 
0 0 0 0 0 0 0 0 64.2775 0 0 0 0 0 0 0 0 
0 0 0 0 0 0 0 16.0004 0 0 0 0 0 0 0 0 0 
0 0 0 0 0 0 0 0 0 0 0 0 0 0 0 0 0 
0 0 0 0 0 0 0 0 2.00004 0 0 0 0 0 0 0 0 
