1 0 0 0 0 0 0 0 0 0 0 0 0 0 0 0 0 
0 0 0 0 0 0 0 0 0 0 0 0 0 0 0 0 0 
0 16 0 0 0 0 0 0 0 0 0 0 0 0 0 0 0 
0 0 32 0 0 0 0 0 0 0 0 0 0 0 0 0 0 
0 0 88 96.0085 24.0021 0 0 0 8.05092 0 0 0 0 0 0 0 0 
0 0 0 255.983 256.111 191.786 95.8655 64.4073 0 0 0 0 0 0 0 0 0 
0 0 0 208.009 735.275 688.787 708.366 624.549 768.67 0 0 0 0 0 0 0 0 
0 0 0 0 577.107 1662.52 1818.8 1928.03 1600.57 0 0 0 0 0 0 0 0 
0 0 0 0 227.504 1248.11 2922.9 3658.96 4353.66 0 0 0 0 0 0 0 0 
0 0 0 0 0 450.141 1575.4 3145.9 3269.69 0 0 0 0 0 0 0 0 
0 0 0 0 0 126.656 767.671 1397.73 2101.99 0 0 0 0 0 0 0 0 
0 0 0 0 0 0 63.5879 508.361 580.92 0 0 0 0 0 0 0 0 
0 0 0 0 0 0 55.4057 96.2314 120.512 0 0 0 0 0 0 0 0 
0 0 0 0 0 0 0 0 63.9615 0 0 0 0 0 0 0 0 
0 0 0 0 0 0 0 15.8302 0 0 0 0 0 0 0 0 0 
0 0 0 0 0 0 0 0 0 0 0 0 0 0 0 0 0 
0 0 0 0 0 0 0 0 1.97878 0 0 0 0 0 0 0 0 
