1 0 0 0 0 0 0 0 0 0 0 0 0 0 0 0 0 
0 0 0 0 0 0 0 0 0 0 0 0 0 0 0 0 0 
0 16 0 0 0 0 0 0 0 0 0 0 0 0 0 0 0 
0 0 32 0 0 0 0 0 0 0 0 0 0 0 0 0 0 
0 0 88 94.6803 23.7902 0 0 0 7.93172 0 0 0 0 0 0 0 0 
0 0 0 256.25 254.32 188.98 94.2901 63.3542 0 0 0 0 0 0 0 0 0 
0 0 0 209.069 737.061 683.755 703.025 625.317 765.114 0 0 0 0 0 0 0 0 
0 0 0 0 576.562 1663.53 1819.69 1916.69 1593.67 0 0 0 0 0 0 0 0 
0 0 0 0 228.267 1252.34 2919.2 3684.49 4360.97 0 0 0 0 0 0 0 0 
0 0 0 0 0 450.764 1581.76 3136.97 3267.14 0 0 0 0 0 0 0 0 
0 0 0 0 0 128.635 770.182 1390.22 2115.94 0 0 0 0 0 0 0 0 
0 0 0 0 0 0 64.1163 512.013 573.205 0 0 0 0 0 0 0 0 
0 0 0 0 0 0 55.7472 94.9924 120.159 0 0 0 0 0 0 0 0 
0 0 0 0 0 0 0 0 63.8784 0 0 0 0 0 0 0 0 
0 0 0 0 0 0 0 15.9557 0 0 0 0 0 0 0 0 0 
0 0 0 0 0 0 0 0 0 0 0 0 0 0 0 0 0 
0 0 0 0 0 0 0 0 1.99148 0 0 0 0 0 0 0 0 
