1 0 0 0 0 0 0 0 0 0 0 0 0 0 0 0 0 
0 0 0 0 0 0 0 0 0 0 0 0 0 0 0 0 0 
0 16 0 0 0 0 0 0 0 0 0 0 0 0 0 0 0 
0 0 32 0 0 0 0 0 0 0 0 0 0 0 0 0 0 
0 0 88 95.9915 23.686 0 0 0 7.97198 0 0 0 0 0 0 0 0 
0 0 0 256.107 254.08 192.423 96.7004 64.3631 0 0 0 0 0 0 0 0 0 
0 0 0 207.901 735.109 686.969 703.831 625.752 771.765 0 0 0 0 0 0 0 0 
0 0 0 0 577.438 1658.22 1828.28 1926.9 1604.99 0 0 0 0 0 0 0 0 
0 0 0 0 229.686 1252.6 2918.77 3674.53 4357.26 0 0 0 0 0 0 0 0 
0 0 0 0 0 450.184 1571.06 3124.35 3251.71 0 0 0 0 0 0 0 0 
0 0 0 0 0 127.598 769.544 1394.73 2115.08 0 0 0 0 0 0 0 0 
0 0 0 0 0 0 64.0174 517.321 573.887 0 0 0 0 0 0 0 0 
0 0 0 0 0 0 55.7997 96.1214 120.744 0 0 0 0 0 0 0 0 
0 0 0 0 0 0 0 0 64.6149 0 0 0 0 0 0 0 0 
0 0 0 0 0 0 0 15.9354 0 0 0 0 0 0 0 0 0 
0 0 0 0 0 0 0 0 0 0 0 0 0 0 0 0 0 
0 0 0 0 0 0 0 0 1.98202 0 0 0 0 0 0 0 0 
