1 0 0 0 0 0 0 0 0 0 0 0 0 0 0 0 0 
0 0 0 0 0 0 0 0 0 0 0 0 0 0 0 0 0 
0 16 0 0 0 0 0 0 0 0 0 0 0 0 0 0 0 
0 0 32 0 0 0 0 0 0 0 0 0 0 0 0 0 0 
0 0 88 96.0886 23.9337 0 0 0 8.05619 0 0 0 0 0 0 0 0 
0 0 0 256.256 255.521 189.571 94.9725 64.1903 0 0 0 0 0 0 0 0 0 
0 0 0 207.656 738.304 687.783 702.109 619.095 767.625 0 0 0 0 0 0 0 0 
0 0 0 0 575.195 1672.55 1824.22 1909.85 1593.29 0 0 0 0 0 0 0 0 
0 0 0 0 227.046 1244.13 2940.32 3676.71 4330.6 0 0 0 0 0 0 0 0 
0 0 0 0 0 446.726 1563.59 3154.77 3274.29 0 0 0 0 0 0 0 0 
0 0 0 0 0 127.24 763.82 1393.24 2131.01 0 0 0 0 0 0 0 0 
0 0 0 0 0 0 63.7612 510.92 580.852 0 0 0 0 0 0 0 0 
0 0 0 0 0 0 55.2038 95.5162 118.69 0 0 0 0 0 0 0 0 
0 0 0 0 0 0 0 0 63.619 0 0 0 0 0 0 0 0 
0 0 0 0 0 0 0 15.7092 0 0 0 0 0 0 0 0 0 
0 0 0 0 0 0 0 0 0 0 0 0 0 0 0 0 0 
0 0 0 0 0 0 0 0 1.96164 0 0 0 0 0 0 0 0 
