1 0 0 0 0 0 0 0 0 0 0 0 0 0 0 0 0 
0 0 0 0 0 0 0 0 0 0 0 0 0 0 0 0 0 
0 16 0 0 0 0 0 0 0 0 0 0 0 0 0 0 0 
0 0 32 0 0 0 0 0 0 0 0 0 0 0 0 0 0 
0 0 88 95.2057 23.7709 0 0 0 8.11738 0 0 0 0 0 0 0 0 
0 0 0 256.044 253.679 191.815 95.6998 64.2158 0 0 0 0 0 0 0 0 0 
0 0 0 208.75 736.44 688.388 702.842 624.852 767.614 0 0 0 0 0 0 0 0 
0 0 0 0 576.729 1663.11 1831.23 1930.07 1607.07 0 0 0 0 0 0 0 0 
0 0 0 0 229.381 1245.04 2927.4 3690.45 4361.89 0 0 0 0 0 0 0 0 
0 0 0 0 0 449.203 1566.47 3118.75 3255.72 0 0 0 0 0 0 0 0 
0 0 0 0 0 130.447 763.301 1389.66 2106.38 0 0 0 0 0 0 0 0 
0 0 0 0 0 0 64.1036 510.314 577.132 0 0 0 0 0 0 0 0 
0 0 0 0 0 0 56.9544 95.1975 120.231 0 0 0 0 0 0 0 0 
0 0 0 0 0 0 0 0 63.7732 0 0 0 0 0 0 0 0 
0 0 0 0 0 0 0 16.4966 0 0 0 0 0 0 0 0 0 
0 0 0 0 0 0 0 0 0 0 0 0 0 0 0 0 0 
0 0 0 0 0 0 0 0 2.06441 0 0 0 0 0 0 0 0 
