1 0 0 0 0 0 0 0 0 0 0 0 0 0 0 0 0 
0 0 0 0 0 0 0 0 0 0 0 0 0 0 0 0 0 
0 16 0 0 0 0 0 0 0 0 0 0 0 0 0 0 0 
0 0 32 0 0 0 0 0 0 0 0 0 0 0 0 0 0 
0 0 88 96.033 24.0827 0 0 0 8.26849 0 0 0 0 0 0 0 0 
0 0 0 255.898 257.101 192.496 96.9347 65.8356 0 0 0 0 0 0 0 0 0 
0 0 0 208.069 735.096 689.445 707.835 623.506 773.049 0 0 0 0 0 0 0 0 
0 0 0 0 576.272 1668.77 1825.37 1927.21 1612.41 0 0 0 0 0 0 0 0 
0 0 0 0 227.449 1243.82 2928.49 3680.74 4352.69 0 0 0 0 0 0 0 0 
0 0 0 0 0 447.071 1563.99 3124.28 3247.79 0 0 0 0 0 0 0 0 
0 0 0 0 0 126.402 766.565 1394.15 2108.86 0 0 0 0 0 0 0 0 
0 0 0 0 0 0 63.4567 513.011 580.98 0 0 0 0 0 0 0 0 
0 0 0 0 0 0 55.3561 95.5946 119.821 0 0 0 0 0 0 0 0 
0 0 0 0 0 0 0 0 64.1757 0 0 0 0 0 0 0 0 
0 0 0 0 0 0 0 15.6587 0 0 0 0 0 0 0 0 0 
0 0 0 0 0 0 0 0 0 0 0 0 0 0 0 0 0 
0 0 0 0 0 0 0 0 1.96034 0 0 0 0 0 0 0 0 
