1 0 0 0 0 0 0 0 0 0 0 0 0 0 0 0 0 
0 0 0 0 0 0 0 0 0 0 0 0 0 0 0 0 0 
0 16 0 0 0 0 0 0 0 0 0 0 0 0 0 0 0 
0 0 32 0 0 0 0 0 0 0 0 0 0 0 0 0 0 
0 0 88 96.1629 24.1461 0 0 0 8.25061 0 0 0 0 0 0 0 0 
0 0 0 256.644 257.028 193.108 97.4572 65.5497 0 0 0 0 0 0 0 0 0 
0 0 0 207.193 737.604 691.094 713.543 632.166 775.107 0 0 0 0 0 0 0 0 
0 0 0 0 574.759 1660.19 1826.51 1926.14 1610.09 0 0 0 0 0 0 0 0 
0 0 0 0 226.463 1249.54 2920.95 3672.87 4344.1 0 0 0 0 0 0 0 0 
0 0 0 0 0 447.078 1564.02 3129.33 3260.61 0 0 0 0 0 0 0 0 
0 0 0 0 0 126.986 766.324 1389.14 2105.1 0 0 0 0 0 0 0 0 
0 0 0 0 0 0 63.4672 512.99 578.354 0 0 0 0 0 0 0 0 
0 0 0 0 0 0 55.74 95.9084 121.682 0 0 0 0 0 0 0 0 
0 0 0 0 0 0 0 0 64.702 0 0 0 0 0 0 0 0 
0 0 0 0 0 0 0 15.9061 0 0 0 0 0 0 0 0 0 
0 0 0 0 0 0 0 0 0 0 0 0 0 0 0 0 0 
0 0 0 0 0 0 0 0 1.99492 0 0 0 0 0 0 0 0 
