1 0 0 0 0 0 0 0 0 0 0 0 0 0 0 0 0 
0 0 0 0 0 0 0 0 0 0 0 0 0 0 0 0 0 
0 16 0 0 0 0 0 0 0 0 0 0 0 0 0 0 0 
0 0 32 0 0 0 0 0 0 0 0 0 0 0 0 0 0 
0 0 88 96.09 24.2166 0 0 0 7.95897 0 0 0 0 0 0 0 0 
0 0 0 255.37 256.343 192.662 95.9315 63.7254 0 0 0 0 0 0 0 0 0 
0 0 0 208.54 735.075 688.847 703.006 623.025 770.313 0 0 0 0 0 0 0 0 
0 0 0 0 575.382 1667.22 1828.58 1932.92 1604.54 0 0 0 0 0 0 0 0 
0 0 0 0 228.984 1247.66 2928.92 3675.01 4361.12 0 0 0 0 0 0 0 0 
0 0 0 0 0 442.381 1568.62 3141.09 3269.01 0 0 0 0 0 0 0 0 
0 0 0 0 0 129.231 762.885 1384.46 2101.69 0 0 0 0 0 0 0 0 
0 0 0 0 0 0 63.9061 507.726 570.507 0 0 0 0 0 0 0 0 
0 0 0 0 0 0 56.1494 95.9713 119.292 0 0 0 0 0 0 0 0 
0 0 0 0 0 0 0 0 63.558 0 0 0 0 0 0 0 0 
0 0 0 0 0 0 0 16.071 0 0 0 0 0 0 0 0 0 
0 0 0 0 0 0 0 0 0 0 0 0 0 0 0 0 0 
0 0 0 0 0 0 0 0 2.01398 0 0 0 0 0 0 0 0 
