1 0 0 0 0 0 0 0 0 0 0 0 0 0 0 0 0 
0 0 0 0 0 0 0 0 0 0 0 0 0 0 0 0 0 
0 16 0 0 0 0 0 0 0 0 0 0 0 0 0 0 0 
0 0 32 0 0 0 0 0 0 0 0 0 0 0 0 0 0 
0 0 88 96.684 24.128 0 0 0 8.19024 0 0 0 0 0 0 0 0 
0 0 0 255.601 256.17 191.701 95.3336 65.3678 0 0 0 0 0 0 0 0 0 
0 0 0 207.715 735.595 689.982 707.575 625.492 773.628 0 0 0 0 0 0 0 0 
0 0 0 0 575.672 1667.7 1829.96 1934.29 1605.36 0 0 0 0 0 0 0 0 
0 0 0 0 228.435 1245.41 2928.83 3686.14 4351.47 0 0 0 0 0 0 0 0 
0 0 0 0 0 446.249 1563.83 3129.07 3261.98 0 0 0 0 0 0 0 0 
0 0 0 0 0 126.957 762.442 1382.4 2110.63 0 0 0 0 0 0 0 0 
0 0 0 0 0 0 64.4805 506.458 572.482 0 0 0 0 0 0 0 0 
0 0 0 0 0 0 55.5471 94.9048 120.464 0 0 0 0 0 0 0 0 
0 0 0 0 0 0 0 0 63.7847 0 0 0 0 0 0 0 0 
0 0 0 0 0 0 0 15.8864 0 0 0 0 0 0 0 0 0 
0 0 0 0 0 0 0 0 0 0 0 0 0 0 0 0 0 
0 0 0 0 0 0 0 0 2.01255 0 0 0 0 0 0 0 0 
