1 0 0 0 0 0 0 0 0 0 0 0 0 0 0 0 0 
0 0 0 0 0 0 0 0 0 0 0 0 0 0 0 0 0 
0 16 0 0 0 0 0 0 0 0 0 0 0 0 0 0 0 
0 0 32 0 0 0 0 0 0 0 0 0 0 0 0 0 0 
0 0 88 95.9972 23.9993 0 0 0 8.00233 0 0 0 0 0 0 0 0 
0 0 0 256.006 256.044 192.007 96.0239 64.0187 0 0 0 0 0 0 0 0 0 
0 0 0 207.997 735.852 688.208 703.996 623.882 767.783 0 0 0 0 0 0 0 0 
0 0 0 0 576.166 1663.54 1824.46 1920.48 1600.93 0 0 0 0 0 0 0 0 
0 0 0 0 227.938 1248.13 2927.06 3679.34 4355.3 0 0 0 0 0 0 0 0 
0 0 0 0 0 448.251 1568.25 3136.09 3263.66 0 0 0 0 0 0 0 0 
0 0 0 0 0 127.862 768.293 1392.3 2112.4 0 0 0 0 0 0 0 0 
0 0 0 0 0 0 63.9695 511.939 575.618 0 0 0 0 0 0 0 0 
0 0 0 0 0 0 55.9468 95.9725 120.311 0 0 0 0 0 0 0 0 
0 0 0 0 0 0 0 0 63.9904 0 0 0 0 0 0 0 0 
0 0 0 0 0 0 0 15.9848 0 0 0 0 0 0 0 0 0 
0 0 0 0 0 0 0 0 0 0 0 0 0 0 0 0 0 
0 0 0 0 0 0 0 0 1.9981 0 0 0 0 0 0 0 0 
