1 0 0 0 0 0 0 0 0 0 0 0 0 0 0 0 0 
0 0 0 0 0 0 0 0 0 0 0 0 0 0 0 0 0 
0 16 0 0 0 0 0 0 0 0 0 0 0 0 0 0 0 
0 0 32 0 0 0 0 0 0 0 0 0 0 0 0 0 0 
0 0 88 96.4228 24.1164 0 0 0 7.91182 0 0 0 0 0 0 0 0 
0 0 0 255.587 257.214 193.606 96.9312 64.015 0 0 0 0 0 0 0 0 0 
0 0 0 207.99 738.593 691.259 713.771 619.38 761.407 0 0 0 0 0 0 0 0 
0 0 0 0 573.796 1670.89 1826.35 1920.44 1597.32 0 0 0 0 0 0 0 0 
0 0 0 0 226.28 1242.36 2934.34 3689.07 4353.99 0 0 0 0 0 0 0 0 
0 0 0 0 0 443.82 1553.75 3138.75 3277.87 0 0 0 0 0 0 0 0 
0 0 0 0 0 126.065 764.035 1389.3 2115.09 0 0 0 0 0 0 0 0 
0 0 0 0 0 0 63.7696 507.551 571.404 0 0 0 0 0 0 0 0 
0 0 0 0 0 0 55.0547 95.8256 119.033 0 0 0 0 0 0 0 0 
0 0 0 0 0 0 0 0 64.0371 0 0 0 0 0 0 0 0 
0 0 0 0 0 0 0 15.6694 0 0 0 0 0 0 0 0 0 
0 0 0 0 0 0 0 0 0 0 0 0 0 0 0 0 0 
0 0 0 0 0 0 0 0 1.93851 0 0 0 0 0 0 0 0 
