1 0 0 0 0 0 0 0 0 0 0 0 0 0 0 0 0 
0 0 0 0 0 0 0 0 0 0 0 0 0 0 0 0 0 
0 16 0 0 0 0 0 0 0 0 0 0 0 0 0 0 0 
0 0 32 0 0 0 0 0 0 0 0 0 0 0 0 0 0 
0 0 88 96.0842 23.9716 0 0 0 8.14779 0 0 0 0 0 0 0 0 
0 0 0 256.12 255.066 192.159 96.4708 65.0717 0 0 0 0 0 0 0 0 0 
0 0 0 207.796 736.984 687.126 704.179 614.952 762.752 0 0 0 0 0 0 0 0 
0 0 0 0 576.325 1665.04 1828.47 1933.5 1606.16 0 0 0 0 0 0 0 0 
0 0 0 0 227.652 1247.01 2935.66 3699.61 4374.44 0 0 0 0 0 0 0 0 
0 0 0 0 0 447.899 1558.98 3130.76 3261.29 0 0 0 0 0 0 0 0 
0 0 0 0 0 128.764 763.938 1378.01 2100.52 0 0 0 0 0 0 0 0 
0 0 0 0 0 0 63.8854 506.218 571.983 0 0 0 0 0 0 0 0 
0 0 0 0 0 0 56.4174 95.6458 118.735 0 0 0 0 0 0 0 0 
0 0 0 0 0 0 0 0 63.9719 0 0 0 0 0 0 0 0 
0 0 0 0 0 0 0 16.2283 0 0 0 0 0 0 0 0 0 
0 0 0 0 0 0 0 0 0 0 0 0 0 0 0 0 0 
0 0 0 0 0 0 0 0 2.00954 0 0 0 0 0 0 0 0 
