1 0 0 0 0 0 0 0 0 0 0 0 0 0 0 0 0 
0 0 0 0 0 0 0 0 0 0 0 0 0 0 0 0 0 
0 16 0 0 0 0 0 0 0 0 0 0 0 0 0 0 0 
0 0 32 0 0 0 0 0 0 0 0 0 0 0 0 0 0 
0 0 88 96.163 24.0421 0 0 0 7.95323 0 0 0 0 0 0 0 0 
0 0 0 256.035 255.931 192.356 95.8825 63.7709 0 0 0 0 0 0 0 0 0 
0 0 0 207.802 736.489 690.489 707.079 623.415 766.414 0 0 0 0 0 0 0 0 
0 0 0 0 576.256 1666.44 1831.77 1927.18 1598.68 0 0 0 0 0 0 0 0 
0 0 0 0 227.282 1242.05 2929.98 3705.38 4369.75 0 0 0 0 0 0 0 0 
0 0 0 0 0 447.554 1559.91 3126.64 3264.91 0 0 0 0 0 0 0 0 
0 0 0 0 0 129.105 764.24 1378.58 2105.85 0 0 0 0 0 0 0 0 
0 0 0 0 0 0 63.1501 504.18 572.167 0 0 0 0 0 0 0 0 
0 0 0 0 0 0 55.9851 94.8299 118.902 0 0 0 0 0 0 0 0 
0 0 0 0 0 0 0 0 63.3687 0 0 0 0 0 0 0 0 
0 0 0 0 0 0 0 16.0181 0 0 0 0 0 0 0 0 0 
0 0 0 0 0 0 0 0 0 0 0 0 0 0 0 0 0 
0 0 0 0 0 0 0 0 2.01272 0 0 0 0 0 0 0 0 
