1 0 0 0 0 0 0 0 0 0 0 0 0 0 0 0 0 
0 0 0 0 0 0 0 0 0 0 0 0 0 0 0 0 0 
0 16 0 0 0 0 0 0 0 0 0 0 0 0 0 0 0 
0 0 32 0 0 0 0 0 0 0 0 0 0 0 0 0 0 
0 0 88 95.4984 23.6847 0 0 0 7.96021 0 0 0 0 0 0 0 0 
0 0 0 257.49 255.621 192.485 96.2193 63.6173 0 0 0 0 0 0 0 0 0 
0 0 0 207.011 741.611 692.732 706.103 628.338 766.003 0 0 0 0 0 0 0 0 
0 0 0 0 575.026 1672.6 1836.09 1929.6 1599.47 0 0 0 0 0 0 0 0 
0 0 0 0 224.058 1241.55 2930.57 3677.66 4375.05 0 0 0 0 0 0 0 0 
0 0 0 0 0 441.781 1556.38 3136.37 3255.87 0 0 0 0 0 0 0 0 
0 0 0 0 0 126.852 762.577 1384.17 2106.56 0 0 0 0 0 0 0 0 
0 0 0 0 0 0 63.6799 509.102 572.409 0 0 0 0 0 0 0 0 
0 0 0 0 0 0 56.3743 94.9618 120.857 0 0 0 0 0 0 0 0 
0 0 0 0 0 0 0 0 63.8044 0 0 0 0 0 0 0 0 
0 0 0 0 0 0 0 16.1797 0 0 0 0 0 0 0 0 0 
0 0 0 0 0 0 0 0 0 0 0 0 0 0 0 0 0 
0 0 0 0 0 0 0 0 2.02633 0 0 0 0 0 0 0 0 
