1 0 0 0 0 0 0 0 0 0 0 0 0 0 0 0 0 
0 0 0 0 0 0 0 0 0 0 0 0 0 0 0 0 0 
0 16 0 0 0 0 0 0 0 0 0 0 0 0 0 0 0 
0 0 32 0 0 0 0 0 0 0 0 0 0 0 0 0 0 
0 0 88 95.9086 24.0384 0 0 0 8.19258 0 0 0 0 0 0 0 0 
0 0 0 255.637 256.666 193.652 96.8553 65.6742 0 0 0 0 0 0 0 0 0 
0 0 0 208.455 737.12 690.047 706.626 624.506 779.409 0 0 0 0 0 0 0 0 
0 0 0 0 575.409 1666.14 1821.89 1931.93 1611.12 0 0 0 0 0 0 0 0 
0 0 0 0 226.767 1249.23 2931.28 3681 4351.48 0 0 0 0 0 0 0 0 
0 0 0 0 0 442.853 1567.66 3133.85 3257.73 0 0 0 0 0 0 0 0 
0 0 0 0 0 126.085 765.315 1380.93 2104.02 0 0 0 0 0 0 0 0 
0 0 0 0 0 0 63.1029 510.541 572.018 0 0 0 0 0 0 0 0 
0 0 0 0 0 0 55.2729 95.6519 120.286 0 0 0 0 0 0 0 0 
0 0 0 0 0 0 0 0 63.7629 0 0 0 0 0 0 0 0 
0 0 0 0 0 0 0 15.908 0 0 0 0 0 0 0 0 0 
0 0 0 0 0 0 0 0 0 0 0 0 0 0 0 0 0 
0 0 0 0 0 0 0 0 1.9847 0 0 0 0 0 0 0 0 
