1 0 0 0 0 0 0 0 0 0 0 0 0 0 0 0 0 
0 0 0 0 0 0 0 0 0 0 0 0 0 0 0 0 0 
0 16 0 0 0 0 0 0 0 0 0 0 0 0 0 0 0 
0 0 32 0 0 0 0 0 0 0 0 0 0 0 0 0 0 
0 0 88 95.6079 23.9489 0 0 0 8.3822 0 0 0 0 0 0 0 0 
0 0 0 255.909 254.888 192.578 97.1075 66.5146 0 0 0 0 0 0 0 0 0 
0 0 0 208.483 733.654 688.076 709.49 623.624 771.054 0 0 0 0 0 0 0 0 
0 0 0 0 576.846 1658.22 1816.7 1922.21 1597.98 0 0 0 0 0 0 0 0 
0 0 0 0 230.663 1248.78 2933.73 3669.12 4349.02 0 0 0 0 0 0 0 0 
0 0 0 0 0 451.387 1562.68 3142.15 3264.47 0 0 0 0 0 0 0 0 
0 0 0 0 0 128.96 767.455 1389.78 2113.03 0 0 0 0 0 0 0 0 
0 0 0 0 0 0 64.2289 513.015 578.823 0 0 0 0 0 0 0 0 
0 0 0 0 0 0 56.609 97.3451 120.575 0 0 0 0 0 0 0 0 
0 0 0 0 0 0 0 0 64.6284 0 0 0 0 0 0 0 0 
0 0 0 0 0 0 0 16.2401 0 0 0 0 0 0 0 0 0 
0 0 0 0 0 0 0 0 0 0 0 0 0 0 0 0 0 
0 0 0 0 0 0 0 0 2.03851 0 0 0 0 0 0 0 0 
