1 0 0 0 0 0 0 0 0 0 0 0 0 0 0 0 1 
0 0 0 0 0 0 0 0 0 0 0 0 0 0 0 0 0 
0 16 0 0 0 0 0 0 0 0 0 0 0 0 0 16 0 
0 0 30.9795 0 0 0 0 0 0 0 0 0 0 0 32.3796 0 0 
0 0 89.0205 95.2706 23.5387 0 0 0 8.63709 0 0 0 24.0151 97.9128 87.6204 0 0 
0 0 0 257.02 264.66 193.796 96.9303 64.8132 0 68.4594 101.454 195.125 257.368 254.122 0 0 0 
0 0 0 207.71 736.301 699.165 708.225 624.462 784.062 633.704 712.616 691.78 745.539 207.966 0 0 0 
0 0 0 0 569.456 1653.02 1827.15 1950.91 1620.22 1955.05 1819.95 1656.05 567.938 0 0 0 0 
0 0 0 0 226.044 1249.14 2931.93 3687.29 4349.72 3688.8 2952.27 1251.58 225.139 0 0 0 0 
0 0 0 0 0 441.012 1568.2 3124.4 3291.37 3123.39 1545.52 446.428 0 0 0 0 0 
0 0 0 0 0 131.867 755.283 1382.73 2061.7 1363.34 757.003 127.033 0 0 0 0 0 
0 0 0 0 0 0 65.0441 496.954 570.003 496.49 63.094 0 0 0 0 0 0 
0 0 0 0 0 0 55.2359 92.9767 120.211 94.7916 56.0965 0 0 0 0 0 0 
0 0 0 0 0 0 0 0 62.0909 0 0 0 0 0 0 0 0 
0 0 0 0 0 0 0 15.4698 0 15.9655 0 0 0 0 0 0 0 
0 0 0 0 0 0 0 0 0 0 0 0 0 0 0 0 0 
0 0 0 0 0 0 0 0 1.98183 0 0 0 0 0 0 0 0 
