1 0 0 0 0 0 0 0 0 0 0 0 0 0 0 0 1 
0 0 0 0 0 0 0 0 0 0 0 0 0 0 0 0 0 
0 16 0 0 0 0 0 0 0 0 0 0 0 0 0 16 0 
0 0 32.6575 0 0 0 0 0 0 0 0 0 0 0 31.3484 0 0 
0 0 87.3425 95.8119 24.6043 0 0 0 8.16326 0 0 0 23.6212 95.9388 88.6516 0 0 
0 0 0 259.714 252.501 193.86 97.7543 65.9304 0 64.6598 95.6105 192.622 251.638 253.383 0 0 0 
0 0 0 204.475 734.928 695.905 718.53 641.773 780.7 631.252 703.975 683.737 740.779 210.678 0 0 0 
0 0 0 0 579.322 1658.83 1825 1897.36 1611.11 1923.85 1840.74 1655.89 572.989 0 0 0 0 
0 0 0 0 228.645 1242.1 2906.04 3685.49 4339.01 3657.97 2937.55 1253.45 230.972 0 0 0 0 
0 0 0 0 0 450.959 1563.11 3132.42 3241.05 3124.63 1549.3 454.911 0 0 0 0 0 
0 0 0 0 0 126.348 777.106 1390.68 2134.63 1417.69 761.364 127.393 0 0 0 0 0 
0 0 0 0 0 0 64.8645 512.103 569.501 506.854 65.8084 0 0 0 0 0 0 
0 0 0 0 0 0 55.5968 98.0114 119.812 97.5291 53.6457 0 0 0 0 0 0 
0 0 0 0 0 0 0 0 64.0603 0 0 0 0 0 0 0 0 
0 0 0 0 0 0 0 16.2241 0 15.5676 0 0 0 0 0 0 0 
0 0 0 0 0 0 0 0 0 0 0 0 0 0 0 0 0 
0 0 0 0 0 0 0 0 1.96348 0 0 0 0 0 0 0 0 
