1 0 0 0 0 0 0 0 0 0 0 0 0 0 0 0 1 
0 0 0 0 0 0 0 0 0 0 0 0 0 0 0 0 0 
0 16 0 0 0 0 0 0 0 0 0 0 0 0 0 16 0 
0 0 32.2874 0 0 0 0 0 0 0 0 0 0 0 31.6319 0 0 
0 0 87.7126 94.254 22.8615 0 0 0 8.16308 0 0 0 23.8183 96.4221 88.3681 0 0 
0 0 0 258.818 256.921 193.741 96.9274 64.7804 0 64.3917 96.8122 195.113 252.47 256.187 0 0 0 
0 0 0 206.928 743.243 684.193 688.008 616.122 783.356 634.571 710.304 679.518 730.458 207.391 0 0 0 
0 0 0 0 570.63 1674.48 1815.98 1930.97 1574.33 1919.85 1825.15 1672.41 582.87 0 0 0 0 
0 0 0 0 226.345 1247.11 2911.87 3700.3 4320.41 3664.65 2925.86 1248.91 230.383 0 0 0 0 
0 0 0 0 0 435.112 1582.38 3100.41 3296.44 3147.58 1566.48 441.093 0 0 0 0 0 
0 0 0 0 0 133.367 788.709 1391.68 2125.75 1394.17 764.187 130.961 0 0 0 0 0 
0 0 0 0 0 0 65.2888 521.621 574.516 501.068 63.6073 0 0 0 0 0 0 
0 0 0 0 0 0 58.8325 97.1283 120.528 96.7696 55.6014 0 0 0 0 0 0 
0 0 0 0 0 0 0 0 64.4039 0 0 0 0 0 0 0 0 
0 0 0 0 0 0 0 16.9859 0 16.9417 0 0 0 0 0 0 0 
0 0 0 0 0 0 0 0 0 0 0 0 0 0 0 0 0 
0 0 0 0 0 0 0 0 2.10466 0 0 0 0 0 0 0 0 
