1 0 0 0 0 0 0 0 0 0 0 0 0 0 0 0 1 
0 0 0 0 0 0 0 0 0 0 0 0 0 0 0 0 0 
0 16 0 0 0 0 0 0 0 0 0 0 0 0 0 16 0 
0 0 31.9371 0 0 0 0 0 0 0 0 0 0 0 32.3508 0 0 
0 0 88.0629 96.8616 23.4481 0 0 0 7.67125 0 0 0 24.3971 98.7075 87.6492 0 0 
0 0 0 251.056 257.723 193.743 94.2041 59.7817 0 59.7681 95.7629 187.975 255 255.216 0 0 0 
0 0 0 212.082 733.109 688.221 700.769 624.233 765.389 623.559 700.635 675.027 735.35 206.076 0 0 0 
0 0 0 0 572.831 1661.67 1837.96 1939.99 1615.79 1934.58 1820.2 1673.16 582.918 0 0 0 0 
0 0 0 0 232.89 1257.36 2914.19 3671.12 4390.55 3688.26 2923.26 1256.66 222.334 0 0 0 0 
0 0 0 0 0 438.208 1568.64 3126.31 3209.45 3122.17 1569.87 451.59 0 0 0 0 0 
0 0 0 0 0 128.793 770.772 1388.82 2108.67 1379.72 778.663 123.594 0 0 0 0 0 
0 0 0 0 0 0 65.1816 514.17 579.937 517.138 64.1354 0 0 0 0 0 0 
0 0 0 0 0 0 56.2793 99.5549 124.338 99.2533 55.4774 0 0 0 0 0 0 
0 0 0 0 0 0 0 0 66.3018 0 0 0 0 0 0 0 0 
0 0 0 0 0 0 0 16.0253 0 15.5591 0 0 0 0 0 0 0 
0 0 0 0 0 0 0 0 0 0 0 0 0 0 0 0 0 
0 0 0 0 0 0 0 0 1.90092 0 0 0 0 0 0 0 0 
