1 0 0 0 0 0 0 0 0 0 0 0 0 0 0 0 1 
0 0 0 0 0 0 0 0 0 0 0 0 0 0 0 0 0 
0 16 0 0 0 0 0 0 0 0 0 0 0 0 0 16 0 
0 0 31.3032 0 0 0 0 0 0 0 0 0 0 0 31.6746 0 0 
0 0 88.6968 93.844 24.3907 0 0 0 8.10462 0 0 0 23.0722 97.3705 88.3254 0 0 
0 0 0 253.666 247.331 187.498 96.1456 64.5274 0 64.8125 93.481 189.49 260.017 256.068 0 0 0 
0 0 0 212.49 746.825 680.752 690.672 617.624 756.952 627.818 695.984 688.404 738.824 206.562 0 0 0 
0 0 0 0 572.82 1679.95 1847.43 1880.25 1592.33 1889.48 1814.3 1664.14 572.455 0 0 0 0 
0 0 0 0 228.632 1241.59 2883.45 3657.61 4351.18 3714.36 2914.15 1249.13 225.631 0 0 0 0 
0 0 0 0 0 449.236 1582.51 3178.95 3284.04 3127.8 1595.46 448.555 0 0 0 0 0 
0 0 0 0 0 128.976 786.081 1394.39 2101.27 1377.83 774.627 128.278 0 0 0 0 0 
0 0 0 0 0 0 64.6201 535.227 591.1 525.844 63.5775 0 0 0 0 0 0 
0 0 0 0 0 0 57.0897 95.0748 119.548 95.5998 56.4229 0 0 0 0 0 0 
0 0 0 0 0 0 0 0 63.4683 0 0 0 0 0 0 0 0 
0 0 0 0 0 0 0 16.339 0 16.4614 0 0 0 0 0 0 0 
0 0 0 0 0 0 0 0 0 0 0 0 0 0 0 0 0 
0 0 0 0 0 0 0 0 2.01666 0 0 0 0 0 0 0 0 
