1 0 0 0 0 0 0 0 0 0 0 0 0 0 0 0 1 
0 0 0 0 0 0 0 0 0 0 0 0 0 0 0 0 0 
0 16 0 0 0 0 0 0 0 0 0 0 0 0 0 16 0 
0 0 31.4815 0 0 0 0 0 0 0 0 0 0 0 32.0488 0 0 
0 0 88.5185 96.2647 25.0329 0 0 0 8.47301 0 0 0 22.5932 95.5465 87.9512 0 0 
0 0 0 256.05 259.293 196.475 95.7281 65.0174 0 65.614 93.8257 187.408 255.023 259.722 0 0 0 
0 0 0 207.685 737.576 694.358 711.41 638.083 780.517 625.804 699.318 681.091 732.549 204.731 0 0 0 
0 0 0 0 570.581 1665.27 1852.03 1971.2 1604.84 1923.85 1804.18 1659.99 579.777 0 0 0 0 
0 0 0 0 227.516 1238.43 2930.05 3697.1 4376.82 3668.7 2948.19 1262.23 230.057 0 0 0 0 
0 0 0 0 0 448.53 1550.07 3084.15 3243.85 3113.96 1565.58 446.289 0 0 0 0 0 
0 0 0 0 0 124.933 750.848 1372.93 2087.5 1415.79 774.831 130.992 0 0 0 0 0 
0 0 0 0 0 0 62.7877 503.289 584.937 512.39 64.7378 0 0 0 0 0 0 
0 0 0 0 0 0 55.0727 92.4873 117.711 97.4815 57.3335 0 0 0 0 0 0 
0 0 0 0 0 0 0 0 63.2528 0 0 0 0 0 0 0 0 
0 0 0 0 0 0 0 15.7456 0 16.4025 0 0 0 0 0 0 0 
0 0 0 0 0 0 0 0 0 0 0 0 0 0 0 0 0 
0 0 0 0 0 0 0 0 2.09039 0 0 0 0 0 0 0 0 
