1 0 0 0 0 0 0 0 0 0 0 0 0 0 0 0 1 
0 0 0 0 0 0 0 0 0 0 0 0 0 0 0 0 0 
0 16 0 0 0 0 0 0 0 0 0 0 0 0 0 16 0 
0 0 32.8988 0 0 0 0 0 0 0 0 0 0 0 31.8599 0 0 
0 0 87.1012 96.8811 23.738 0 0 0 8.06627 0 0 0 25.1894 95.809 88.1401 0 0 
0 0 0 259.394 259.385 192.55 98.4603 64.4574 0 63.6422 95.3548 196.938 253.072 257.716 0 0 0 
0 0 0 203.725 757.55 702.088 708.164 634.908 760.763 628.027 710.108 677.469 743.095 206.475 0 0 0 
0 0 0 0 558.787 1667.04 1860.53 1955.18 1603.86 1919.87 1844.13 1680.44 574.57 0 0 0 0 
0 0 0 0 220.54 1242.17 2927.74 3695.36 4370.41 3660.22 2884.98 1227.79 224.073 0 0 0 0 
0 0 0 0 0 437.162 1548.66 3118.27 3268.5 3134.96 1575.06 455.72 0 0 0 0 0 
0 0 0 0 0 126.989 744.054 1352 2089.54 1413.73 774.305 129.645 0 0 0 0 0 
0 0 0 0 0 0 64.9037 505.514 581.307 505.62 67.8068 0 0 0 0 0 0 
0 0 0 0 0 0 55.4812 97.5805 121.033 98.4387 56.255 0 0 0 0 0 0 
0 0 0 0 0 0 0 0 64.4531 0 0 0 0 0 0 0 0 
0 0 0 0 0 0 0 16.7308 0 15.4937 0 0 0 0 0 0 0 
0 0 0 0 0 0 0 0 0 0 0 0 0 0 0 0 0 
0 0 0 0 0 0 0 0 2.07007 0 0 0 0 0 0 0 0 
