1 0 0 0 0 0 0 0 0 0 0 0 0 0 0 0 1 
0 0 0 0 0 0 0 0 0 0 0 0 0 0 0 0 0 
0 16 0 0 0 0 0 0 0 0 0 0 0 0 0 16 0 
0 0 31.6149 0 0 0 0 0 0 0 0 0 0 0 32.0058 0 0 
0 0 88.3851 95.8073 22.8918 0 0 0 7.85766 0 0 0 24.1412 96.3486 87.9942 0 0 
0 0 0 254.367 257.795 193.679 96.9707 62.2699 0 63.0865 93.6123 193.434 248.383 253.566 0 0 0 
0 0 0 209.825 736.004 690.941 707.224 613.436 761.632 626.737 699.092 679.449 735.406 210.085 0 0 0 
0 0 0 0 569.157 1682.55 1834.62 1939.29 1549.47 1898.7 1836.25 1656.79 582.465 0 0 0 0 
0 0 0 0 234.152 1215.9 2902.17 3698.14 4401.66 3667 2898.01 1261.65 229.605 0 0 0 0 
0 0 0 0 0 455.181 1566.75 3100.49 3272.63 3154.6 1587.4 449.143 0 0 0 0 0 
0 0 0 0 0 129.745 779.108 1395.97 2110.39 1404.12 774.013 127.525 0 0 0 0 0 
0 0 0 0 0 0 63.8672 515.935 578.501 514.471 64.8355 0 0 0 0 0 0 
0 0 0 0 0 0 57.2922 97.4396 121.839 95.7269 54.7906 0 0 0 0 0 0 
0 0 0 0 0 0 0 0 64.0715 0 0 0 0 0 0 0 0 
0 0 0 0 0 0 0 17.034 0 15.5585 0 0 0 0 0 0 0 
0 0 0 0 0 0 0 0 0 0 0 0 0 0 0 0 0 
0 0 0 0 0 0 0 0 1.94498 0 0 0 0 0 0 0 0 
