1 0 0 0 0 0 0 0 0 0 0 0 0 0 0 0 1 
0 0 0 0 0 0 0 0 0 0 0 0 0 0 0 0 0 
0 16 0 0 0 0 0 0 0 0 0 0 0 0 0 16 0 
0 0 31.0834 0 0 0 0 0 0 0 0 0 0 0 31.9514 0 0 
0 0 88.9166 96.1517 24.4511 0 0 0 8.35421 0 0 0 22.9094 96.4039 88.0486 0 0 
0 0 0 252.832 247.551 190.874 97.3345 65.1783 0 66.2402 99.7012 195.339 259.287 257.204 0 0 0 
0 0 0 211.017 744.846 677.119 695.212 639.038 780.644 629.699 707.525 682.299 747.439 206.392 0 0 0 
0 0 0 0 566.995 1662.23 1797.75 1912.24 1614.93 1909.54 1855.23 1692.42 564.679 0 0 0 0 
0 0 0 0 236.157 1258.56 2981.77 3666.65 4349.83 3737.32 2930.1 1230.97 225.686 0 0 0 0 
0 0 0 0 0 446.566 1547.68 3164.32 3250.33 3095.33 1549.15 439.988 0 0 0 0 0 
0 0 0 0 0 132.651 767.185 1373.81 2107.04 1380.6 745.291 126.985 0 0 0 0 0 
0 0 0 0 0 0 64.1381 506.076 571.062 506.224 65.4895 0 0 0 0 0 0 
0 0 0 0 0 0 56.9343 96.3273 120.787 98.0522 55.5124 0 0 0 0 0 0 
0 0 0 0 0 0 0 0 64.9296 0 0 0 0 0 0 0 0 
0 0 0 0 0 0 0 16.3514 0 16.9953 0 0 0 0 0 0 0 
0 0 0 0 0 0 0 0 0 0 0 0 0 0 0 0 0 
0 0 0 0 0 0 0 0 2.08818 0 0 0 0 0 0 0 0 
