1 0 0 0 0 0 0 0 0 0 0 0 0 0 0 0 1 
0 0 0 0 0 0 0 0 0 0 0 0 0 0 0 0 0 
0 16 0 0 0 0 0 0 0 0 0 0 0 0 0 16 0 
0 0 31.4106 0 0 0 0 0 0 0 0 0 0 0 31.7202 0 0 
0 0 88.5894 93.1407 22.5577 0 0 0 7.78107 0 0 0 23.6867 95.3264 88.2798 0 0 
0 0 0 254.36 254.498 193.305 97.7039 66.5055 0 64.0292 95.4428 192.477 254.47 253.338 0 0 0 
0 0 0 212.5 735.965 688.428 711.876 633.765 774.359 629.998 699.744 676.915 745.104 211.336 0 0 0 
0 0 0 0 579.572 1663.39 1811.86 1920.93 1584.43 1897.66 1824.99 1669.66 568.3 0 0 0 0 
0 0 0 0 227.408 1240.96 2942.01 3661.34 4369.94 3721.8 2928.82 1249.91 228.44 0 0 0 0 
0 0 0 0 0 449.832 1557.92 3128.27 3234.41 3100.2 1561.38 453.019 0 0 0 0 0 
0 0 0 0 0 132.08 764.478 1395.81 2113.42 1392.09 778.432 126.014 0 0 0 0 0 
0 0 0 0 0 0 65.1564 518.212 592.925 520.187 63.6485 0 0 0 0 0 0 
0 0 0 0 0 0 56.9972 98.4328 123.482 97.788 55.5355 0 0 0 0 0 0 
0 0 0 0 0 0 0 0 67.3003 0 0 0 0 0 0 0 0 
0 0 0 0 0 0 0 16.7313 0 16.2426 0 0 0 0 0 0 0 
0 0 0 0 0 0 0 0 0 0 0 0 0 0 0 0 0 
0 0 0 0 0 0 0 0 1.96304 0 0 0 0 0 0 0 0 
