1 0 0 0 0 0 0 0 0 0 0 0 0 0 0 0 1 
0 0 0 0 0 0 0 0 0 0 0 0 0 0 0 0 0 
0 16 0 0 0 0 0 0 0 0 0 0 0 0 0 16 0 
0 0 31.9371 0 0 0 0 0 0 0 0 0 0 0 32.0173 0 0 
0 0 88.0629 96.3816 24.6714 0 0 0 8.17292 0 0 0 23.2139 94.2621 87.9827 0 0 
0 0 0 255.986 254.428 191.781 94.2765 64.0412 0 61.7129 93.0354 189.021 252.978 255.045 0 0 0 
0 0 0 207.633 734.776 685.087 707.498 617.929 759.242 606.688 697.758 679.776 742.907 210.693 0 0 0 
0 0 0 0 576.521 1658.35 1825.5 1936.4 1614 1916.09 1842.62 1680 569.746 0 0 0 0 
0 0 0 0 229.604 1253.93 2919.28 3630.5 4399.1 3738.71 2912.68 1250.76 231.156 0 0 0 0 
0 0 0 0 0 448.469 1587.19 3173.54 3268.34 3127.25 1580.31 440.238 0 0 0 0 0 
0 0 0 0 0 130.384 753.771 1392.01 2061.06 1367.03 761.953 128.21 0 0 0 0 0 
0 0 0 0 0 0 65.519 511.406 574.787 508.891 63.2899 0 0 0 0 0 0 
0 0 0 0 0 0 54.9641 97.6512 119.778 97.171 56.36 0 0 0 0 0 0 
0 0 0 0 0 0 0 0 63.5748 0 0 0 0 0 0 0 0 
0 0 0 0 0 0 0 16.5236 0 16.4665 0 0 0 0 0 0 0 
0 0 0 0 0 0 0 0 0 0 0 0 0 0 0 0 0 
0 0 0 0 0 0 0 0 1.94029 0 0 0 0 0 0 0 0 
