1 0 0 0 0 0 0 0 0 0 0 0 0 0 0 0 1 
0 0 0 0 0 0 0 0 0 0 0 0 0 0 0 0 0 
0 16 0 0 0 0 0 0 0 0 0 0 0 0 0 16 0 
0 0 31.92 0 0 0 0 0 0 0 0 0 0 0 31.1903 0 0 
0 0 88.08 97.5758 23.3297 0 0 0 7.98243 0 0 0 23.6801 96.5809 88.8097 0 0 
0 0 0 252.321 253.311 188.152 94.3674 64.0516 0 63.6687 95.5015 189.716 255.831 255.89 0 0 0 
0 0 0 210.103 749.171 696.172 703.957 611.947 745.994 618.548 705.666 685.95 739.097 207.529 0 0 0 
0 0 0 0 568.064 1675.54 1808.18 1930.34 1594.77 1866.36 1791.67 1677.96 575.539 0 0 0 0 
0 0 0 0 226.126 1246.53 2956.18 3700.89 4356.78 3706.26 2949.28 1245.13 225.853 0 0 0 0 
0 0 0 0 0 436.239 1563.32 3140.91 3305.17 3163.56 1583.27 439.973 0 0 0 0 0 
0 0 0 0 0 125.367 765.819 1369.32 2102.95 1388.48 762.634 129.264 0 0 0 0 0 
0 0 0 0 0 0 60.7796 511.801 570.649 520.679 62.6238 0 0 0 0 0 0 
0 0 0 0 0 0 55.3945 94.5466 119.075 96.2571 57.3477 0 0 0 0 0 0 
0 0 0 0 0 0 0 0 64.5665 0 0 0 0 0 0 0 0 
0 0 0 0 0 0 0 16.2027 0 16.1768 0 0 0 0 0 0 0 
0 0 0 0 0 0 0 0 0 0 0 0 0 0 0 0 0 
0 0 0 0 0 0 0 0 2.06841 0 0 0 0 0 0 0 0 
