1 0 0 0 0 0 0 0 0 0 0 0 0 0 0 0 1 
0 0 0 0 0 0 0 0 0 0 0 0 0 0 0 0 0 
0 16 0 0 0 0 0 0 0 0 0 0 0 0 0 16 0 
0 0 32.501 0 0 0 0 0 0 0 0 0 0 0 33.742 0 0 
0 0 87.499 97.1564 24.485 0 0 0 7.67227 0 0 0 24.1598 95.8106 86.258 0 0 
0 0 0 255.879 255.669 194.794 98.7612 65.0165 0 63.0507 96.0537 197.501 254.842 258.792 0 0 0 
0 0 0 206.964 735.661 676.173 717.649 618.292 770.742 622.342 705.427 697.472 741.292 205.397 0 0 0 
0 0 0 0 580.041 1655.66 1782.06 1885.04 1592.89 1912.98 1845.44 1660.13 575.138 0 0 0 0 
0 0 0 0 224.145 1261.87 2939.2 3705.64 4343.16 3684.66 2911.8 1236.26 224.568 0 0 0 0 
0 0 0 0 0 454.848 1577.28 3144.93 3254.46 3155.5 1562.39 450.157 0 0 0 0 0 
0 0 0 0 0 124.653 773.411 1414.08 2155.01 1393.09 764.52 126.478 0 0 0 0 0 
0 0 0 0 0 0 63.5009 495.721 566.993 498.056 66.1538 0 0 0 0 0 0 
0 0 0 0 0 0 56.1352 95.2823 115.572 94.8122 56.2126 0 0 0 0 0 0 
0 0 0 0 0 0 0 0 61.4997 0 0 0 0 0 0 0 0 
0 0 0 0 0 0 0 15.9992 0 15.5193 0 0 0 0 0 0 0 
0 0 0 0 0 0 0 0 0 0 0 0 0 0 0 0 0 
0 0 0 0 0 0 0 0 1.99704 0 0 0 0 0 0 0 0 
