1 0 0 0 0 0 0 0 0 0 0 0 0 0 0 0 1 
0 0 0 0 0 0 0 0 0 0 0 0 0 0 0 0 0 
0 16 0 0 0 0 0 0 0 0 0 0 0 0 0 16 0 
0 0 31.0553 0 0 0 0 0 0 0 0 0 0 0 31.7145 0 0 
0 0 88.9447 93.6411 22.4848 0 0 0 7.84744 0 0 0 23.482 95.2861 88.2855 0 0 
0 0 0 257.386 247.316 187.31 96.9644 65.4427 0 62.6232 92.4419 191.918 252.949 255.622 0 0 0 
0 0 0 208.973 737.358 669.688 690.375 633.846 775.738 625.332 710.355 690.282 750.387 209.092 0 0 0 
0 0 0 0 583.441 1665 1810.48 1899.95 1655.52 1989.73 1867.2 1671.54 562.082 0 0 0 0 
0 0 0 0 229.401 1269.45 2954.88 3705.42 4354.8 3694.68 2899.4 1236.28 231.101 0 0 0 0 
0 0 0 0 0 446.272 1572.39 3139.76 3246.9 3063 1544.75 447.916 0 0 0 0 0 
0 0 0 0 0 130.285 759.989 1368.82 2061.34 1389.73 774.006 130.065 0 0 0 0 0 
0 0 0 0 0 0 65.1227 511.24 578.595 499.35 63.6585 0 0 0 0 0 0 
0 0 0 0 0 0 57.7942 99.1084 120.366 99.2565 56.1853 0 0 0 0 0 0 
0 0 0 0 0 0 0 0 66.969 0 0 0 0 0 0 0 0 
0 0 0 0 0 0 0 16.4057 0 16.2904 0 0 0 0 0 0 0 
0 0 0 0 0 0 0 0 0 0 0 0 0 0 0 0 0 
0 0 0 0 0 0 0 0 1.92568 0 0 0 0 0 0 0 0 
