1 0 0 0 0 0 0 0 0 0 0 0 0 0 0 0 0 
0 0 0 0 0 0 0 0 0 0 0 0 0 0 0 0 0 
0 16 0 0 0 0 0 0 0 0 0 0 0 0 0 0 0 
0 0 32 0 0 0 0 0 0 0 0 0 0 0 0 0 0 
0 0 88 96.0907 24.0227 0 0 0 7.98139 0 0 0 0 0 0 0 0 
0 0 0 255.819 256.165 191.621 96.0424 63.8511 0 0 0 0 0 0 0 0 0 
0 0 0 208.091 736.456 689.328 706.803 627.055 768.144 0 0 0 0 0 0 0 0 
0 0 0 0 574.504 1664.04 1823.79 1914.35 1604.3 0 0 0 0 0 0 0 0 
0 0 0 0 228.853 1245.8 2916.29 3690.01 4350.07 0 0 0 0 0 0 0 0 
0 0 0 0 0 448.876 1580.48 3119.32 3265.77 0 0 0 0 0 0 0 0 
0 0 0 0 0 128.341 764.493 1403.13 2108.95 0 0 0 0 0 0 0 0 
0 0 0 0 0 0 64.334 510.563 578.201 0 0 0 0 0 0 0 0 
0 0 0 0 0 0 55.764 95.7894 120.627 0 0 0 0 0 0 0 0 
0 0 0 0 0 0 0 0 63.9579 0 0 0 0 0 0 0 0 
0 0 0 0 0 0 0 15.9326 0 0 0 0 0 0 0 0 0 
0 0 0 0 0 0 0 0 0 0 0 0 0 0 0 0 0 
0 0 0 0 0 0 0 0 1.99157 0 0 0 0 0 0 0 0 
