1 0 0 0 0 0 0 0 0 0 0 0 0 0 0 0 0 
0 0 0 0 0 0 0 0 0 0 0 0 0 0 0 0 0 
0 16 0 0 0 0 0 0 0 0 0 0 0 0 0 0 0 
0 0 32 0 0 0 0 0 0 0 0 0 0 0 0 0 0 
0 0 88 95.7797 23.9449 0 0 0 7.88991 0 0 0 0 0 0 0 0 
0 0 0 256.441 255.744 192.362 95.3166 63.1193 0 0 0 0 0 0 0 0 0 
0 0 0 207.78 735.79 687.132 700.507 622.467 767.104 0 0 0 0 0 0 0 0 
0 0 0 0 577.407 1663.46 1826.97 1928.72 1601.84 0 0 0 0 0 0 0 0 
0 0 0 0 227.114 1249.05 2936.08 3668.82 4351.26 0 0 0 0 0 0 0 0 
0 0 0 0 0 449.186 1559.4 3137.24 3268.02 0 0 0 0 0 0 0 0 
0 0 0 0 0 126.811 770.142 1399.52 2113.69 0 0 0 0 0 0 0 0 
0 0 0 0 0 0 64.1175 509.402 575.87 0 0 0 0 0 0 0 0 
0 0 0 0 0 0 55.4735 94.8576 119.04 0 0 0 0 0 0 0 0 
0 0 0 0 0 0 0 0 63.3176 0 0 0 0 0 0 0 0 
0 0 0 0 0 0 0 15.8496 0 0 0 0 0 0 0 0 0 
0 0 0 0 0 0 0 0 0 0 0 0 0 0 0 0 0 
0 0 0 0 0 0 0 0 1.9812 0 0 0 0 0 0 0 0 
