1 0 0 0 0 0 0 0 0 0 0 0 0 0 0 0 0 
0 0 0 0 0 0 0 0 0 0 0 0 0 0 0 0 0 
0 16 0 0 0 0 0 0 0 0 0 0 0 0 0 0 0 
0 0 32 0 0 0 0 0 0 0 0 0 0 0 0 0 0 
0 0 88 96.3253 24.0813 0 0 0 7.9158 0 0 0 0 0 0 0 0 
0 0 0 255.349 256.174 191.803 96.7528 63.3264 0 0 0 0 0 0 0 0 0 
0 0 0 208.325 735.482 687.056 698.878 622.933 767.742 0 0 0 0 0 0 0 0 
0 0 0 0 576.188 1665.21 1829.84 1924.79 1598.76 0 0 0 0 0 0 0 0 
0 0 0 0 228.075 1248.96 2928.04 3673.8 4358.24 0 0 0 0 0 0 0 0 
0 0 0 0 0 447.198 1567.05 3139.18 3266.5 0 0 0 0 0 0 0 0 
0 0 0 0 0 127.767 767.782 1394.55 2106.43 0 0 0 0 0 0 0 0 
0 0 0 0 0 0 63.3802 509.511 578.93 0 0 0 0 0 0 0 0 
0 0 0 0 0 0 56.2751 95.84 119.653 0 0 0 0 0 0 0 0 
0 0 0 0 0 0 0 0 63.8119 0 0 0 0 0 0 0 0 
0 0 0 0 0 0 0 16.0786 0 0 0 0 0 0 0 0 0 
0 0 0 0 0 0 0 0 0 0 0 0 0 0 0 0 0 
0 0 0 0 0 0 0 0 2.00983 0 0 0 0 0 0 0 0 
