1 0 0 0 0 0 0 0 0 0 0 0 0 0 0 0 0 
0 0 0 0 0 0 0 0 0 0 0 0 0 0 0 0 0 
0 16 0 0 0 0 0 0 0 0 0 0 0 0 0 0 0 
0 0 32 0 0 0 0 0 0 0 0 0 0 0 0 0 0 
0 0 88 96.2784 24.0696 0 0 0 8.08869 0 0 0 0 0 0 0 0 
0 0 0 255.443 255.949 191.573 95.2107 64.7095 0 0 0 0 0 0 0 0 0 
0 0 0 208.278 735.777 688.824 703.874 619.003 764.227 0 0 0 0 0 0 0 0 
0 0 0 0 576.323 1663.93 1827.79 1920.85 1598.62 0 0 0 0 0 0 0 0 
0 0 0 0 227.883 1246.87 2924.75 3683.63 4359.08 0 0 0 0 0 0 0 0 
0 0 0 0 0 449.323 1567.65 3139.58 3274.46 0 0 0 0 0 0 0 0 
0 0 0 0 0 127.487 768.213 1391.47 2107.52 0 0 0 0 0 0 0 0 
0 0 0 0 0 0 64.9426 508.318 569.965 0 0 0 0 0 0 0 0 
0 0 0 0 0 0 55.5651 96.5628 122.092 0 0 0 0 0 0 0 0 
0 0 0 0 0 0 0 0 63.9565 0 0 0 0 0 0 0 0 
0 0 0 0 0 0 0 15.8757 0 0 0 0 0 0 0 0 0 
0 0 0 0 0 0 0 0 0 0 0 0 0 0 0 0 0 
0 0 0 0 0 0 0 0 1.98447 0 0 0 0 0 0 0 0 
