1 0 0 0 0 0 0 0 0 0 0 0 0 0 0 0 0 
0 0 0 0 0 0 0 0 0 0 0 0 0 0 0 0 0 
0 16 0 0 0 0 0 0 0 0 0 0 0 0 0 0 0 
0 0 32 0 0 0 0 0 0 0 0 0 0 0 0 0 0 
0 0 88 96.3371 24.0843 0 0 0 8.11506 0 0 0 0 0 0 0 0 
0 0 0 255.326 256.47 193.657 96.7118 64.9205 0 0 0 0 0 0 0 0 0 
0 0 0 208.337 736.703 688.393 706.222 626.152 764.933 0 0 0 0 0 0 0 0 
0 0 0 0 572.849 1659.28 1822.88 1915.57 1609.77 0 0 0 0 0 0 0 0 
0 0 0 0 229.895 1249.54 2924.02 3679.96 4342.15 0 0 0 0 0 0 0 0 
0 0 0 0 0 449.235 1566.49 3134.89 3277.39 0 0 0 0 0 0 0 0 
0 0 0 0 0 127.9 772.018 1396.79 2102.17 0 0 0 0 0 0 0 0 
0 0 0 0 0 0 63.6777 508.693 579.573 0 0 0 0 0 0 0 0 
0 0 0 0 0 0 55.9753 97.0287 119.836 0 0 0 0 0 0 0 0 
0 0 0 0 0 0 0 0 64.0597 0 0 0 0 0 0 0 0 
0 0 0 0 0 0 0 15.9929 0 0 0 0 0 0 0 0 0 
0 0 0 0 0 0 0 0 0 0 0 0 0 0 0 0 0 
0 0 0 0 0 0 0 0 1.99912 0 0 0 0 0 0 0 0 
