1 0 0 0 0 0 0 0 0 0 0 0 0 0 0 0 0 
0 0 0 0 0 0 0 0 0 0 0 0 0 0 0 0 0 
0 16 0 0 0 0 0 0 0 0 0 0 0 0 0 0 0 
0 0 32 0 0 0 0 0 0 0 0 0 0 0 0 0 0 
0 0 88 95.7387 23.9347 0 0 0 7.99308 0 0 0 0 0 0 0 0 
0 0 0 256.523 256.021 192.063 95.6611 63.9446 0 0 0 0 0 0 0 0 0 
0 0 0 207.739 735.363 688.822 706.034 626.695 770.653 0 0 0 0 0 0 0 0 
0 0 0 0 577.473 1662.27 1825.14 1914.39 1591.86 0 0 0 0 0 0 0 0 
0 0 0 0 227.209 1248.32 2919.24 3684.66 4366.99 0 0 0 0 0 0 0 0 
0 0 0 0 0 448.947 1574.72 3132.06 3254.18 0 0 0 0 0 0 0 0 
0 0 0 0 0 127.578 767.743 1395.16 2118.32 0 0 0 0 0 0 0 0 
0 0 0 0 0 0 63.8529 510.933 573.439 0 0 0 0 0 0 0 0 
0 0 0 0 0 0 55.6048 96.2772 120.799 0 0 0 0 0 0 0 0 
0 0 0 0 0 0 0 0 63.7865 0 0 0 0 0 0 0 0 
0 0 0 0 0 0 0 15.8871 0 0 0 0 0 0 0 0 0 
0 0 0 0 0 0 0 0 0 0 0 0 0 0 0 0 0 
0 0 0 0 0 0 0 0 1.98589 0 0 0 0 0 0 0 0 
