1 0 0 0 0 0 0 0 0 0 0 0 0 0 0 0 0 
0 0 0 0 0 0 0 0 0 0 0 0 0 0 0 0 0 
0 16 0 0 0 0 0 0 0 0 0 0 0 0 0 0 0 
0 0 32 0 0 0 0 0 0 0 0 0 0 0 0 0 0 
0 0 88 95.7621 23.9405 0 0 0 7.99765 0 0 0 0 0 0 0 0 
0 0 0 256.476 256.235 192.246 96.0743 63.9812 0 0 0 0 0 0 0 0 0 
0 0 0 207.762 736.507 691.231 702.913 623.175 769.741 0 0 0 0 0 0 0 0 
0 0 0 0 574.52 1659.05 1825.48 1924.1 1597.61 0 0 0 0 0 0 0 0 
0 0 0 0 228.798 1249.33 2929.36 3672.98 4351.79 0 0 0 0 0 0 0 0 
0 0 0 0 0 446.032 1567.1 3141.97 3273.24 0 0 0 0 0 0 0 0 
0 0 0 0 0 130.108 765.7 1390.57 2108.96 0 0 0 0 0 0 0 0 
0 0 0 0 0 0 64.4542 510.168 573.391 0 0 0 0 0 0 0 0 
0 0 0 0 0 0 56.9159 96.8021 120.661 0 0 0 0 0 0 0 0 
0 0 0 0 0 0 0 0 64.5676 0 0 0 0 0 0 0 0 
0 0 0 0 0 0 0 16.2617 0 0 0 0 0 0 0 0 0 
0 0 0 0 0 0 0 0 0 0 0 0 0 0 0 0 0 
0 0 0 0 0 0 0 0 2.03271 0 0 0 0 0 0 0 0 
