1 0 0 0 0 0 0 0 0 0 0 0 0 0 0 0 0 
0 0 0 0 0 0 0 0 0 0 0 0 0 0 0 0 0 
0 16 0 0 0 0 0 0 0 0 0 0 0 0 0 0 0 
0 0 32 0 0 0 0 0 0 0 0 0 0 0 0 0 0 
0 0 88 96.4251 24.1063 0 0 0 8.10523 0 0 0 0 0 0 0 0 
0 0 0 255.15 256.164 191.654 96.1512 64.8418 0 0 0 0 0 0 0 0 0 
0 0 0 208.425 735.725 686.765 703.957 620.392 770.609 0 0 0 0 0 0 0 0 
0 0 0 0 575.633 1668.95 1824.32 1930.73 1601.14 0 0 0 0 0 0 0 0 
0 0 0 0 228.371 1243.07 2930.21 3666.92 4354.14 0 0 0 0 0 0 0 0 
0 0 0 0 0 449.662 1561.96 3141.68 3250.96 0 0 0 0 0 0 0 0 
0 0 0 0 0 127.893 771.512 1389.89 2125.07 0 0 0 0 0 0 0 0 
0 0 0 0 0 0 63.8875 513.615 574.035 0 0 0 0 0 0 0 0 
0 0 0 0 0 0 56.0105 95.927 120.123 0 0 0 0 0 0 0 0 
0 0 0 0 0 0 0 0 63.8146 0 0 0 0 0 0 0 0 
0 0 0 0 0 0 0 16.003 0 0 0 0 0 0 0 0 0 
0 0 0 0 0 0 0 0 0 0 0 0 0 0 0 0 0 
0 0 0 0 0 0 0 0 2.00038 0 0 0 0 0 0 0 0 
