1 0 0 0 0 0 0 0 0 0 0 0 0 0 0 0 0 
0 0 0 0 0 0 0 0 0 0 0 0 0 0 0 0 0 
0 16 0 0 0 0 0 0 0 0 0 0 0 0 0 0 0 
0 0 32 0 0 0 0 0 0 0 0 0 0 0 0 0 0 
0 0 88 96.3547 24.0887 0 0 0 7.89711 0 0 0 0 0 0 0 0 
0 0 0 255.291 256.421 191.78 95.4792 63.1769 0 0 0 0 0 0 0 0 0 
0 0 0 208.355 735.39 686.669 700.724 624.62 766.222 0 0 0 0 0 0 0 0 
0 0 0 0 575.603 1668.22 1825.52 1923.01 1602 0 0 0 0 0 0 0 0 
0 0 0 0 228.497 1244.3 2938.29 3676.08 4361.61 0 0 0 0 0 0 0 0 
0 0 0 0 0 449.18 1558.7 3139.41 3253.74 0 0 0 0 0 0 0 0 
0 0 0 0 0 127.858 769.321 1387.31 2118.01 0 0 0 0 0 0 0 0 
0 0 0 0 0 0 63.7913 513.957 573.919 0 0 0 0 0 0 0 0 
0 0 0 0 0 0 56.1744 96.3943 120.476 0 0 0 0 0 0 0 0 
0 0 0 0 0 0 0 0 64.1109 0 0 0 0 0 0 0 0 
0 0 0 0 0 0 0 16.0498 0 0 0 0 0 0 0 0 0 
0 0 0 0 0 0 0 0 0 0 0 0 0 0 0 0 0 
0 0 0 0 0 0 0 0 2.00623 0 0 0 0 0 0 0 0 
