1 0 0 0 0 0 0 0 0 0 0 0 0 0 0 0 0 
0 0 0 0 0 0 0 0 0 0 0 0 0 0 0 0 0 
0 16 0 0 0 0 0 0 0 0 0 0 0 0 0 0 0 
0 0 32 0 0 0 0 0 0 0 0 0 0 0 0 0 0 
0 0 88 96.3664 24.0916 0 0 0 8.0314 0 0 0 0 0 0 0 0 
0 0 0 255.267 255.143 191.388 96.2318 64.2512 0 0 0 0 0 0 0 0 0 
0 0 0 208.366 736.428 687.925 701.458 622.769 766.966 0 0 0 0 0 0 0 0 
0 0 0 0 577.348 1665.59 1828.72 1917.06 1597.16 0 0 0 0 0 0 0 0 
0 0 0 0 226.989 1248.01 2925.44 3683.85 4352.95 0 0 0 0 0 0 0 0 
0 0 0 0 0 446.564 1567.71 3140.53 3279.09 0 0 0 0 0 0 0 0 
0 0 0 0 0 128.521 769.168 1387.98 2106.88 0 0 0 0 0 0 0 0 
0 0 0 0 0 0 62.8325 511.601 573.334 0 0 0 0 0 0 0 0 
0 0 0 0 0 0 56.4465 95.8252 119.628 0 0 0 0 0 0 0 0 
0 0 0 0 0 0 0 0 63.944 0 0 0 0 0 0 0 0 
0 0 0 0 0 0 0 16.1276 0 0 0 0 0 0 0 0 0 
0 0 0 0 0 0 0 0 0 0 0 0 0 0 0 0 0 
0 0 0 0 0 0 0 0 2.01595 0 0 0 0 0 0 0 0 
