1 0 0 0 0 0 0 0 0 0 0 0 0 0 0 0 0 
0 0 0 0 0 0 0 0 0 0 0 0 0 0 0 0 0 
0 16 0 0 0 0 0 0 0 0 0 0 0 0 0 0 0 
0 0 32 0 0 0 0 0 0 0 0 0 0 0 0 0 0 
0 0 88 95.8736 23.9684 0 0 0 8.05787 0 0 0 0 0 0 0 0 
0 0 0 256.253 254.685 191.187 96.6656 64.463 0 0 0 0 0 0 0 0 0 
0 0 0 207.874 738.227 687.371 703.134 625.067 769.468 0 0 0 0 0 0 0 0 
0 0 0 0 575.617 1666.89 1821.71 1924.07 1600.94 0 0 0 0 0 0 0 0 
0 0 0 0 227.502 1247.12 2932.85 3664.9 4351.32 0 0 0 0 0 0 0 0 
0 0 0 0 0 447.667 1565.51 3143.4 3265.79 0 0 0 0 0 0 0 0 
0 0 0 0 0 127.765 767.989 1397.37 2111.44 0 0 0 0 0 0 0 0 
0 0 0 0 0 0 64.1021 509.476 576.448 0 0 0 0 0 0 0 0 
0 0 0 0 0 0 56.0442 95.2403 120.591 0 0 0 0 0 0 0 0 
0 0 0 0 0 0 0 0 63.9452 0 0 0 0 0 0 0 0 
0 0 0 0 0 0 0 16.0126 0 0 0 0 0 0 0 0 0 
0 0 0 0 0 0 0 0 0 0 0 0 0 0 0 0 0 
0 0 0 0 0 0 0 0 2.00158 0 0 0 0 0 0 0 0 
