1 0 0 0 0 0 0 0 0 0 0 0 0 0 0 0 1 
0 0 0 0 0 0 0 0 0 0 0 0 0 0 0 0 0 
0 16 0 0 0 0 0 0 0 0 0 0 0 0 0 16 0 
0 0 32.1648 0 0 0 0 0 0 0 0 0 0 0 32.0655 0 0 
0 0 87.8352 94.4732 24.4224 0 0 0 8.14385 0 0 0 23.4879 96.7546 87.9345 0 0 
0 0 0 255.628 255.467 192.372 96.7635 64.6724 0 65.0015 95.9549 191.76 255.085 255.132 0 0 0 
0 0 0 209.899 736.557 685.221 699.964 626.988 763.939 618.562 701.083 687.538 739.082 208.113 0 0 0 
0 0 0 0 575.228 1677.17 1848.88 1920.65 1595.12 1901.5 1815.13 1677.95 574.352 0 0 0 0 
0 0 0 0 228.326 1235.95 2924.74 3697.86 4382.29 3695.09 2940.89 1239.5 227.993 0 0 0 0 
0 0 0 0 0 450.514 1554.79 3125.89 3267.04 3148.33 1571.85 441.694 0 0 0 0 0 
0 0 0 0 0 126.779 763.529 1378.16 2086.94 1390.18 761.116 129.556 0 0 0 0 0 
0 0 0 0 0 0 64.3123 514.399 579.44 507.614 64.7932 0 0 0 0 0 0 
0 0 0 0 0 0 55.0116 95.5127 120.035 98.2304 57.1762 0 0 0 0 0 0 
0 0 0 0 0 0 0 0 64.9844 0 0 0 0 0 0 0 0 
0 0 0 0 0 0 0 15.8652 0 15.4949 0 0 0 0 0 0 0 
0 0 0 0 0 0 0 0 0 0 0 0 0 0 0 0 0 
0 0 0 0 0 0 0 0 2.06049 0 0 0 0 0 0 0 0 
