1 0 0 0 0 0 0 0 0 0 0 0 0 0 0 0 1 
0 0 0 0 0 0 0 0 0 0 0 0 0 0 0 0 0 
0 16 0 0 0 0 0 0 0 0 0 0 0 0 0 16 0 
0 0 32.1069 0 0 0 0 0 0 0 0 0 0 0 31.9923 0 0 
0 0 87.8931 94.9837 23.8314 0 0 0 8.12748 0 0 0 24.5697 97.2222 88.0077 0 0 
0 0 0 259.236 260.356 188.3 93.16 63.9614 0 62.3921 95.278 189.349 258.139 255.876 0 0 0 
0 0 0 205.781 731.388 686.733 710.917 620.844 765.742 625.008 718.566 694.547 737.94 206.902 0 0 0 
0 0 0 0 577.69 1661.81 1807.73 1910.41 1610.42 1923.54 1831.19 1666.15 572.708 0 0 0 0 
0 0 0 0 226.734 1249.78 2927.31 3679.58 4338.08 3672.6 2890.39 1241.33 226.643 0 0 0 0 
0 0 0 0 0 455.454 1567.6 3139.72 3274.24 3112.79 1577.44 447.641 0 0 0 0 0 
0 0 0 0 0 125.921 781.476 1399.43 2102.58 1407.74 772.424 128.984 0 0 0 0 0 
0 0 0 0 0 0 62.8615 513.573 580.684 522.444 65.4046 0 0 0 0 0 0 
0 0 0 0 0 0 56.9467 96.0186 123.126 96.9658 57.3051 0 0 0 0 0 0 
0 0 0 0 0 0 0 0 64.959 0 0 0 0 0 0 0 0 
0 0 0 0 0 0 0 16.4671 0 16.5249 0 0 0 0 0 0 0 
0 0 0 0 0 0 0 0 0 0 0 0 0 0 0 0 0 
0 0 0 0 0 0 0 0 2.03918 0 0 0 0 0 0 0 0 
