1 0 0 0 0 0 0 0 0 0 0 0 0 0 0 0 1 
0 0 0 0 0 0 0 0 0 0 0 0 0 0 0 0 0 
0 16 0 0 0 0 0 0 0 0 0 0 0 0 0 16 0 
0 0 32.7931 0 0 0 0 0 0 0 0 0 0 0 32.875 0 0 
0 0 87.2069 97.2938 24.3133 0 0 0 7.94738 0 0 0 24.2659 97.1182 87.125 0 0 
0 0 0 256.334 256.032 194.387 96.6916 63.6439 0 64.8925 95.3702 188.877 255.782 256.163 0 0 0 
0 0 0 206.372 739.239 687.676 703.097 623.352 778.824 625.549 705.502 689.194 738.149 206.718 0 0 0 
0 0 0 0 576.922 1668.62 1809.32 1914.5 1602.75 1925.67 1830.87 1681.51 575.843 0 0 0 0 
0 0 0 0 223.494 1243.16 2943.53 3692.34 4357.47 3691.11 2917.9 1226.26 225.96 0 0 0 0 
0 0 0 0 0 446.446 1553.98 3118.54 3256.68 3122.16 1564.96 454.484 0 0 0 0 0 
0 0 0 0 0 127.712 780.483 1398.5 2110.38 1394.21 775.489 127.669 0 0 0 0 0 
0 0 0 0 0 0 64.391 515.267 571.183 506.049 62.4727 0 0 0 0 0 0 
0 0 0 0 0 0 56.5073 97.3957 118.638 94.655 55.4345 0 0 0 0 0 0 
0 0 0 0 0 0 0 0 64.0706 0 0 0 0 0 0 0 0 
0 0 0 0 0 0 0 16.4553 0 15.7027 0 0 0 0 0 0 0 
0 0 0 0 0 0 0 0 0 0 0 0 0 0 0 0 0 
0 0 0 0 0 0 0 0 2.05449 0 0 0 0 0 0 0 0 
