1 0 0 0 0 0 0 0 0 0 0 0 0 0 0 0 1 
0 0 0 0 0 0 0 0 0 0 0 0 0 0 0 0 0 
0 16 0 0 0 0 0 0 0 0 0 0 0 0 0 16 0 
0 0 32.1086 0 0 0 0 0 0 0 0 0 0 0 32.2209 0 0 
0 0 87.8914 98.0139 25.074 0 0 0 8.2231 0 0 0 23.8347 95.8639 87.7791 0 0 
0 0 0 256.989 257.803 192.449 97.2675 63.8078 0 64.4609 96.2823 190.117 254.529 257.184 0 0 0 
0 0 0 204.997 741.8 687.333 699.959 623.836 762.073 615.637 692.657 682.431 737.214 206.952 0 0 0 
0 0 0 0 570.69 1664.41 1800.02 1895.2 1571.1 1898.19 1823.22 1669.82 575.207 0 0 0 0 
0 0 0 0 224.633 1252 2935.64 3668.58 4358.77 3676.05 2936.35 1245.95 229.215 0 0 0 0 
0 0 0 0 0 444.607 1584.52 3165.22 3302.7 3172.58 1575.03 450.375 0 0 0 0 0 
0 0 0 0 0 127.206 771.773 1396.11 2111.71 1394.41 764.14 129.312 0 0 0 0 0 
0 0 0 0 0 0 62.8301 515.747 567.107 506.758 64.1426 0 0 0 0 0 0 
0 0 0 0 0 0 55.9854 95.437 122.634 96.0682 56.1796 0 0 0 0 0 0 
0 0 0 0 0 0 0 0 63.6407 0 0 0 0 0 0 0 0 
0 0 0 0 0 0 0 16.0705 0 15.8549 0 0 0 0 0 0 0 
0 0 0 0 0 0 0 0 0 0 0 0 0 0 0 0 0 
0 0 0 0 0 0 0 0 2.03777 0 0 0 0 0 0 0 0 
