1 0 0 0 0 0 0 0 0 0 0 0 0 0 0 0 1 
0 0 0 0 0 0 0 0 0 0 0 0 0 0 0 0 0 
0 16 0 0 0 0 0 0 0 0 0 0 0 0 0 16 0 
0 0 32.4366 0 0 0 0 0 0 0 0 0 0 0 31.5718 0 0 
0 0 87.5634 95.9785 23.5184 0 0 0 7.77946 0 0 0 23.2151 92.8398 88.4282 0 0 
0 0 0 256.144 258.428 191.202 95.6193 63.322 0 62.0048 94.2445 187.046 253.674 255.91 0 0 0 
0 0 0 207.878 746.609 697.667 705.344 618.479 754.062 620.445 703.415 689.595 732.959 211.25 0 0 0 
0 0 0 0 566.151 1669.24 1830.93 1953.79 1601.9 1911.63 1831.04 1668.03 579.385 0 0 0 0 
0 0 0 0 225.294 1242.14 2925.39 3640.83 4361.97 3703.09 2930.86 1244.72 230.768 0 0 0 0 
0 0 0 0 0 440.607 1563.93 3161.58 3283.96 3141.62 1566.95 449.936 0 0 0 0 0 
0 0 0 0 0 127.151 766.894 1386.58 2093.07 1381.45 761.095 128.664 0 0 0 0 0 
0 0 0 0 0 0 63.8147 503.975 580.625 508.611 64.7763 0 0 0 0 0 0 
0 0 0 0 0 0 56.0734 95.4575 121.101 95.4029 55.6203 0 0 0 0 0 0 
0 0 0 0 0 0 0 0 63.4244 0 0 0 0 0 0 0 0 
0 0 0 0 0 0 0 15.992 0 15.7392 0 0 0 0 0 0 0 
0 0 0 0 0 0 0 0 0 0 0 0 0 0 0 0 0 
0 0 0 0 0 0 0 0 2.09952 0 0 0 0 0 0 0 0 
