1 0 0 0 0 0 0 0 0 0 0 0 0 0 0 0 1 
0 0 0 0 0 0 0 0 0 0 0 0 0 0 0 0 0 
0 16 0 0 0 0 0 0 0 0 0 0 0 0 0 16 0 
0 0 31.2965 0 0 0 0 0 0 0 0 0 0 0 31.6452 0 0 
0 0 88.7035 95.0461 23.6329 0 0 0 7.55585 0 0 0 23.3197 95.1447 88.3548 0 0 
0 0 0 256.957 251.224 193.815 96.7919 61.2125 0 64.443 95.727 194.642 257.847 257.729 0 0 0 
0 0 0 207.997 740.575 699.232 710.362 621.379 763.018 626.097 704.599 694.553 733.005 207.126 0 0 0 
0 0 0 0 575.751 1638.82 1817.14 1890.3 1591.01 1904.29 1811.95 1675.82 578.003 0 0 0 0 
0 0 0 0 228.817 1259.14 2917.14 3697.98 4365.27 3713.05 2966.28 1231.22 227.825 0 0 0 0 
0 0 0 0 0 446.788 1573.92 3144.45 3279.18 3120.04 1546.52 444.482 0 0 0 0 0 
0 0 0 0 0 130.198 773.7 1402.43 2104.86 1385.98 764.093 127.282 0 0 0 0 0 
0 0 0 0 0 0 63.4973 512.633 575.958 514.218 63.6074 0 0 0 0 0 0 
0 0 0 0 0 0 55.4505 94.1664 118.654 96.131 55.2304 0 0 0 0 0 0 
0 0 0 0 0 0 0 0 62.6563 0 0 0 0 0 0 0 0 
0 0 0 0 0 0 0 15.4504 0 15.7457 0 0 0 0 0 0 0 
0 0 0 0 0 0 0 0 0 0 0 0 0 0 0 0 0 
0 0 0 0 0 0 0 0 1.83726 0 0 0 0 0 0 0 0 
