1 0 0 0 0 0 0 0 0 0 0 0 0 0 0 0 1 
0 0 0 0 0 0 0 0 0 0 0 0 0 0 0 0 0 
0 16 0 0 0 0 0 0 0 0 0 0 0 0 0 16 0 
0 0 31.79 0 0 0 0 0 0 0 0 0 0 0 32.363 0 0 
0 0 88.21 96.2823 23.8521 0 0 0 8.37547 0 0 0 24.9553 97.379 87.637 0 0 
0 0 0 255.616 256.695 192.56 96.6381 64.8039 0 64.0859 97.9361 197.58 255.232 253.365 0 0 0 
0 0 0 208.102 734.642 692.979 705.168 633.484 768.465 626.426 712.453 692.463 736.957 209.256 0 0 0 
0 0 0 0 578.258 1661.25 1821.54 1938.46 1599.88 1924.69 1820.85 1655.87 572.65 0 0 0 0 
0 0 0 0 226.552 1243.01 2921.06 3643.34 4354.98 3698.81 2915.49 1248.85 230.207 0 0 0 0 
0 0 0 0 0 450.935 1570.67 3140.24 3279.4 3128.89 1572.35 442.592 0 0 0 0 0 
0 0 0 0 0 127.268 770.354 1391 2099.1 1375.5 768.338 130.645 0 0 0 0 0 
0 0 0 0 0 0 65.4405 515.51 573.354 510.157 64.0633 0 0 0 0 0 0 
0 0 0 0 0 0 57.1321 97.0959 120.241 95.5603 56.5197 0 0 0 0 0 0 
0 0 0 0 0 0 0 0 64.2134 0 0 0 0 0 0 0 0 
0 0 0 0 0 0 0 16.0684 0 15.8823 0 0 0 0 0 0 0 
0 0 0 0 0 0 0 0 0 0 0 0 0 0 0 0 0 
0 0 0 0 0 0 0 0 1.99088 0 0 0 0 0 0 0 0 
