1 0 0 0 0 0 0 0 0 0 0 0 0 0 0 0 1 
0 0 0 0 0 0 0 0 0 0 0 0 0 0 0 0 0 
0 16 0 0 0 0 0 0 0 0 0 0 0 0 0 16 0 
0 0 32.0947 0 0 0 0 0 0 0 0 0 0 0 31.8167 0 0 
0 0 87.9053 94.9229 23.9641 0 0 0 7.68947 0 0 0 23.9131 97.0104 88.1833 0 0 
0 0 0 257.351 255.591 192.138 96.2829 62.9886 0 63.6183 95.22 191.624 257.447 256.937 0 0 0 
0 0 0 207.726 737.772 689.681 710.865 626.902 766.821 621.87 702.696 691.044 736.46 206.052 0 0 0 
0 0 0 0 576.554 1660.25 1826.09 1913.05 1584.93 1914.65 1825.05 1665.26 576.961 0 0 0 0 
0 0 0 0 226.12 1248.77 2925.53 3673.45 4374.61 3702.59 2938.48 1249.47 225.218 0 0 0 0 
0 0 0 0 0 448.572 1558.11 3144.52 3289.95 3134.31 1567.71 442.679 0 0 0 0 0 
0 0 0 0 0 128.587 769.003 1395.73 2091.48 1384.91 758.729 127.928 0 0 0 0 0 
0 0 0 0 0 0 65.8961 510.805 569.679 506.233 63.0837 0 0 0 0 0 0 
0 0 0 0 0 0 56.2248 96.3574 119.661 95.6744 57.0357 0 0 0 0 0 0 
0 0 0 0 0 0 0 0 63.1504 0 0 0 0 0 0 0 0 
0 0 0 0 0 0 0 16.1941 0 16.1462 0 0 0 0 0 0 0 
0 0 0 0 0 0 0 0 0 0 0 0 0 0 0 0 0 
0 0 0 0 0 0 0 0 2.02678 0 0 0 0 0 0 0 0 
