1 0 0 0 0 0 0 0 0 0 0 0 0 0 0 0 1 
0 0 0 0 0 0 0 0 0 0 0 0 0 0 0 0 0 
0 16 0 0 0 0 0 0 0 0 0 0 0 0 0 16 0 
0 0 31.4893 0 0 0 0 0 0 0 0 0 0 0 32.0599 0 0 
0 0 88.5107 96.5831 24.074 0 0 0 7.96391 0 0 0 23.8618 95.3442 87.9401 0 0 
0 0 0 256.54 256.137 191.588 95.6176 63.7111 0 63.5967 96.3816 192.586 255.114 255.446 0 0 0 
0 0 0 206.877 737.647 688.769 704.726 624.224 769.837 623.75 704.958 691.151 732.944 209.209 0 0 0 
0 0 0 0 576.35 1681.31 1831.94 1915.74 1597.59 1924.37 1826.01 1657.81 578.419 0 0 0 0 
0 0 0 0 225.792 1238.29 2930.7 3685.38 4347.2 3684.61 2933.05 1249.55 229.662 0 0 0 0 
0 0 0 0 0 440.193 1566.89 3144.01 3283.7 3133.15 1557.8 450.091 0 0 0 0 0 
0 0 0 0 0 127.848 760.469 1388.67 2108.24 1391.56 770.943 126.815 0 0 0 0 0 
0 0 0 0 0 0 61.8485 507.839 571.797 509.005 63.715 0 0 0 0 0 0 
0 0 0 0 0 0 55.809 94.3487 118.614 94.3477 55.145 0 0 0 0 0 0 
0 0 0 0 0 0 0 0 63.0803 0 0 0 0 0 0 0 0 
0 0 0 0 0 0 0 16.0824 0 15.6179 0 0 0 0 0 0 0 
0 0 0 0 0 0 0 0 0 0 0 0 0 0 0 0 0 
0 0 0 0 0 0 0 0 1.97691 0 0 0 0 0 0 0 0 
