1 0 0 0 0 0 0 0 0 0 0 0 0 0 0 0 1 
0 0 0 0 0 0 0 0 0 0 0 0 0 0 0 0 0 
0 16 0 0 0 0 0 0 0 0 0 0 0 0 0 16 0 
0 0 32.3825 0 0 0 0 0 0 0 0 0 0 0 32.3223 0 0 
0 0 87.6175 96.8244 23.3871 0 0 0 7.99719 0 0 0 24.0684 97.4019 87.6777 0 0 
0 0 0 256.821 254.733 190.924 94.9826 63.8653 0 64.9604 96.5265 192.917 258.05 255.187 0 0 0 
0 0 0 206.355 734.893 684.758 703.14 625.362 762.801 620.091 709.798 693.387 735.913 207.411 0 0 0 
0 0 0 0 581.047 1658.47 1815 1905.93 1607.67 1926.52 1824.24 1666.19 575.522 0 0 0 0 
0 0 0 0 225.939 1258.52 2937.6 3693.23 4361.97 3685.41 2924.62 1243.57 226.446 0 0 0 0 
0 0 0 0 0 449.878 1568.15 3136.08 3247.68 3131.35 1566.37 443.205 0 0 0 0 0 
0 0 0 0 0 125.454 769.777 1392.54 2111.82 1386.37 766.211 128.728 0 0 0 0 0 
0 0 0 0 0 0 64.0941 512.028 584.654 513.736 63.5766 0 0 0 0 0 0 
0 0 0 0 0 0 55.2509 94.7765 119.394 95.5245 56.6542 0 0 0 0 0 0 
0 0 0 0 0 0 0 0 63.9909 0 0 0 0 0 0 0 0 
0 0 0 0 0 0 0 16.1938 0 16.024 0 0 0 0 0 0 0 
0 0 0 0 0 0 0 0 0 0 0 0 0 0 0 0 0 
0 0 0 0 0 0 0 0 2.01237 0 0 0 0 0 0 0 0 
