1 0 0 0 0 0 0 0 0 0 0 0 0 0 0 0 1 
0 0 0 0 0 0 0 0 0 0 0 0 0 0 0 0 0 
0 16 0 0 0 0 0 0 0 0 0 0 0 0 0 16 0 
0 0 31.9607 0 0 0 0 0 0 0 0 0 0 0 32.0972 0 0 
0 0 88.0393 95.1458 23.6139 0 0 0 7.88314 0 0 0 24.1941 95.5671 87.9028 0 0 
0 0 0 257.287 253.548 187.687 94.4585 62.8454 0 63.3084 96.0643 192.755 257.273 255.552 0 0 0 
0 0 0 207.567 737.224 684.375 699.975 622.754 766.379 630.903 704.666 686.029 732.567 208.881 0 0 0 
0 0 0 0 578.477 1666.21 1833.86 1924.43 1603.5 1903.55 1816.75 1667.59 576.457 0 0 0 0 
0 0 0 0 227.137 1258.32 2925.28 3670.25 4364.62 3686.36 2945.91 1245.83 229.509 0 0 0 0 
0 0 0 0 0 445.101 1562.83 3137.85 3258.74 3144.66 1560.13 446.04 0 0 0 0 0 
0 0 0 0 0 126.309 772.146 1391.63 2099.09 1382.31 761.902 129.763 0 0 0 0 0 
0 0 0 0 0 0 63.5142 516.738 581.582 514.37 64.9993 0 0 0 0 0 0 
0 0 0 0 0 0 55.9426 97.5168 121.886 98.1034 57.5739 0 0 0 0 0 0 
0 0 0 0 0 0 0 0 64.2793 0 0 0 0 0 0 0 0 
0 0 0 0 0 0 0 15.9898 0 16.4298 0 0 0 0 0 0 0 
0 0 0 0 0 0 0 0 0 0 0 0 0 0 0 0 0 
0 0 0 0 0 0 0 0 2.04911 0 0 0 0 0 0 0 0 
