1 0 0 0 0 0 0 0 0 0 0 0 0 0 0 0 1 
0 0 0 0 0 0 0 0 0 0 0 0 0 0 0 0 0 
0 16 0 0 0 0 0 0 0 0 0 0 0 0 0 16 0 
0 0 31.5173 0 0 0 0 0 0 0 0 0 0 0 31.7056 0 0 
0 0 88.4827 95.2945 23.5675 0 0 0 7.87313 0 0 0 23.5507 95.477 88.2944 0 0 
0 0 0 256.379 254.343 188.364 94.9613 63.2184 0 63.1303 94.3325 190.967 257.252 255.549 0 0 0 
0 0 0 208.327 736.494 683.958 694.4 618.858 756.707 613.795 697.135 689.685 734.388 208.974 0 0 0 
0 0 0 0 576.249 1668.45 1821.89 1919.73 1603.91 1919.14 1827.95 1662.8 574.908 0 0 0 0 
0 0 0 0 229.346 1247.12 2939.14 3693.95 4351.89 3671.56 2920.8 1246.97 229.9 0 0 0 0 
0 0 0 0 0 452.469 1567.63 3133.24 3272.12 3152.75 1577.46 449.198 0 0 0 0 0 
0 0 0 0 0 127.642 770.18 1380.37 2110.29 1391.8 769.694 128.382 0 0 0 0 0 
0 0 0 0 0 0 64.2109 518.213 579.462 514.632 63.9592 0 0 0 0 0 0 
0 0 0 0 0 0 55.5843 96.3275 121.729 96.8886 56.6743 0 0 0 0 0 0 
0 0 0 0 0 0 0 0 64.0215 0 0 0 0 0 0 0 0 
0 0 0 0 0 0 0 16.0869 0 16.305 0 0 0 0 0 0 0 
0 0 0 0 0 0 0 0 0 0 0 0 0 0 0 0 0 
0 0 0 0 0 0 0 0 1.99377 0 0 0 0 0 0 0 0 
