1 0 0 0 0 0 0 0 0 0 0 0 0 0 0 0 1 
0 0 0 0 0 0 0 0 0 0 0 0 0 0 0 0 0 
0 16 0 0 0 0 0 0 0 0 0 0 0 0 0 16 0 
0 0 32.2258 0 0 0 0 0 0 0 0 0 0 0 31.9886 0 0 
0 0 87.7742 97.727 24.3825 0 0 0 8.02024 0 0 0 24.5944 95.9544 88.0114 0 0 
0 0 0 254.376 255.533 194.087 96.3872 63.5321 0 64.2309 96.5472 197.525 260.399 256.685 0 0 0 
0 0 0 207.897 741.863 685.216 708.32 623.668 761.076 621.027 703.534 690.955 732.674 207.36 0 0 0 
0 0 0 0 572.218 1674.56 1822.8 1932.76 1615.21 1929.4 1858.46 1666.75 573.619 0 0 0 0 
0 0 0 0 226.003 1246.59 2943.3 3692.11 4369.54 3730.73 2893.06 1235.81 228.714 0 0 0 0 
0 0 0 0 0 441.741 1560.67 3125.77 3277.68 3106.93 1570.1 448.818 0 0 0 0 0 
0 0 0 0 0 125.804 758.132 1387.26 2084.34 1377.96 767.744 128.146 0 0 0 0 0 
0 0 0 0 0 0 63.2933 503.116 570.472 500.298 62.7334 0 0 0 0 0 0 
0 0 0 0 0 0 55.0843 95.8062 118.544 93.4725 55.8124 0 0 0 0 0 0 
0 0 0 0 0 0 0 0 63.1496 0 0 0 0 0 0 0 0 
0 0 0 0 0 0 0 15.9723 0 15.9513 0 0 0 0 0 0 0 
0 0 0 0 0 0 0 0 0 0 0 0 0 0 0 0 0 
0 0 0 0 0 0 0 0 1.95635 0 0 0 0 0 0 0 0 
