1 0 0 0 0 0 0 0 0 0 0 0 0 0 0 0 1 
0 0 0 0 0 0 0 0 0 0 0 0 0 0 0 0 0 
0 16 0 0 0 0 0 0 0 0 0 0 0 0 0 16 0 
0 0 31.5896 0 0 0 0 0 0 0 0 0 0 0 31.5581 0 0 
0 0 88.4104 94.5941 23.7579 0 0 0 7.58545 0 0 0 24.707 96.482 88.4419 0 0 
0 0 0 256.514 254.627 191.701 96.8834 63.4442 0 65.2627 98.9491 191.239 256.16 255.405 0 0 0 
0 0 0 208.892 739.582 690.446 706.307 625.414 764.851 619.848 695.416 680.769 736.453 208.113 0 0 0 
0 0 0 0 574.433 1671.07 1834.96 1926.85 1609.66 1912.97 1816.64 1670.05 575.163 0 0 0 0 
0 0 0 0 227.6 1246.67 2926.76 3676.83 4379.24 3690.72 2928.44 1247.91 227.517 0 0 0 0 
0 0 0 0 0 443.296 1563.93 3137.48 3247.38 3126.21 1578.26 450.559 0 0 0 0 0 
0 0 0 0 0 124.816 761.861 1387.9 2098.08 1398.3 771.166 127.472 0 0 0 0 0 
0 0 0 0 0 0 62.6854 510.144 575.212 515.45 63.089 0 0 0 0 0 0 
0 0 0 0 0 0 54.6177 96.1389 122.414 95.1961 56.0424 0 0 0 0 0 0 
0 0 0 0 0 0 0 0 63.6607 0 0 0 0 0 0 0 0 
0 0 0 0 0 0 0 15.7898 0 16.0446 0 0 0 0 0 0 0 
0 0 0 0 0 0 0 0 0 0 0 0 0 0 0 0 0 
0 0 0 0 0 0 0 0 1.92315 0 0 0 0 0 0 0 0 
