1 0 0 0 0 0 0 0 0 0 0 0 0 0 0 0 1 
0 0 0 0 0 0 0 0 0 0 0 0 0 0 0 0 0 
0 16 0 0 0 0 0 0 0 0 0 0 0 0 0 16 0 
0 0 31.3937 0 0 0 0 0 0 0 0 0 0 0 32.2471 0 0 
0 0 88.6063 88.5858 24.6574 0 0 0 8.12506 0 0 0 24.7718 100.101 87.7529 0 0 
0 0 0 258.31 255.404 195.407 100.016 66.3673 0 64.8822 97.8986 194.443 255.87 252.515 0 0 0 
0 0 0 213.104 742.38 676.895 714.103 647.368 768.838 603.9 696.006 685.499 731.847 207.384 0 0 0 
0 0 0 0 561.954 1675.33 1874.76 1919.52 1587.6 1926 1797.17 1634.42 575.135 0 0 0 0 
0 0 0 0 235.605 1257.68 2878.98 3683.74 4305.54 3673.68 2948.23 1276.47 232.376 0 0 0 0 
0 0 0 0 0 432.631 1567 3119.49 3370.81 3198.77 1596.68 450.275 0 0 0 0 0 
0 0 0 0 0 130.058 751.669 1395.12 2092.73 1369.24 754.033 126.897 0 0 0 0 0 
0 0 0 0 0 0 66.4219 501.042 552.827 492.227 63.8986 0 0 0 0 0 0 
0 0 0 0 0 0 55.0522 91.5701 117.704 95.3993 54.0846 0 0 0 0 0 0 
0 0 0 0 0 0 0 0 63.7216 0 0 0 0 0 0 0 0 
0 0 0 0 0 0 0 15.781 0 15.8962 0 0 0 0 0 0 0 
0 0 0 0 0 0 0 0 0 0 0 0 0 0 0 0 0 
0 0 0 0 0 0 0 0 2.11412 0 0 0 0 0 0 0 0 
