1 0 0 0 0 0 0 0 0 0 0 0 0 0 0 0 1 
0 0 0 0 0 0 0 0 0 0 0 0 0 0 0 0 0 
0 16 0 0 0 0 0 0 0 0 0 0 0 0 0 16 0 
0 0 30.7416 0 0 0 0 0 0 0 0 0 0 0 32.0832 0 0 
0 0 89.2584 96.3527 24.6666 0 0 0 8.84191 0 0 0 23.498 97.0881 87.9168 0 0 
0 0 0 261.626 253.573 194.672 98.3538 67.8826 0 65.8928 94.1919 193.837 255.824 258.777 0 0 0 
0 0 0 202.021 742.84 681.8 708.349 613.809 760.496 614.88 710.757 693.956 741.426 204.135 0 0 0 
0 0 0 0 569.416 1669.64 1811.26 1903.4 1557.96 1954.56 1845.14 1684.13 589.459 0 0 0 0 
0 0 0 0 229.504 1237.9 2984.08 3708.52 4451.79 3664.1 2955.01 1247.73 209.794 0 0 0 0 
0 0 0 0 0 459.698 1528.59 3191.1 3230.47 3132.16 1533.23 431.466 0 0 0 0 0 
0 0 0 0 0 124.286 760.597 1383.91 2145.66 1406.27 756.505 116.881 0 0 0 0 0 
0 0 0 0 0 0 61.4957 464.516 536.646 488.016 61.6144 0 0 0 0 0 0 
0 0 0 0 0 0 55.2726 91.7483 113.702 98.8564 51.5562 0 0 0 0 0 0 
0 0 0 0 0 0 0 0 62.5779 0 0 0 0 0 0 0 0 
0 0 0 0 0 0 0 15.1042 0 15.2567 0 0 0 0 0 0 0 
0 0 0 0 0 0 0 0 0 0 0 0 0 0 0 0 0 
0 0 0 0 0 0 0 0 1.86335 0 0 0 0 0 0 0 0 
