1 0 0 0 0 0 0 0 0 0 0 0 0 0 0 0 1 
0 0 0 0 0 0 0 0 0 0 0 0 0 0 0 0 0 
0 16 0 0 0 0 0 0 0 0 0 0 0 0 0 16 0 
0 0 32.4413 0 0 0 0 0 0 0 0 0 0 0 31.7794 0 0 
0 0 87.5587 97.2988 23.9539 0 0 0 8.06232 0 0 0 23.7486 95.1101 88.2206 0 0 
0 0 0 256.21 255.491 193.844 96.4301 64.1601 0 64.6048 96.9835 192.604 255.606 257.535 0 0 0 
0 0 0 206.491 739.958 692.151 708.601 630.285 777.99 623.114 700.89 684.816 733.323 207.355 0 0 0 
0 0 0 0 575.054 1662.73 1827.44 1919.73 1607.04 1912.93 1818.63 1658.3 580.096 0 0 0 0 
0 0 0 0 225.543 1245.85 2918.26 3683.91 4345.71 3693.6 2938.26 1255.12 227.226 0 0 0 0 
0 0 0 0 0 447.13 1569.8 3125.92 3274.89 3132.58 1565.11 449.651 0 0 0 0 0 
0 0 0 0 0 126.297 769.002 1396.15 2093.57 1389.47 769.743 127.515 0 0 0 0 0 
0 0 0 0 0 0 63.7785 508.558 579.062 513.57 62.7234 0 0 0 0 0 0 
0 0 0 0 0 0 54.6785 95.5626 119.066 94.3473 55.6708 0 0 0 0 0 0 
0 0 0 0 0 0 0 0 62.6251 0 0 0 0 0 0 0 0 
0 0 0 0 0 0 0 15.7319 0 15.7841 0 0 0 0 0 0 0 
0 0 0 0 0 0 0 0 0 0 0 0 0 0 0 0 0 
0 0 0 0 0 0 0 0 1.98797 0 0 0 0 0 0 0 0 
