1 0 0 0 0 0 0 0 0 0 0 0 0 0 0 0 1 
0 0 0 0 0 0 0 0 0 0 0 0 0 0 0 0 0 
0 16 0 0 0 0 0 0 0 0 0 0 0 0 0 16 0 
0 0 31.9366 0 0 0 0 0 0 0 0 0 0 0 31.6657 0 0 
0 0 88.0634 97.416 24.3413 0 0 0 8.05906 0 0 0 23.8777 97.0943 88.3343 0 0 
0 0 0 255.039 254.567 190.933 95.1036 62.9027 0 64.9549 96.787 191.989 254.996 255.905 0 0 0 
0 0 0 207.545 735.538 683.964 701.953 620.008 764.472 620.182 695.997 683.943 737.822 207.001 0 0 0 
0 0 0 0 579.41 1668.72 1802.34 1903.33 1591.77 1899.64 1813.73 1667.42 576.052 0 0 0 0 
0 0 0 0 226.143 1249.25 2949.32 3675.14 4349.87 3689.77 2936.1 1253.03 227.253 0 0 0 0 
0 0 0 0 0 448.206 1570.26 3158.4 3265.86 3151.39 1569.85 443.817 0 0 0 0 0 
0 0 0 0 0 126.919 769.007 1393.76 2123.32 1391.57 776.094 127.8 0 0 0 0 0 
0 0 0 0 0 0 64.3619 516.029 580.494 511.488 64.0936 0 0 0 0 0 0 
0 0 0 0 0 0 55.6576 94.5676 121.106 95.255 55.3467 0 0 0 0 0 0 
0 0 0 0 0 0 0 0 63.0556 0 0 0 0 0 0 0 0 
0 0 0 0 0 0 0 15.8657 0 15.7536 0 0 0 0 0 0 0 
0 0 0 0 0 0 0 0 0 0 0 0 0 0 0 0 0 
0 0 0 0 0 0 0 0 2.00238 0 0 0 0 0 0 0 0 
