1 0 0 0 0 0 0 0 0 0 0 0 0 0 0 0 1 
0 0 0 0 0 0 0 0 0 0 0 0 0 0 0 0 0 
0 16 0 0 0 0 0 0 0 0 0 0 0 0 0 16 0 
0 0 32.2055 0 0 0 0 0 0 0 0 0 0 0 31.8664 0 0 
0 0 87.7945 96.5464 24.3184 0 0 0 8.30962 0 0 0 23.9379 96.6231 88.1336 0 0 
0 0 0 255.297 255.304 193.558 98.3877 65.4538 0 64.549 94.8887 191.283 255.309 255.216 0 0 0 
0 0 0 208.157 739.852 693.085 705.564 628.126 776.322 628.696 701.366 686.279 734.806 208.161 0 0 0 
0 0 0 0 572.447 1667.07 1831.13 1919.35 1600.4 1915.96 1831.17 1663.91 577.362 0 0 0 0 
0 0 0 0 228.078 1242.88 2922.05 3671.71 4347.46 3681.24 2926.95 1249.02 228.586 0 0 0 0 
0 0 0 0 0 444.102 1562.43 3145.31 3267.84 3132.51 1560.99 448.5 0 0 0 0 0 
0 0 0 0 0 127.308 768.414 1386.03 2106.95 1392.42 772.478 129.011 0 0 0 0 0 
0 0 0 0 0 0 64.4054 512.51 577.051 512.647 64.2802 0 0 0 0 0 0 
0 0 0 0 0 0 55.6142 95.6354 119.789 95.9515 55.8706 0 0 0 0 0 0 
0 0 0 0 0 0 0 0 63.8463 0 0 0 0 0 0 0 0 
0 0 0 0 0 0 0 15.8793 0 16.0333 0 0 0 0 0 0 0 
0 0 0 0 0 0 0 0 0 0 0 0 0 0 0 0 0 
0 0 0 0 0 0 0 0 2.02365 0 0 0 0 0 0 0 0 
