1 0 0 0 0 0 0 0 0 0 0 0 0 0 0 0 1 
0 0 0 0 0 0 0 0 0 0 0 0 0 0 0 0 0 
0 16 0 0 0 0 0 0 0 0 0 0 0 0 0 16 0 
0 0 32.2432 0 0 0 0 0 0 0 0 0 0 0 31.9033 0 0 
0 0 87.7568 95.8339 24.0044 0 0 0 7.97782 0 0 0 24.7017 96.8209 88.0967 0 0 
0 0 0 256.36 255.156 191.611 96.4215 65.2048 0 64.4154 96.5967 194.258 256.255 256.022 0 0 0 
0 0 0 207.806 739.337 692.659 704.232 621.812 769.777 632.086 710.921 693.422 739.098 207.157 0 0 0 
0 0 0 0 575.148 1651.62 1819.56 1922.99 1594.07 1926.41 1830.52 1666.32 575.258 0 0 0 0 
0 0 0 0 226.355 1254.37 2933.14 3665.18 4352.76 3690.82 2925.91 1242.5 224.688 0 0 0 0 
0 0 0 0 0 450.139 1565.6 3158.1 3272.52 3117.13 1554.56 444.939 0 0 0 0 0 
0 0 0 0 0 127.604 767.726 1380.63 2110.93 1386.05 770.163 126.56 0 0 0 0 0 
0 0 0 0 0 0 65.5574 513.891 576.569 511.546 63.3676 0 0 0 0 0 0 
0 0 0 0 0 0 55.7615 96.2303 119.606 95.5932 55.9578 0 0 0 0 0 0 
0 0 0 0 0 0 0 0 63.729 0 0 0 0 0 0 0 0 
0 0 0 0 0 0 0 15.9584 0 15.942 0 0 0 0 0 0 0 
0 0 0 0 0 0 0 0 0 0 0 0 0 0 0 0 0 
0 0 0 0 0 0 0 0 2.06402 0 0 0 0 0 0 0 0 
