1 0 0 0 0 0 0 0 0 0 0 0 0 0 0 0 1 
0 0 0 0 0 0 0 0 0 0 0 0 0 0 0 0 0 
0 16 0 0 0 0 0 0 0 0 0 0 0 0 0 16 0 
0 0 32.0982 0 0 0 0 0 0 0 0 0 0 0 32.2332 0 0 
0 0 87.9018 96.637 23.7991 0 0 0 7.9182 0 0 0 24.2518 96.8064 87.7668 0 0 
0 0 0 256.25 254.687 189.66 95.2835 63.1469 0 64.1657 96.7684 193.153 257.245 254.193 0 0 0 
0 0 0 207.113 736.534 684.266 702.172 625.933 772.516 622.599 702.655 691.049 733.154 209 0 0 0 
0 0 0 0 578.432 1666.52 1817.62 1915.55 1600.39 1916.78 1834.15 1659.26 575.979 0 0 0 0 
0 0 0 0 226.548 1250.71 2928.33 3678.8 4339.73 3678.75 2919.09 1244.73 229.37 0 0 0 0 
0 0 0 0 0 447.883 1572.62 3132.53 3276.02 3132.97 1569.39 450.82 0 0 0 0 0 
0 0 0 0 0 128.956 770.775 1391.93 2103.18 1401.62 766.561 128.988 0 0 0 0 0 
0 0 0 0 0 0 64.4645 518.773 581.091 511.368 62.9215 0 0 0 0 0 0 
0 0 0 0 0 0 56.73 97.132 122.658 95.681 56.4721 0 0 0 0 0 0 
0 0 0 0 0 0 0 0 64.4323 0 0 0 0 0 0 0 0 
0 0 0 0 0 0 0 16.204 0 16.0679 0 0 0 0 0 0 0 
0 0 0 0 0 0 0 0 0 0 0 0 0 0 0 0 0 
0 0 0 0 0 0 0 0 2.06426 0 0 0 0 0 0 0 0 
