1 0 0 0 0 0 0 0 0 0 0 0 0 0 0 0 1 
0 0 0 0 0 0 0 0 0 0 0 0 0 0 0 0 0 
0 16 0 0 0 0 0 0 0 0 0 0 0 0 0 16 0 
0 0 31.6949 0 0 0 0 0 0 0 0 0 0 0 31.7663 0 0 
0 0 88.3051 95.3272 24.0116 0 0 0 7.96842 0 0 0 23.5991 96.3746 88.2337 0 0 
0 0 0 257.44 255.83 193.096 95.1999 63.7075 0 63.8864 95.9044 191.763 256.84 256.719 0 0 0 
0 0 0 207.233 736.711 687.624 703.39 625.11 768.739 626.61 707.645 692.932 738.892 206.907 0 0 0 
0 0 0 0 576.019 1658.26 1826.8 1921.72 1607.04 1922.2 1823.53 1655.99 572.807 0 0 0 0 
0 0 0 0 227.428 1254.74 2929.8 3690.19 4359.86 3680.98 2928.7 1249.04 227.862 0 0 0 0 
0 0 0 0 0 446.774 1565.72 3129.39 3256.84 3125.45 1554.54 449.66 0 0 0 0 0 
0 0 0 0 0 127.507 767.206 1385.96 2110.31 1397.74 777.866 128.616 0 0 0 0 0 
0 0 0 0 0 0 63.6913 512.263 573.278 511.751 63.7733 0 0 0 0 0 0 
0 0 0 0 0 0 56.1964 95.3879 119.885 95.2979 56.0514 0 0 0 0 0 0 
0 0 0 0 0 0 0 0 64.0708 0 0 0 0 0 0 0 0 
0 0 0 0 0 0 0 16.2605 0 16.0922 0 0 0 0 0 0 0 
0 0 0 0 0 0 0 0 0 0 0 0 0 0 0 0 0 
0 0 0 0 0 0 0 0 2.01024 0 0 0 0 0 0 0 0 
