1 0 0 0 0 0 0 0 0 0 0 0 0 0 0 0 1 
0 0 0 0 0 0 0 0 0 0 0 0 0 0 0 0 0 
0 16 0 0 0 0 0 0 0 0 0 0 0 0 0 16 0 
0 0 32.1396 0 0 0 0 0 0 0 0 0 0 0 31.9733 0 0 
0 0 87.8604 96.09 24.0604 0 0 0 7.89416 0 0 0 23.9314 95.6561 88.0267 0 0 
0 0 0 255.676 254.793 191.832 95.3315 63.9583 0 63.0708 95.4334 188.917 253.505 256.869 0 0 0 
0 0 0 208.234 734.516 685.667 700.101 624.525 768.224 622.765 704.362 685.876 735.47 207.474 0 0 0 
0 0 0 0 578.65 1663.81 1824.29 1926.78 1599.59 1925.19 1828.25 1668.76 579.469 0 0 0 0 
0 0 0 0 227.981 1250.94 2931.2 3671.2 4366.59 3688.83 2921.81 1251.52 227.624 0 0 0 0 
0 0 0 0 0 448.458 1570.66 3146.12 3261.69 3125.13 1569.29 444.84 0 0 0 0 0 
0 0 0 0 0 127.297 765.781 1384.41 2105.9 1391.07 768.688 128.082 0 0 0 0 0 
0 0 0 0 0 0 64.5182 510.653 575.775 512.592 64.4665 0 0 0 0 0 0 
0 0 0 0 0 0 56.1204 96.3487 119.289 95.413 55.707 0 0 0 0 0 0 
0 0 0 0 0 0 0 0 63.0694 0 0 0 0 0 0 0 0 
0 0 0 0 0 0 0 16.0142 0 15.9356 0 0 0 0 0 0 0 
0 0 0 0 0 0 0 0 0 0 0 0 0 0 0 0 0 
0 0 0 0 0 0 0 0 1.98271 0 0 0 0 0 0 0 0 
