1 0 0 0 0 0 0 0 0 0 0 0 0 0 0 0 1 
0 0 0 0 0 0 0 0 0 0 0 0 0 0 0 0 0 
0 16 0 0 0 0 0 0 0 0 0 0 0 0 0 16 0 
0 0 31.4841 0 0 0 0 0 0 0 0 0 0 0 31.8663 0 0 
0 0 88.5159 95.1645 23.3972 0 0 0 8.02907 0 0 0 24.6972 96.793 88.1337 0 0 
0 0 0 254.891 254.849 190.949 96.5937 63.7411 0 63.929 95.7617 194.806 259.695 256.656 0 0 0 
0 0 0 209.945 731.287 684.483 699.203 622.139 759.989 619.809 709.211 691.498 733.94 206.551 0 0 0 
0 0 0 0 579.345 1667.15 1820.12 1915.9 1595.47 1916.03 1828.82 1663.69 574.018 0 0 0 0 
0 0 0 0 231.121 1243.49 2932.16 3690.23 4345.67 3682.81 2920.28 1243.32 227.649 0 0 0 0 
0 0 0 0 0 452.366 1571.46 3137.21 3282.46 3138.58 1562 445.412 0 0 0 0 0 
0 0 0 0 0 129.559 767.027 1384.63 2112.73 1388.37 771.866 129.277 0 0 0 0 0 
0 0 0 0 0 0 65.137 513.12 577.985 517.723 63.6214 0 0 0 0 0 0 
0 0 0 0 0 0 56.3029 96.9912 121.443 96.6411 56.4428 0 0 0 0 0 0 
0 0 0 0 0 0 0 0 64.2482 0 0 0 0 0 0 0 0 
0 0 0 0 0 0 0 16.0502 0 16.1123 0 0 0 0 0 0 0 
0 0 0 0 0 0 0 0 0 0 0 0 0 0 0 0 0 
0 0 0 0 0 0 0 0 1.97567 0 0 0 0 0 0 0 0 
