1 0 0 0 0 0 0 0 0 0 0 0 0 0 0 0 1 
0 0 0 0 0 0 0 0 0 0 0 0 0 0 0 0 0 
0 16 0 0 0 0 0 0 0 0 0 0 0 0 0 16 0 
0 0 31.9857 0 0 0 0 0 0 0 0 0 0 0 32.0445 0 0 
0 0 88.0143 95.7484 24.2477 0 0 0 7.98011 0 0 0 23.8845 95.4718 87.9555 0 0 
0 0 0 256.956 256.274 192.487 95.8121 64.2835 0 63.915 94.0724 191.605 254.69 257.419 0 0 0 
0 0 0 207.295 737.766 687.952 700.812 625.907 770.597 621.472 701.569 687.707 738.907 207.109 0 0 0 
0 0 0 0 573.981 1667.73 1823.74 1909.42 1600.42 1923.17 1824.69 1658.54 574.717 0 0 0 0 
0 0 0 0 227.732 1244.39 2938.04 3679.7 4359.43 3688.67 2936.86 1255.69 227.802 0 0 0 0 
0 0 0 0 0 446.918 1567.64 3147.06 3264.76 3134.15 1563.67 446.027 0 0 0 0 0 
0 0 0 0 0 128.519 762.038 1394.9 2110.33 1387.22 767.578 128.426 0 0 0 0 0 
0 0 0 0 0 0 63.8168 506.928 571.142 510.831 63.8173 0 0 0 0 0 0 
0 0 0 0 0 0 56.096 95.6576 119.621 94.8108 55.7491 0 0 0 0 0 0 
0 0 0 0 0 0 0 0 63.7429 0 0 0 0 0 0 0 0 
0 0 0 0 0 0 0 16.1497 0 15.7696 0 0 0 0 0 0 0 
0 0 0 0 0 0 0 0 0 0 0 0 0 0 0 0 0 
0 0 0 0 0 0 0 0 1.97817 0 0 0 0 0 0 0 0 
