1 0 0 0 0 0 0 0 0 0 0 0 0 0 0 0 1 
0 0 0 0 0 0 0 0 0 0 0 0 0 0 0 0 0 
0 16 0 0 0 0 0 0 0 0 0 0 0 0 0 16 0 
0 0 32.1755 0 0 0 0 0 0 0 0 0 0 0 32.1508 0 0 
0 0 87.8245 96.2463 24.121 0 0 0 7.7086 0 0 0 23.8785 95.3855 87.8492 0 0 
0 0 0 255.743 256.106 192.215 95.9932 63.5275 0 63.0514 94.7379 190.123 255.45 256.64 0 0 0 
0 0 0 208.011 736.369 690.948 703.72 618.982 765.875 623.256 704.327 684.117 733.078 207.974 0 0 0 
0 0 0 0 574.212 1660.25 1841.97 1928.11 1602.36 1913.99 1815.59 1665.43 577.853 0 0 0 0 
0 0 0 0 229.192 1248.84 2919.77 3678.39 4347.24 3673.28 2932.29 1253.34 229.74 0 0 0 0 
0 0 0 0 0 447.436 1564.96 3138.95 3267.27 3146.69 1568.87 446.627 0 0 0 0 0 
0 0 0 0 0 128.312 761.937 1391 2120.76 1391.41 772.138 128.365 0 0 0 0 0 
0 0 0 0 0 0 63.8612 509.972 572.815 516.452 63.5998 0 0 0 0 0 0 
0 0 0 0 0 0 55.7838 95.0878 119.862 95.841 56.4508 0 0 0 0 0 0 
0 0 0 0 0 0 0 0 64.1254 0 0 0 0 0 0 0 0 
0 0 0 0 0 0 0 15.9798 0 16.026 0 0 0 0 0 0 0 
0 0 0 0 0 0 0 0 0 0 0 0 0 0 0 0 0 
0 0 0 0 0 0 0 0 1.99113 0 0 0 0 0 0 0 0 
