1 0 0 0 0 0 0 0 0 0 0 0 0 0 0 0 1 
0 0 0 0 0 0 0 0 0 0 0 0 0 0 0 0 0 
0 16 0 0 0 0 0 0 0 0 0 0 0 0 0 16 0 
0 0 32.2665 0 0 0 0 0 0 0 0 0 0 0 31.918 0 0 
0 0 87.7335 96.1756 24.0936 0 0 0 8.04392 0 0 0 24.0317 95.4417 88.082 0 0 
0 0 0 256.041 256.931 193.477 96.8344 64.3741 0 64.353 97.0242 194.604 257.209 255.055 0 0 0 
0 0 0 207.783 736.232 685.708 705.433 628.314 769.924 626.452 708.158 689.002 733.72 209.504 0 0 0 
0 0 0 0 574.162 1657.09 1829.27 1927.96 1610.07 1920.48 1817.04 1653.78 576.207 0 0 0 0 
0 0 0 0 228.581 1254.22 2915.19 3673.87 4355.89 3679.62 2907.79 1253.57 228.832 0 0 0 0 
0 0 0 0 0 447.753 1572.54 3133.17 3255.59 3123.81 1583.9 449.184 0 0 0 0 0 
0 0 0 0 0 129.76 767.205 1385.1 2104.92 1398.9 774.277 127.862 0 0 0 0 0 
0 0 0 0 0 0 65.4067 513.842 578.454 513.954 64.0947 0 0 0 0 0 0 
0 0 0 0 0 0 56.1164 97.4661 120.619 96.3029 55.7208 0 0 0 0 0 0 
0 0 0 0 0 0 0 0 64.4676 0 0 0 0 0 0 0 0 
0 0 0 0 0 0 0 15.9019 0 16.1324 0 0 0 0 0 0 0 
0 0 0 0 0 0 0 0 0 0 0 0 0 0 0 0 0 
0 0 0 0 0 0 0 0 2.02123 0 0 0 0 0 0 0 0 
