1 0 0 0 0 0 0 0 0 0 0 0 0 0 0 0 1 
0 0 0 0 0 0 0 0 0 0 0 0 0 0 0 0 0 
0 16 0 0 0 0 0 0 0 0 0 0 0 0 0 16 0 
0 0 32.107 0 0 0 0 0 0 0 0 0 0 0 31.9304 0 0 
0 0 87.893 96.3959 23.8883 0 0 0 7.84221 0 0 0 23.8828 96.5711 88.0696 0 0 
0 0 0 255.774 258.609 192.631 96.4878 63.6197 0 63.0979 94.204 190.979 256.35 255.142 0 0 0 
0 0 0 207.83 738.021 689.746 707.1 621.932 763.35 621.61 701.838 683.598 733.242 208.287 0 0 0 
0 0 0 0 573.468 1667.08 1825.27 1911.36 1599.76 1915.63 1827.37 1669.92 577.127 0 0 0 0 
0 0 0 0 226.014 1244.22 2925.53 3695.34 4353.67 3692.23 2930.43 1249.38 229.399 0 0 0 0 
0 0 0 0 0 446.885 1569.02 3137.32 3268.93 3131.28 1567.93 447.243 0 0 0 0 0 
0 0 0 0 0 127.434 763.74 1385.05 2115.11 1396.35 767.218 126.884 0 0 0 0 0 
0 0 0 0 0 0 64.8797 512.725 577.281 509.002 63.5773 0 0 0 0 0 0 
0 0 0 0 0 0 55.9686 96.7371 118.576 95.1428 55.4291 0 0 0 0 0 0 
0 0 0 0 0 0 0 0 63.5388 0 0 0 0 0 0 0 0 
0 0 0 0 0 0 0 15.9184 0 15.651 0 0 0 0 0 0 0 
0 0 0 0 0 0 0 0 0 0 0 0 0 0 0 0 0 
0 0 0 0 0 0 0 0 1.94777 0 0 0 0 0 0 0 0 
