1 0 0 0 0 0 0 0 0 0 0 0 0 0 0 0 1 
0 0 0 0 0 0 0 0 0 0 0 0 0 0 0 0 0 
0 16 0 0 0 0 0 0 0 0 0 0 0 0 0 16 0 
0 0 32.2971 0 0 0 0 0 0 0 0 0 0 0 31.7739 0 0 
0 0 87.7029 96.841 24.4225 0 0 0 8.14022 0 0 0 24.1521 96.3671 88.2261 0 0 
0 0 0 256.211 256.716 192.583 96.5908 65.531 0 63.7971 96.8583 192.413 257.194 256.015 0 0 0 
0 0 0 206.948 731.608 689.971 699.738 626.631 768.48 632.068 711.936 691.648 734.413 207.618 0 0 0 
0 0 0 0 577.846 1660.85 1825.01 1909.38 1614.87 1937.89 1821.89 1659.62 576.627 0 0 0 0 
0 0 0 0 229.407 1243.26 2930.05 3683.15 4352.1 3666.6 2929.82 1250.87 227.615 0 0 0 0 
0 0 0 0 0 452.805 1565.25 3145.74 3256.45 3133.55 1563.25 446.05 0 0 0 0 0 
0 0 0 0 0 128.524 771.017 1387.19 2111.64 1383.66 765.505 127.396 0 0 0 0 0 
0 0 0 0 0 0 64.3373 509.891 573.717 510.852 63.5492 0 0 0 0 0 0 
0 0 0 0 0 0 56.0042 96.5251 118.786 95.7675 55.1858 0 0 0 0 0 0 
0 0 0 0 0 0 0 0 63.8581 0 0 0 0 0 0 0 0 
0 0 0 0 0 0 0 15.9636 0 15.8101 0 0 0 0 0 0 0 
0 0 0 0 0 0 0 0 0 0 0 0 0 0 0 0 0 
0 0 0 0 0 0 0 0 1.95882 0 0 0 0 0 0 0 0 
