1 0 0 0 0 0 0 0 0 0 0 0 0 0 0 0 1 
0 0 0 0 0 0 0 0 0 0 0 0 0 0 0 0 0 
0 16 0 0 0 0 0 0 0 0 0 0 0 0 0 16 0 
0 0 31.7828 0 0 0 0 0 0 0 0 0 0 0 31.7838 0 0 
0 0 88.2172 95.5982 23.7078 0 0 0 7.92333 0 0 0 23.3758 95.9724 88.2162 0 0 
0 0 0 255.768 254.392 191.126 96.7407 64.1355 0 63.411 94.7162 188.282 254.378 256.371 0 0 0 
0 0 0 208.634 737.032 686.086 704.277 629.889 770.731 629.158 703.683 689.825 732.803 207.656 0 0 0 
0 0 0 0 574.57 1673.09 1829.87 1919.66 1603.56 1920.83 1819.15 1655.43 580.184 0 0 0 0 
0 0 0 0 230.298 1239.22 2928.08 3693.77 4351.28 3683.43 2925.55 1258.09 229.26 0 0 0 0 
0 0 0 0 0 450.845 1559.56 3116.9 3261.04 3118.41 1571.68 447.055 0 0 0 0 0 
0 0 0 0 0 127.633 769.294 1392.11 2115.23 1397.56 770.777 129.321 0 0 0 0 0 
0 0 0 0 0 0 64.4169 511.329 572.168 512.115 65.8699 0 0 0 0 0 0 
0 0 0 0 0 0 55.7631 95.945 121.476 98.9621 56.5744 0 0 0 0 0 0 
0 0 0 0 0 0 0 0 64.5485 0 0 0 0 0 0 0 0 
0 0 0 0 0 0 0 16.27 0 16.1257 0 0 0 0 0 0 0 
0 0 0 0 0 0 0 0 0 0 0 0 0 0 0 0 0 
0 0 0 0 0 0 0 0 2.04083 0 0 0 0 0 0 0 0 
