1 0 0 0 0 0 0 0 0 0 0 0 0 0 0 0 1 
0 0 0 0 0 0 0 0 0 0 0 0 0 0 0 0 0 
0 16 0 0 0 0 0 0 0 0 0 0 0 0 0 16 0 
0 0 32.2081 0 0 0 0 0 0 0 0 0 0 0 31.8352 0 0 
0 0 87.7919 96.979 24.6147 0 0 0 7.9074 0 0 0 23.8108 96.2388 88.1648 0 0 
0 0 0 254.956 256.357 192.366 95.5234 63.6756 0 63.5506 96.6872 192.037 253.98 255.168 0 0 0 
0 0 0 208.065 734.348 687.998 705.302 625.099 769.013 627.37 706.966 685.474 737.791 208.593 0 0 0 
0 0 0 0 575.494 1660.85 1822.46 1912.17 1597.27 1921.02 1822.06 1663.86 576.27 0 0 0 0 
0 0 0 0 229.186 1252.98 2924.76 3677.18 4355.29 3677.91 2921.02 1248.3 228.148 0 0 0 0 
0 0 0 0 0 444.549 1568.78 3137.47 3257.15 3124.71 1571.27 450.484 0 0 0 0 0 
0 0 0 0 0 129.259 770.519 1396.05 2115.37 1398.79 769.803 127.845 0 0 0 0 0 
0 0 0 0 0 0 64.0017 514.859 581.577 514.263 63.8435 0 0 0 0 0 0 
0 0 0 0 0 0 56.6474 97.3682 119.543 96.2891 56.3526 0 0 0 0 0 0 
0 0 0 0 0 0 0 0 64.8451 0 0 0 0 0 0 0 0 
0 0 0 0 0 0 0 16.1376 0 16.0893 0 0 0 0 0 0 0 
0 0 0 0 0 0 0 0 0 0 0 0 0 0 0 0 0 
0 0 0 0 0 0 0 0 2.02803 0 0 0 0 0 0 0 0 
