1 0 0 0 0 0 0 0 0 0 0 0 0 0 0 0 1 
0 0 0 0 0 0 0 0 0 0 0 0 0 0 0 0 0 
0 16 0 0 0 0 0 0 0 0 0 0 0 0 0 16 0 
0 0 32.1866 0 0 0 0 0 0 0 0 0 0 0 31.9073 0 0 
0 0 87.8134 96.5753 23.9936 0 0 0 8.0497 0 0 0 23.8992 95.2727 88.0927 0 0 
0 0 0 255.24 256.039 191.157 95.1403 63.3942 0 63.801 96.5943 193.857 256.22 256.29 0 0 0 
0 0 0 208.185 734.498 684.807 703.305 625.516 772.334 628.131 702.494 687.29 736.49 208.438 0 0 0 
0 0 0 0 576.115 1666.73 1825.21 1925.98 1604.51 1921.73 1826.39 1664.91 576.079 0 0 0 0 
0 0 0 0 229.356 1247.42 2921.62 3673.21 4350.73 3676.28 2926.35 1245.34 227.312 0 0 0 0 
0 0 0 0 0 449.443 1575.46 3125.69 3262.42 3133.87 1566.22 448.669 0 0 0 0 0 
0 0 0 0 0 128.436 767.254 1401.54 2111.35 1394.95 770.285 127.937 0 0 0 0 0 
0 0 0 0 0 0 64.1149 514.038 575.54 509.56 64.1112 0 0 0 0 0 0 
0 0 0 0 0 0 55.8932 94.8611 119.518 95.9576 55.5532 0 0 0 0 0 0 
0 0 0 0 0 0 0 0 63.5806 0 0 0 0 0 0 0 0 
0 0 0 0 0 0 0 15.7569 0 15.7192 0 0 0 0 0 0 0 
0 0 0 0 0 0 0 0 0 0 0 0 0 0 0 0 0 
0 0 0 0 0 0 0 0 1.96438 0 0 0 0 0 0 0 0 
