1 0 0 0 0 0 0 0 0 0 0 0 0 0 0 0 1 
0 0 0 0 0 0 0 0 0 0 0 0 0 0 0 0 0 
0 16 0 0 0 0 0 0 0 0 0 0 0 0 0 16 0 
0 0 31.7795 0 0 0 0 0 0 0 0 0 0 0 32.1533 0 0 
0 0 88.2205 95.5264 23.6736 0 0 0 7.95926 0 0 0 23.6096 95.2138 87.8467 0 0 
0 0 0 256.334 256.285 189.433 96.1461 64.3536 0 64.0795 95.1217 190.717 255.636 257.496 0 0 0 
0 0 0 208.139 741.377 691.426 696.721 616.898 763.303 627.082 704.55 686.854 736.498 207.29 0 0 0 
0 0 0 0 570.633 1659.91 1820.57 1907.76 1596.67 1913.1 1825.92 1667.56 576.59 0 0 0 0 
0 0 0 0 228.032 1246.33 2926.77 3680.59 4348.85 3676.76 2928.6 1249.64 227.667 0 0 0 0 
0 0 0 0 0 450.419 1571.07 3152.82 3267.02 3139.05 1566 445.243 0 0 0 0 0 
0 0 0 0 0 130.487 773.221 1391.04 2117.87 1394.06 768.135 127.991 0 0 0 0 0 
0 0 0 0 0 0 65.9952 511.919 579.743 513.116 63.9204 0 0 0 0 0 0 
0 0 0 0 0 0 57.5088 98.3319 121.548 96.7416 55.7517 0 0 0 0 0 0 
0 0 0 0 0 0 0 0 64.9946 0 0 0 0 0 0 0 0 
0 0 0 0 0 0 0 16.2829 0 16.017 0 0 0 0 0 0 0 
0 0 0 0 0 0 0 0 0 0 0 0 0 0 0 0 0 
0 0 0 0 0 0 0 0 2.03517 0 0 0 0 0 0 0 0 
