1 0 0 0 0 0 0 0 0 0 0 0 0 0 0 0 1 
0 0 0 0 0 0 0 0 0 0 0 0 0 0 0 0 0 
0 16 0 0 0 0 0 0 0 0 0 0 0 0 0 16 0 
0 0 32.0373 0 0 0 0 0 0 0 0 0 0 0 32.1679 0 0 
0 0 87.9627 95.5101 23.9905 0 0 0 7.81004 0 0 0 23.8696 95.4062 87.8321 0 0 
0 0 0 256.208 256.082 192.399 96.4146 63.5914 0 63.3278 95.6447 190.726 258.105 257.203 0 0 0 
0 0 0 208.282 739.035 686.497 698.217 616.126 758.084 620.39 702.12 690.2 733.81 207.391 0 0 0 
0 0 0 0 571.412 1667.24 1828.32 1906.27 1598.66 1922.3 1820.76 1669.37 576.023 0 0 0 0 
0 0 0 0 229.48 1244.3 2930.08 3680.48 4356.52 3684.6 2946.39 1245.55 228.192 0 0 0 0 
0 0 0 0 0 449.333 1566.94 3150.03 3267.86 3145.91 1560.34 443.57 0 0 0 0 0 
0 0 0 0 0 128.234 768.707 1399.75 2122.97 1384.84 763.188 128.589 0 0 0 0 0 
0 0 0 0 0 0 63.8273 512.003 572.977 507.396 63.858 0 0 0 0 0 0 
0 0 0 0 0 0 55.4891 95.7803 119.529 95.4222 55.6944 0 0 0 0 0 0 
0 0 0 0 0 0 0 0 63.5923 0 0 0 0 0 0 0 0 
0 0 0 0 0 0 0 15.9729 0 15.8162 0 0 0 0 0 0 0 
0 0 0 0 0 0 0 0 0 0 0 0 0 0 0 0 0 
0 0 0 0 0 0 0 0 1.99906 0 0 0 0 0 0 0 0 
