1 0 0 0 0 0 0 0 0 0 0 0 0 0 0 0 1 
0 0 0 0 0 0 0 0 0 0 0 0 0 0 0 0 0 
0 16 0 0 0 0 0 0 0 0 0 0 0 0 0 16 0 
0 0 32.2722 0 0 0 0 0 0 0 0 0 0 0 32.0873 0 0 
0 0 87.7278 96.2569 24.3156 0 0 0 7.97168 0 0 0 23.8185 96.0592 87.9127 0 0 
0 0 0 256.016 257.582 193.309 96.3832 63.6337 0 64.1986 95.5253 190.073 254.328 255.251 0 0 0 
0 0 0 207.727 734.629 683.864 702.31 623.661 770.642 624.825 701.466 680.719 730.331 208.69 0 0 0 
0 0 0 0 575.3 1663.54 1825.83 1924.06 1598.58 1915.52 1819.16 1662.08 582.864 0 0 0 0 
0 0 0 0 228.173 1251.12 2922 3674.7 4344.55 3675.41 2929.46 1253.79 228.659 0 0 0 0 
0 0 0 0 0 446.679 1573.16 3145.79 3273.38 3142.44 1571.83 453.188 0 0 0 0 0 
0 0 0 0 0 129.486 767.173 1382.76 2110.51 1390.81 769.853 128.151 0 0 0 0 0 
0 0 0 0 0 0 64.3662 511.863 577.064 513.538 64.1171 0 0 0 0 0 0 
0 0 0 0 0 0 56.7866 97.186 120.482 97.1271 56.582 0 0 0 0 0 0 
0 0 0 0 0 0 0 0 64.7829 0 0 0 0 0 0 0 0 
0 0 0 0 0 0 0 16.351 0 16.1338 0 0 0 0 0 0 0 
0 0 0 0 0 0 0 0 0 0 0 0 0 0 0 0 0 
0 0 0 0 0 0 0 0 2.03637 0 0 0 0 0 0 0 0 
