1 0 0 0 0 0 0 0 0 0 0 0 0 0 0 0 1 
0 0 0 0 0 0 0 0 0 0 0 0 0 0 0 0 0 
0 16 0 0 0 0 0 0 0 0 0 0 0 0 0 16 0 
0 0 31.8527 0 0 0 0 0 0 0 0 0 0 0 32.0049 0 0 
0 0 88.1473 96.1476 24.1916 0 0 0 7.91971 0 0 0 23.718 94.739 87.9951 0 0 
0 0 0 257.77 255.381 193.263 95.3156 62.593 0 63.2127 96.0198 191.473 254.791 258.331 0 0 0 
0 0 0 206.082 733.631 683.207 701.261 621.524 760.303 617.684 697.783 684.624 738.546 206.93 0 0 0 
0 0 0 0 579.542 1665.98 1821.86 1907.09 1595.69 1918.88 1816.44 1662.57 574.988 0 0 0 0 
0 0 0 0 227.255 1249.92 2931.03 3684.8 4347.23 3673.07 2928.11 1249.32 227.958 0 0 0 0 
0 0 0 0 0 448.251 1570.73 3145.89 3269.61 3140.18 1574.09 450.359 0 0 0 0 0 
0 0 0 0 0 127.384 768.139 1396.93 2124.32 1398.59 773.554 129.659 0 0 0 0 0 
0 0 0 0 0 0 63.6446 508.604 577.681 515.591 65.3752 0 0 0 0 0 0 
0 0 0 0 0 0 56.0184 96.6148 121.116 96.6913 56.6338 0 0 0 0 0 0 
0 0 0 0 0 0 0 0 64.1285 0 0 0 0 0 0 0 0 
0 0 0 0 0 0 0 15.9582 0 16.0875 0 0 0 0 0 0 0 
0 0 0 0 0 0 0 0 0 0 0 0 0 0 0 0 0 
0 0 0 0 0 0 0 0 2.00732 0 0 0 0 0 0 0 0 
