1 0 0 0 0 0 0 0 0 0 0 0 0 0 0 0 1 
0 0 0 0 0 0 0 0 0 0 0 0 0 0 0 0 0 
0 16 0 0 0 0 0 0 0 0 0 0 0 0 0 16 0 
0 0 32.133 0 0 0 0 0 0 0 0 0 0 0 32.4609 0 0 
0 0 87.867 95.9784 23.5185 0 0 0 7.99292 0 0 0 23.9029 96.0942 87.5391 0 0 
0 0 0 254.908 253.885 192.169 96.566 63.4139 0 63.6855 94.0622 190.598 254.555 255.18 0 0 0 
0 0 0 209.114 737.876 687.825 698.687 625.342 770.626 625.077 699.56 687.258 737.258 208.726 0 0 0 
0 0 0 0 574.196 1661.12 1821.39 1915.91 1607.26 1905.85 1823.41 1667.85 573.367 0 0 0 0 
0 0 0 0 230.525 1245.25 2926.06 3679.65 4346 3688.8 2943.32 1242.32 230.918 0 0 0 0 
0 0 0 0 0 452.6 1573.39 3131.17 3257.46 3138.85 1562.92 450.77 0 0 0 0 0 
0 0 0 0 0 129.039 770.649 1391.92 2112.33 1395.05 764.811 129.204 0 0 0 0 0 
0 0 0 0 0 0 65.0971 519.071 580.038 509.85 64.5536 0 0 0 0 0 0 
0 0 0 0 0 0 56.1541 97.4586 121.523 96.8015 55.3584 0 0 0 0 0 0 
0 0 0 0 0 0 0 0 64.7442 0 0 0 0 0 0 0 0 
0 0 0 0 0 0 0 16.0635 0 16.0351 0 0 0 0 0 0 0 
0 0 0 0 0 0 0 0 0 0 0 0 0 0 0 0 0 
0 0 0 0 0 0 0 0 2.01957 0 0 0 0 0 0 0 0 
