1 0 0 0 0 0 0 0 0 0 0 0 0 0 0 0 1 
0 0 0 0 0 0 0 0 0 0 0 0 0 0 0 0 0 
0 16 0 0 0 0 0 0 0 0 0 0 0 0 0 16 0 
0 0 32.3223 0 0 0 0 0 0 0 0 0 0 0 32.1989 0 0 
0 0 87.6777 95.6716 23.6753 0 0 0 8.05809 0 0 0 23.9558 95.877 87.8011 0 0 
0 0 0 255.36 254.847 191.852 97.257 64.9461 0 64.4977 95.7978 191.066 255.297 256.804 0 0 0 
0 0 0 208.968 736.883 685.1 701.949 621.029 757.279 617.786 699.35 684.517 735.563 207.32 0 0 0 
0 0 0 0 576.282 1666.8 1821.21 1904.39 1594.93 1908.49 1816.81 1677.41 578.108 0 0 0 0 
0 0 0 0 228.312 1249.02 2929.32 3694.68 4347.82 3671.02 2930.05 1239.85 227.076 0 0 0 0 
0 0 0 0 0 446.065 1570.79 3137.53 3268.8 3151.18 1574.1 446.421 0 0 0 0 0 
0 0 0 0 0 129.165 765.935 1389.14 2128.93 1398.14 770.858 128.73 0 0 0 0 0 
0 0 0 0 0 0 64.9437 514.986 577.738 516.922 64.5365 0 0 0 0 0 0 
0 0 0 0 0 0 56.5981 97.3051 119.451 95.6709 56.4986 0 0 0 0 0 0 
0 0 0 0 0 0 0 0 65.0002 0 0 0 0 0 0 0 0 
0 0 0 0 0 0 0 16.0008 0 16.2904 0 0 0 0 0 0 0 
0 0 0 0 0 0 0 0 0 0 0 0 0 0 0 0 0 
0 0 0 0 0 0 0 0 2.0004 0 0 0 0 0 0 0 0 
