1 0 0 0 0 0 0 0 0 0 0 0 0 0 0 0 1 
0 0 0 0 0 0 0 0 0 0 0 0 0 0 0 0 0 
0 16 0 0 0 0 0 0 0 0 0 0 0 0 0 16 0 
0 0 31.8931 0 0 0 0 0 0 0 0 0 0 0 32.0381 0 0 
0 0 88.1069 95.7461 24.2364 0 0 0 8.07856 0 0 0 23.7985 95.6146 87.9619 0 0 
0 0 0 257.085 255.276 191.633 95.914 63.3263 0 64.0334 96.7964 192.792 257.411 256.071 0 0 0 
0 0 0 207.169 736.615 687.269 708.539 626.061 763.011 623.165 706.776 691.018 737.288 208.315 0 0 0 
0 0 0 0 575.382 1664.19 1825.02 1923.91 1606.53 1917.9 1813.31 1651.67 572.744 0 0 0 0 
0 0 0 0 228.49 1250.55 2921.23 3675.19 4351.44 3684.73 2917.02 1249.88 228.757 0 0 0 0 
0 0 0 0 0 445.624 1570.57 3134.75 3268.71 3132.08 1579.27 453.787 0 0 0 0 0 
0 0 0 0 0 128.73 766.661 1390.22 2109.33 1393.81 772.625 128.863 0 0 0 0 0 
0 0 0 0 0 0 64.44 513.437 577 511.727 65.0526 0 0 0 0 0 0 
0 0 0 0 0 0 55.6306 97.239 119.213 96.4425 57.1499 0 0 0 0 0 0 
0 0 0 0 0 0 0 0 64.6702 0 0 0 0 0 0 0 0 
0 0 0 0 0 0 0 15.8734 0 16.1132 0 0 0 0 0 0 0 
0 0 0 0 0 0 0 0 0 0 0 0 0 0 0 0 0 
0 0 0 0 0 0 0 0 2.02493 0 0 0 0 0 0 0 0 
