1 0 0 0 0 0 0 0 0 0 0 0 0 0 0 0 1 
0 0 0 0 0 0 0 0 0 0 0 0 0 0 0 0 0 
0 16 0 0 0 0 0 0 0 0 0 0 0 0 0 16 0 
0 0 32.0161 0 0 0 0 0 0 0 0 0 0 0 32.7095 0 0 
0 0 87.9839 95.9077 24.0984 0 0 0 7.8998 0 0 0 24.151 96.4208 87.2905 0 0 
0 0 0 257.441 255.803 190.16 94.5143 63.2557 0 62.8661 95.7899 190.854 254.764 255.519 0 0 0 
0 0 0 206.651 740.797 691.788 702.616 621.684 764.743 616.527 700.019 682.157 732.597 208.06 0 0 0 
0 0 0 0 573.56 1671.85 1829.42 1920.3 1600.12 1932.99 1825.46 1664.35 579.942 0 0 0 0 
0 0 0 0 225.741 1243.79 2933.22 3690.28 4376.44 3684.37 2937.58 1251.75 228.546 0 0 0 0 
0 0 0 0 0 444.867 1564.41 3137.77 3271.99 3136.73 1560.35 451.579 0 0 0 0 0 
0 0 0 0 0 125.543 765.012 1390.13 2093.33 1384.28 769.284 127.319 0 0 0 0 0 
0 0 0 0 0 0 63.5263 505.878 571.398 511.058 64.3721 0 0 0 0 0 0 
0 0 0 0 0 0 55.2828 95.0746 119.05 95.4616 55.1467 0 0 0 0 0 0 
0 0 0 0 0 0 0 0 63.0548 0 0 0 0 0 0 0 0 
0 0 0 0 0 0 0 15.6263 0 15.713 0 0 0 0 0 0 0 
0 0 0 0 0 0 0 0 0 0 0 0 0 0 0 0 0 
0 0 0 0 0 0 0 0 1.96795 0 0 0 0 0 0 0 0 
