1 0 0 0 0 0 0 0 0 0 0 0 0 0 0 0 1 
0 0 0 0 0 0 0 0 0 0 0 0 0 0 0 0 0 
0 16 0 0 0 0 0 0 0 0 0 0 0 0 0 16 0 
0 0 31.8496 0 0 0 0 0 0 0 0 0 0 0 32.0849 0 0 
0 0 88.1504 95.5359 23.5845 0 0 0 8.05452 0 0 0 24.2765 96.6858 87.9151 0 0 
0 0 0 256.84 254.966 190.982 95.0334 64.4175 0 63.9265 97.2737 192.634 256.058 255.357 0 0 0 
0 0 0 207.624 739.654 690.58 707.942 622.674 765.087 625.234 702.808 688.572 733.915 207.957 0 0 0 
0 0 0 0 575.168 1660.09 1822.19 1915.71 1600.92 1923.7 1833.12 1665.42 576.16 0 0 0 0 
0 0 0 0 226.628 1247.07 2917.74 3664.85 4345.95 3684.88 2928.25 1244.74 229.591 0 0 0 0 
0 0 0 0 0 452.235 1568.83 3136.9 3274.26 3125.64 1562.2 447.926 0 0 0 0 0 
0 0 0 0 0 127.042 775.917 1404.13 2110.35 1394.92 765.381 128.708 0 0 0 0 0 
0 0 0 0 0 0 64.5427 517.695 577.573 509.368 63.6033 0 0 0 0 0 0 
0 0 0 0 0 0 55.8093 97.3635 120.651 96.4328 55.3552 0 0 0 0 0 0 
0 0 0 0 0 0 0 0 65.1401 0 0 0 0 0 0 0 0 
0 0 0 0 0 0 0 16.261 0 15.9003 0 0 0 0 0 0 0 
0 0 0 0 0 0 0 0 0 0 0 0 0 0 0 0 0 
0 0 0 0 0 0 0 0 2.00839 0 0 0 0 0 0 0 0 
