1 0 0 0 0 0 0 0 0 0 0 0 0 0 0 0 1 
0 0 0 0 0 0 0 0 0 0 0 0 0 0 0 0 0 
0 16 0 0 0 0 0 0 0 0 0 0 0 0 0 16 0 
0 0 32.3881 0 0 0 0 0 0 0 0 0 0 0 31.8336 0 0 
0 0 87.6119 96.7071 24.0757 0 0 0 7.84578 0 0 0 24.0448 96.9318 88.1664 0 0 
0 0 0 256.71 257.693 192.057 94.7044 62.9855 0 63.3522 95.2969 193.317 259.4 255.8 0 0 0 
0 0 0 206.583 738.681 690.852 700.185 619.944 760.914 624.909 707.221 691.851 736.549 207.269 0 0 0 
0 0 0 0 572.107 1676.3 1831.32 1922.72 1594.42 1912.18 1829.05 1664.26 571.259 0 0 0 0 
0 0 0 0 227.443 1235.22 2935.21 3692.28 4381.63 3692.12 2931.3 1246.54 228.746 0 0 0 0 
0 0 0 0 0 445.052 1561 3136.14 3258.84 3142.52 1563.11 443.543 0 0 0 0 0 
0 0 0 0 0 128.512 765.607 1384.43 2109.24 1383.94 762.226 128.485 0 0 0 0 0 
0 0 0 0 0 0 64.3256 509.844 571.961 509.321 63.6787 0 0 0 0 0 0 
0 0 0 0 0 0 55.6386 95.9228 119.111 95.7841 56.1166 0 0 0 0 0 0 
0 0 0 0 0 0 0 0 64.0774 0 0 0 0 0 0 0 0 
0 0 0 0 0 0 0 15.731 0 15.87 0 0 0 0 0 0 0 
0 0 0 0 0 0 0 0 0 0 0 0 0 0 0 0 0 
0 0 0 0 0 0 0 0 1.96662 0 0 0 0 0 0 0 0 
