1 0 0 0 0 0 0 0 0 0 0 0 0 0 0 0 1 
0 0 0 0 0 0 0 0 0 0 0 0 0 0 0 0 0 
0 16 0 0 0 0 0 0 0 0 0 0 0 0 0 16 0 
0 0 31.946 0 0 0 0 0 0 0 0 0 0 0 32.1902 0 0 
0 0 88.054 95.4647 23.8611 0 0 0 7.97842 0 0 0 23.769 96.5138 87.8098 0 0 
0 0 0 257.049 254.42 188.992 95.0374 63.9447 0 63.7397 96.1686 192.428 256.431 256.974 0 0 0 
0 0 0 207.487 733.469 682.398 698.19 619.017 765.88 621.207 704.015 693.069 739.091 206.513 0 0 0 
0 0 0 0 578.714 1663.85 1826.97 1911.65 1594.38 1916.91 1818.44 1653.11 572.42 0 0 0 0 
0 0 0 0 229.536 1249.41 2925.81 3672.51 4357.53 3685.06 2931.66 1252.95 228.289 0 0 0 0 
0 0 0 0 0 454.413 1566.25 3150.29 3275.22 3133.01 1568.16 447.187 0 0 0 0 0 
0 0 0 0 0 128.946 774.339 1397.13 2107.66 1395.81 768.424 129.253 0 0 0 0 0 
0 0 0 0 0 0 64.6359 512.885 573.361 510.424 64.7727 0 0 0 0 0 0 
0 0 0 0 0 0 56.7676 96.4684 121.4 97.4248 56.3602 0 0 0 0 0 0 
0 0 0 0 0 0 0 0 64.5433 0 0 0 0 0 0 0 0 
0 0 0 0 0 0 0 16.0992 0 16.4064 0 0 0 0 0 0 0 
0 0 0 0 0 0 0 0 0 0 0 0 0 0 0 0 0 
0 0 0 0 0 0 0 0 2.0473 0 0 0 0 0 0 0 0 
