1 0 0 0 0 0 0 0 0 0 0 0 0 0 0 0 1 
0 0 0 0 0 0 0 0 0 0 0 0 0 0 0 0 0 
0 16 0 0 0 0 0 0 0 0 0 0 0 0 0 16 0 
0 0 31.7389 0 0 0 0 0 0 0 0 0 0 0 32.1978 0 0 
0 0 88.2611 96.6182 24.4964 0 0 0 7.83881 0 0 0 24.0632 96.6552 87.8022 0 0 
0 0 0 255.836 254.146 194.768 96.8102 64.059 0 63.1327 96.8905 193.606 257.216 254.745 0 0 0 
0 0 0 207.545 739.882 684.991 704.771 624.651 764.527 627.513 709.92 687.408 736.308 208.6 0 0 0 
0 0 0 0 573.402 1668.93 1830.52 1928.07 1599.27 1924.44 1821.44 1662.22 573.681 0 0 0 0 
0 0 0 0 228.073 1244.69 2939.24 3674.89 4379.3 3671.9 2924.07 1249.1 228.731 0 0 0 0 
0 0 0 0 0 444.794 1552.4 3138.11 3249.46 3142.26 1560.86 446.254 0 0 0 0 0 
0 0 0 0 0 129.835 763.891 1388.76 2103.27 1379.78 774.537 129.415 0 0 0 0 0 
0 0 0 0 0 0 63.8495 508.61 579.139 517.635 63.8143 0 0 0 0 0 0 
0 0 0 0 0 0 56.5149 96.7587 120.512 97.2081 56.4633 0 0 0 0 0 0 
0 0 0 0 0 0 0 0 64.6467 0 0 0 0 0 0 0 0 
0 0 0 0 0 0 0 16.0836 0 16.1314 0 0 0 0 0 0 0 
0 0 0 0 0 0 0 0 0 0 0 0 0 0 0 0 0 
0 0 0 0 0 0 0 0 2.03347 0 0 0 0 0 0 0 0 
