1 0 0 0 0 0 0 0 0 0 0 0 0 0 0 0 1 
0 0 0 0 0 0 0 0 0 0 0 0 0 0 0 0 0 
0 16 0 0 0 0 0 0 0 0 0 0 0 0 0 16 0 
0 0 31.7759 0 0 0 0 0 0 0 0 0 0 0 31.978 0 0 
0 0 88.2241 96.0385 23.9347 0 0 0 8.04554 0 0 0 24.1471 95.9571 88.022 0 0 
0 0 0 256.138 256.685 191.93 95.9493 64.3501 0 63.3144 95.5513 190.994 256.451 255.232 0 0 0 
0 0 0 207.824 732.828 686.074 702.47 620.331 765.444 620.129 698.757 687.526 732.94 208.811 0 0 0 
0 0 0 0 578.201 1662.95 1822.98 1917.35 1592.42 1900.25 1819.17 1663.9 578.593 0 0 0 0 
0 0 0 0 228.351 1247.26 2926.87 3694.78 4360.52 3688.85 2939.16 1250.37 227.868 0 0 0 0 
0 0 0 0 0 452.179 1566.57 3132.43 3274.74 3149.71 1566.79 447.43 0 0 0 0 0 
0 0 0 0 0 127.61 773.826 1386.6 2110.2 1396.96 768.667 127.784 0 0 0 0 0 
0 0 0 0 0 0 63.5312 512.335 572.473 508.779 64.3793 0 0 0 0 0 0 
0 0 0 0 0 0 55.8116 95.7076 120.192 96.078 55.5335 0 0 0 0 0 0 
0 0 0 0 0 0 0 0 63.956 0 0 0 0 0 0 0 0 
0 0 0 0 0 0 0 16.1273 0 15.9257 0 0 0 0 0 0 0 
0 0 0 0 0 0 0 0 0 0 0 0 0 0 0 0 0 
0 0 0 0 0 0 0 0 2.00203 0 0 0 0 0 0 0 0 
