1 0 0 0 0 0 0 0 0 0 0 0 0 0 0 0 1 
0 0 0 0 0 0 0 0 0 0 0 0 0 0 0 0 0 
0 16 0 0 0 0 0 0 0 0 0 0 0 0 0 16 0 
0 0 32.3344 0 0 0 0 0 0 0 0 0 0 0 31.5623 0 0 
0 0 87.6656 96.1889 23.9303 0 0 0 8.0051 0 0 0 23.6068 95.6308 88.4377 0 0 
0 0 0 256.141 257.621 192.258 96.5725 64.0512 0 64.4093 95.9272 191.94 256.055 255.888 0 0 0 
0 0 0 207.67 733.699 692.648 707.533 629.313 774.588 629.921 703.137 691.251 735.912 208.481 0 0 0 
0 0 0 0 577.072 1660.34 1831.83 1929.71 1611.93 1926.2 1834.07 1663.66 576.606 0 0 0 0 
0 0 0 0 227.678 1247.87 2923.31 3685.1 4361.69 3684.43 2922.89 1249.65 227.82 0 0 0 0 
0 0 0 0 0 447.39 1567.04 3127.14 3242.57 3126.26 1566.99 444.811 0 0 0 0 0 
0 0 0 0 0 127.488 761.68 1381.31 2108.59 1384.4 765.824 126.697 0 0 0 0 0 
0 0 0 0 0 0 64.8142 511.961 576.626 513.414 63.2104 0 0 0 0 0 0 
0 0 0 0 0 0 55.2134 95.6721 119.917 94.9773 55.9528 0 0 0 0 0 0 
0 0 0 0 0 0 0 0 64.0978 0 0 0 0 0 0 0 0 
0 0 0 0 0 0 0 15.7414 0 15.9911 0 0 0 0 0 0 0 
0 0 0 0 0 0 0 0 0 0 0 0 0 0 0 0 0 
0 0 0 0 0 0 0 0 1.98143 0 0 0 0 0 0 0 0 
