1 0 0 0 0 0 0 0 0 0 0 0 0 0 0 0 1 
0 0 0 0 0 0 0 0 0 0 0 0 0 0 0 0 0 
0 16 0 0 0 0 0 0 0 0 0 0 0 0 0 16 0 
0 0 32.157 0 0 0 0 0 0 0 0 0 0 0 31.8511 0 0 
0 0 87.843 96.2034 23.9175 0 0 0 7.88253 0 0 0 24.0961 95.9421 88.1489 0 0 
0 0 0 256.959 255.733 192.808 95.1499 63.8156 0 62.7813 94.735 191.09 254.791 255.664 0 0 0 
0 0 0 206.838 735.233 687.261 702.305 627.282 773.657 627.027 700.611 688.731 738.167 208.394 0 0 0 
0 0 0 0 575.501 1666.47 1820.63 1910.5 1601.51 1932.58 1836.16 1667 575.375 0 0 0 0 
0 0 0 0 229.615 1243.61 2927.78 3691.82 4363.33 3677.07 2928.15 1246 227.571 0 0 0 0 
0 0 0 0 0 448.85 1576.45 3127.63 3255.49 3125.83 1561.96 448.498 0 0 0 0 0 
0 0 0 0 0 129 766.703 1402.08 2113.59 1391.47 767.687 126.674 0 0 0 0 0 
0 0 0 0 0 0 63.2194 507.369 570.491 512.825 63.3747 0 0 0 0 0 0 
0 0 0 0 0 0 55.7682 93.349 118.89 94.7456 55.3269 0 0 0 0 0 0 
0 0 0 0 0 0 0 0 63.211 0 0 0 0 0 0 0 0 
0 0 0 0 0 0 0 16.1522 0 15.6622 0 0 0 0 0 0 0 
0 0 0 0 0 0 0 0 0 0 0 0 0 0 0 0 0 
0 0 0 0 0 0 0 0 1.94981 0 0 0 0 0 0 0 0 
