1 0 0 0 0 0 0 0 0 0 0 0 0 0 0 0 1 
0 0 0 0 0 0 0 0 0 0 0 0 0 0 0 0 0 
0 16 0 0 0 0 0 0 0 0 0 0 0 0 0 16 0 
0 0 32.2029 0 0 0 0 0 0 0 0 0 0 0 32.1318 0 0 
0 0 87.7971 96.6121 23.9822 0 0 0 7.88849 0 0 0 24.3206 96.1571 87.8682 0 0 
0 0 0 255.818 257.44 193.274 96.2178 64.5139 0 64.4076 96.3853 192.799 257.585 255.088 0 0 0 
0 0 0 207.57 733.469 689.916 703.835 627.773 769.188 628.093 706.53 687.827 736.657 208.755 0 0 0 
0 0 0 0 578.761 1663.63 1829.75 1917.42 1607.62 1923.84 1820.41 1663.91 572.681 0 0 0 0 
0 0 0 0 226.347 1245.64 2923.87 3681.8 4345.48 3682.18 2935.58 1247 228.756 0 0 0 0 
0 0 0 0 0 448.711 1573.79 3134.27 3264.8 3127.04 1558.34 448.116 0 0 0 0 0 
0 0 0 0 0 126.822 761.522 1395.47 2112.17 1391.46 770.653 128.353 0 0 0 0 0 
0 0 0 0 0 0 63.6509 507.337 578.104 511.399 64.0991 0 0 0 0 0 0 
0 0 0 0 0 0 55.3641 95.6262 119.436 95.6496 56.0057 0 0 0 0 0 0 
0 0 0 0 0 0 0 0 63.3566 0 0 0 0 0 0 0 0 
0 0 0 0 0 0 0 15.7846 0 15.9268 0 0 0 0 0 0 0 
0 0 0 0 0 0 0 0 0 0 0 0 0 0 0 0 0 
0 0 0 0 0 0 0 0 1.95914 0 0 0 0 0 0 0 0 
