1 0 0 0 0 0 0 0 0 0 0 0 0 0 0 0 1 
0 0 0 0 0 0 0 0 0 0 0 0 0 0 0 0 0 
0 16 0 0 0 0 0 0 0 0 0 0 0 0 0 16 0 
0 0 32.1518 0 0 0 0 0 0 0 0 0 0 0 31.9369 0 0 
0 0 87.8482 96.6683 24.2005 0 0 0 8.09741 0 0 0 23.8174 95.1873 88.0631 0 0 
0 0 0 256.172 257.484 192.562 96.6949 65.3611 0 64.9958 96.5095 193.951 255.987 256.634 0 0 0 
0 0 0 207.16 736.212 689.451 706.74 627.151 770.844 625.47 705.569 687.654 736.004 208.179 0 0 0 
0 0 0 0 573.481 1662.97 1828.41 1924.69 1604.96 1922.19 1821.93 1660.05 575.533 0 0 0 0 
0 0 0 0 228.622 1243.28 2914.03 3666.04 4342.94 3665.59 2929.17 1252.3 228.659 0 0 0 0 
0 0 0 0 0 450.8 1569.51 3130 3264.7 3146.21 1565.76 446.76 0 0 0 0 0 
0 0 0 0 0 128.938 772.043 1401.13 2111.85 1389.76 768.49 127.29 0 0 0 0 0 
0 0 0 0 0 0 64.357 513.038 580.786 512.794 64.9846 0 0 0 0 0 0 
0 0 0 0 0 0 56.2206 96.4263 119.261 96.8043 55.5885 0 0 0 0 0 0 
0 0 0 0 0 0 0 0 64.5564 0 0 0 0 0 0 0 0 
0 0 0 0 0 0 0 16.152 0 16.1904 0 0 0 0 0 0 0 
0 0 0 0 0 0 0 0 0 0 0 0 0 0 0 0 0 
0 0 0 0 0 0 0 0 2.00692 0 0 0 0 0 0 0 0 
