1 0 0 0 0 0 0 0 0 0 0 0 0 0 0 0 1 
0 0 0 0 0 0 0 0 0 0 0 0 0 0 0 0 0 
0 16 0 0 0 0 0 0 0 0 0 0 0 0 0 16 0 
0 0 32.1458 0 0 0 0 0 0 0 0 0 0 0 31.9893 0 0 
0 0 87.8542 96.4604 23.2919 0 0 0 8.22591 0 0 0 23.4115 95.8341 88.0107 0 0 
0 0 0 255.143 258.027 193.186 97.3625 64.9415 0 65.7163 97.5273 193.77 256.927 255.472 0 0 0 
0 0 0 208.397 732.716 684.858 704.182 627.241 778.783 632.971 707.672 687.333 731.15 208.694 0 0 0 
0 0 0 0 578.753 1666.18 1816.56 1914.8 1606.17 1930.27 1841.56 1667.46 583.51 0 0 0 0 
0 0 0 0 227.212 1248.95 2932.47 3686.07 4366.41 3694.8 2915.76 1245.55 225.001 0 0 0 0 
0 0 0 0 0 448.581 1574.77 3132.39 3256.45 3114.96 1561.72 447.805 0 0 0 0 0 
0 0 0 0 0 126.248 764.053 1396.23 2100.56 1384.61 765.393 126.081 0 0 0 0 0 
0 0 0 0 0 0 63.4968 508.322 570.899 505.671 63.549 0 0 0 0 0 0 
0 0 0 0 0 0 55.1048 94.2104 117.449 95.2258 54.8147 0 0 0 0 0 0 
0 0 0 0 0 0 0 0 63.0632 0 0 0 0 0 0 0 0 
0 0 0 0 0 0 0 15.794 0 15.7767 0 0 0 0 0 0 0 
0 0 0 0 0 0 0 0 0 0 0 0 0 0 0 0 0 
0 0 0 0 0 0 0 0 1.99308 0 0 0 0 0 0 0 0 
