1 0 0 0 0 0 0 0 0 0 0 0 0 0 0 0 1 
0 0 0 0 0 0 0 0 0 0 0 0 0 0 0 0 0 
0 16 0 0 0 0 0 0 0 0 0 0 0 0 0 16 0 
0 0 31.9207 0 0 0 0 0 0 0 0 0 0 0 31.9998 0 0 
0 0 88.0793 96.1006 23.9497 0 0 0 8.09872 0 0 0 23.8171 95.9898 88.0002 0 0 
0 0 0 256.362 255.414 191.96 97.2835 64.1981 0 63.2841 95.2018 192.694 257.093 256.735 0 0 0 
0 0 0 207.537 734.257 688.748 701.566 624.321 768.122 626.42 702.505 687.204 734.523 207.275 0 0 0 
0 0 0 0 578.882 1663.43 1826.31 1919.83 1596.84 1919.22 1821.31 1659.93 578.008 0 0 0 0 
0 0 0 0 227.498 1249.82 2934.04 3679.84 4358.69 3678.48 2927.83 1254.31 226.558 0 0 0 0 
0 0 0 0 0 446.144 1559.93 3134.6 3264.86 3141.19 1572.97 447.553 0 0 0 0 0 
0 0 0 0 0 127.9 769.604 1391.73 2114.59 1387.56 769.099 126.316 0 0 0 0 0 
0 0 0 0 0 0 63.5492 514.42 575.75 512.2 63.8471 0 0 0 0 0 0 
0 0 0 0 0 0 55.7262 95.0925 118.035 95.7848 55.2379 0 0 0 0 0 0 
0 0 0 0 0 0 0 0 63.0487 0 0 0 0 0 0 0 0 
0 0 0 0 0 0 0 15.9587 0 15.8608 0 0 0 0 0 0 0 
0 0 0 0 0 0 0 0 0 0 0 0 0 0 0 0 0 
0 0 0 0 0 0 0 0 1.96754 0 0 0 0 0 0 0 0 
