1 0 0 0 0 0 0 0 0 0 0 0 0 0 0 0 1 
0 0 0 0 0 0 0 0 0 0 0 0 0 0 0 0 0 
0 16 0 0 0 0 0 0 0 0 0 0 0 0 0 16 0 
0 0 32.2845 0 0 0 0 0 0 0 0 0 0 0 31.0856 0 0 
0 0 87.7155 96.6383 23.6308 0 0 0 8.17103 0 0 0 22.9811 93.5953 88.9144 0 0 
0 0 0 257.279 261.283 193.381 95.674 63.0137 0 64.3257 95.528 190.35 256.476 258.031 0 0 0 
0 0 0 206.083 735.371 689.155 694.729 620.569 762.399 612.906 700.969 681.479 729.403 208.373 0 0 0 
0 0 0 0 569.191 1668.87 1836.54 1918.69 1613.95 1935.3 1792.14 1673.81 583.848 0 0 0 0 
0 0 0 0 230.524 1242.04 2942.75 3713.38 4369.77 3693.5 2964.45 1247.61 227.292 0 0 0 0 
0 0 0 0 0 445.69 1553.33 3121.42 3281.17 3132.57 1563.2 447.782 0 0 0 0 0 
0 0 0 0 0 128.868 765.165 1372.37 2082.73 1390.07 773.861 126.971 0 0 0 0 0 
0 0 0 0 0 0 64.1332 519.689 569.529 501.183 63.7002 0 0 0 0 0 0 
0 0 0 0 0 0 55.6846 95.2018 115.656 94.7557 54.1483 0 0 0 0 0 0 
0 0 0 0 0 0 0 0 64.7044 0 0 0 0 0 0 0 0 
0 0 0 0 0 0 0 15.6573 0 15.3893 0 0 0 0 0 0 0 
0 0 0 0 0 0 0 0 0 0 0 0 0 0 0 0 0 
0 0 0 0 0 0 0 0 1.91614 0 0 0 0 0 0 0 0 
