1 0 0 0 0 0 0 0 0 0 0 0 0 0 0 0 1 
0 0 0 0 0 0 0 0 0 0 0 0 0 0 0 0 0 
0 16 0 0 0 0 0 0 0 0 0 0 0 0 0 16 0 
0 0 32.3292 0 0 0 0 0 0 0 0 0 0 0 32.373 0 0 
0 0 87.6708 96.4293 23.6884 0 0 0 8.2437 0 0 0 23.9202 97.3897 87.627 0 0 
0 0 0 255.709 252.981 193.248 96.9298 65.6093 0 66.2083 96.7827 190.467 259.182 255.405 0 0 0 
0 0 0 207.862 736.815 680.477 701.314 627.182 777.787 625.463 698.013 694.718 735.137 207.205 0 0 0 
0 0 0 0 578.593 1672.39 1819.73 1917.39 1616.38 1912.54 1827.83 1656.31 574.603 0 0 0 0 
0 0 0 0 227.922 1245.03 2943.37 3685.26 4327.43 3662.8 2929.58 1244.03 227.157 0 0 0 0 
0 0 0 0 0 451.492 1561.27 3131.95 3268.77 3149.32 1571.12 454.426 0 0 0 0 0 
0 0 0 0 0 125.361 768.981 1391.09 2113.33 1394.91 763.387 128.054 0 0 0 0 0 
0 0 0 0 0 0 62.1778 509.602 569.892 517.105 64.9053 0 0 0 0 0 0 
0 0 0 0 0 0 54.2274 96.3632 122.293 95.7863 56.3841 0 0 0 0 0 0 
0 0 0 0 0 0 0 0 63.9639 0 0 0 0 0 0 0 0 
0 0 0 0 0 0 0 15.5445 0 15.8638 0 0 0 0 0 0 0 
0 0 0 0 0 0 0 0 0 0 0 0 0 0 0 0 0 
0 0 0 0 0 0 0 0 1.91294 0 0 0 0 0 0 0 0 
