1 0 0 0 0 0 0 0 0 0 0 0 0 0 0 0 1 
0 0 0 0 0 0 0 0 0 0 0 0 0 0 0 0 0 
0 16 0 0 0 0 0 0 0 0 0 0 0 0 0 16 0 
0 0 31.9695 0 0 0 0 0 0 0 0 0 0 0 32.2589 0 0 
0 0 88.0305 93.9027 23.7866 0 0 0 7.89575 0 0 0 24.7799 96.9952 87.7411 0 0 
0 0 0 256.467 256.108 190.517 94.0914 62.7607 0 63.6635 96.5022 194.081 256.929 256.742 0 0 0 
0 0 0 209.63 727.619 677.067 703.306 621.92 766.224 616.684 700.946 686.91 732.232 206.262 0 0 0 
0 0 0 0 580.229 1652.01 1816.83 1920.38 1599.89 1922.38 1823.26 1652 576.391 0 0 0 0 
0 0 0 0 232.257 1263.07 2915.84 3674.93 4344.57 3715.62 2920.68 1256.33 229.668 0 0 0 0 
0 0 0 0 0 454.39 1574.67 3125.96 3270.87 3111.99 1565.34 450.141 0 0 0 0 0 
0 0 0 0 0 130.942 781.067 1404.41 2115.89 1380.02 780.904 128.541 0 0 0 0 0 
0 0 0 0 0 0 65.1695 514.738 574.869 516.813 64.5934 0 0 0 0 0 0 
0 0 0 0 0 0 57.0217 98.3362 122.104 97.0611 55.7805 0 0 0 0 0 0 
0 0 0 0 0 0 0 0 65.6312 0 0 0 0 0 0 0 0 
0 0 0 0 0 0 0 16.5632 0 15.7769 0 0 0 0 0 0 0 
0 0 0 0 0 0 0 0 0 0 0 0 0 0 0 0 0 
0 0 0 0 0 0 0 0 2.05236 0 0 0 0 0 0 0 0 
