1 0 0 0 0 0 0 0 0 0 0 0 0 0 0 0 1 
0 0 0 0 0 0 0 0 0 0 0 0 0 0 0 0 0 
0 16 0 0 0 0 0 0 0 0 0 0 0 0 0 16 0 
0 0 32.1222 0 0 0 0 0 0 0 0 0 0 0 32.9329 0 0 
0 0 87.8778 96.7869 23.6515 0 0 0 7.95192 0 0 0 24.7514 97.4064 87.0671 0 0 
0 0 0 256.269 255.797 190.635 94.6004 64.7225 0 66.2888 98.1989 193.228 260.622 256.674 0 0 0 
0 0 0 206.944 731.436 688.48 704.066 621.995 777.202 622.597 709.058 683.498 736.298 205.919 0 0 0 
0 0 0 0 581.86 1671.09 1811.39 1886.99 1594.24 1932.04 1828.23 1664.9 567.581 0 0 0 0 
0 0 0 0 227.255 1239.57 2931.44 3704.61 4335.11 3674.71 2918.52 1249.57 230.748 0 0 0 0 
0 0 0 0 0 451.214 1568.26 3137.26 3274.89 3129.68 1563.78 451.047 0 0 0 0 0 
0 0 0 0 0 127.019 776.351 1394.24 2126.61 1399.95 771.035 125.758 0 0 0 0 0 
0 0 0 0 0 0 65.7855 517.165 569.217 503.502 63.281 0 0 0 0 0 0 
0 0 0 0 0 0 56.1032 96.9365 118.595 95.3376 55.8944 0 0 0 0 0 0 
0 0 0 0 0 0 0 0 64.1265 0 0 0 0 0 0 0 0 
0 0 0 0 0 0 0 16.0834 0 15.8907 0 0 0 0 0 0 0 
0 0 0 0 0 0 0 0 0 0 0 0 0 0 0 0 0 
0 0 0 0 0 0 0 0 2.05815 0 0 0 0 0 0 0 0 
