1 0 0 0 0 0 0 0 0 0 0 0 0 0 0 0 1 
0 0 0 0 0 0 0 0 0 0 0 0 0 0 0 0 0 
0 16 0 0 0 0 0 0 0 0 0 0 0 0 0 16 0 
0 0 31.352 0 0 0 0 0 0 0 0 0 0 0 33.0976 0 0 
0 0 88.648 98.4863 24.8026 0 0 0 7.53325 0 0 0 23.5683 98.0125 86.9024 0 0 
0 0 0 252.533 254.398 193.104 97.2564 64.0204 0 63.7459 96.448 192.856 256.668 257.45 0 0 0 
0 0 0 208.98 739.272 699.657 710.76 617.025 779.032 640.468 719.602 698.475 746.201 204.537 0 0 0 
0 0 0 0 569.502 1655.31 1823.17 1936.03 1617.64 1937.41 1832.88 1647.38 565.6 0 0 0 0 
0 0 0 0 232.025 1251.22 2945.62 3716.93 4335.49 3715.04 2920.28 1265.8 227.962 0 0 0 0 
0 0 0 0 0 438.228 1571.32 3119.99 3283.17 3109.87 1574.24 438.609 0 0 0 0 0 
0 0 0 0 0 130.477 742.211 1368.51 2101.75 1365.69 744.943 124.884 0 0 0 0 0 
0 0 0 0 0 0 62.2662 508.965 563.092 498.008 64.0872 0 0 0 0 0 0 
0 0 0 0 0 0 55.3896 92.7621 118.51 93.544 55.5281 0 0 0 0 0 0 
0 0 0 0 0 0 0 0 61.768 0 0 0 0 0 0 0 0 
0 0 0 0 0 0 0 15.7713 0 16.2213 0 0 0 0 0 0 0 
0 0 0 0 0 0 0 0 0 0 0 0 0 0 0 0 0 
0 0 0 0 0 0 0 0 2.02137 0 0 0 0 0 0 0 0 
