1 0 0 0 0 0 0 0 0 0 0 0 0 0 0 0 1 
0 0 0 0 0 0 0 0 0 0 0 0 0 0 0 0 0 
0 16 0 0 0 0 0 0 0 0 0 0 0 0 0 16 0 
0 0 32.4696 0 0 0 0 0 0 0 0 0 0 0 31.9078 0 0 
0 0 87.5304 94.4966 23.4548 0 0 0 7.80244 0 0 0 23.5058 94.4151 88.0922 0 0 
0 0 0 258.911 256.605 192.373 97.2338 63.1247 0 63.1669 94.7742 190.345 254.773 257.061 0 0 0 
0 0 0 206.592 734.404 691.77 695.935 618.693 754.703 617.217 704.322 686.783 733.91 208.523 0 0 0 
0 0 0 0 578.788 1654.7 1814.02 1924.7 1597.26 1915.57 1827.75 1660.17 576.965 0 0 0 0 
0 0 0 0 226.748 1249.44 2928.45 3657.74 4348.38 3684 2923.68 1251.14 230.846 0 0 0 0 
0 0 0 0 0 449.534 1583.94 3157.71 3270.72 3139.3 1572.98 448.557 0 0 0 0 0 
0 0 0 0 0 130.18 767.769 1396.15 2118.75 1389.5 761.446 131.006 0 0 0 0 0 
0 0 0 0 0 0 63.8652 511.076 584.006 517.524 65.2427 0 0 0 0 0 0 
0 0 0 0 0 0 56.7864 94.6243 121.23 97.2844 57.811 0 0 0 0 0 0 
0 0 0 0 0 0 0 0 65.1126 0 0 0 0 0 0 0 0 
0 0 0 0 0 0 0 16.1753 0 16.4344 0 0 0 0 0 0 0 
0 0 0 0 0 0 0 0 0 0 0 0 0 0 0 0 0 
0 0 0 0 0 0 0 0 2.03575 0 0 0 0 0 0 0 0 
