1 0 0 0 0 0 0 0 0 0 0 0 0 0 0 0 1 
0 0 0 0 0 0 0 0 0 0 0 0 0 0 0 0 0 
0 16 0 0 0 0 0 0 0 0 0 0 0 0 0 16 0 
0 0 31.8925 0 0 0 0 0 0 0 0 0 0 0 32.09 0 0 
0 0 88.1075 96.7239 24.3936 0 0 0 8.03821 0 0 0 24.3735 96.3756 87.91 0 0 
0 0 0 254.944 254.237 193.444 97.8774 66.0215 0 64.9004 95.5517 191.283 256.2 256.937 0 0 0 
0 0 0 208.332 734.997 692.261 701.894 626.092 765.887 625.695 714.582 697.247 744.381 206.687 0 0 0 
0 0 0 0 578.252 1663.36 1823.47 1911.64 1610.95 1929.85 1839.41 1667.34 570.416 0 0 0 0 
0 0 0 0 228.12 1238.62 2932.47 3692.61 4353.02 3690.54 2918.51 1243.4 224.629 0 0 0 0 
0 0 0 0 0 449.273 1556.89 3100.27 3255.96 3126.32 1560.37 444.366 0 0 0 0 0 
0 0 0 0 0 131.043 772.629 1412.41 2112.13 1380.59 759.232 124.363 0 0 0 0 0 
0 0 0 0 0 0 64.9107 520.099 576.695 508.705 64.5108 0 0 0 0 0 0 
0 0 0 0 0 0 57.8576 94.6926 121.347 97.0788 55.8351 0 0 0 0 0 0 
0 0 0 0 0 0 0 0 64.0083 0 0 0 0 0 0 0 0 
0 0 0 0 0 0 0 16.1728 0 16.3259 0 0 0 0 0 0 0 
0 0 0 0 0 0 0 0 0 0 0 0 0 0 0 0 0 
0 0 0 0 0 0 0 0 1.97078 0 0 0 0 0 0 0 0 
