1 0 0 0 0 0 0 0 0 0 0 0 0 0 0 0 1 
0 0 0 0 0 0 0 0 0 0 0 0 0 0 0 0 0 
0 16 0 0 0 0 0 0 0 0 0 0 0 0 0 16 0 
0 0 32.3831 0 0 0 0 0 0 0 0 0 0 0 32.0004 0 0 
0 0 87.6169 95.3446 23.0862 0 0 0 7.83676 0 0 0 24.1092 97.2424 87.9996 0 0 
0 0 0 257.549 253.739 188.244 95.2341 62.4402 0 64.6963 95.9535 190.868 259.833 254.877 0 0 0 
0 0 0 207.107 734.829 683.215 696.345 620.52 766.795 619.081 711.41 692.235 734.161 207.88 0 0 0 
0 0 0 0 580.344 1655.11 1824.17 1923.91 1586.27 1923.76 1827.99 1659.52 576.023 0 0 0 0 
0 0 0 0 228.001 1264.82 2933.46 3677.42 4362.38 3664.83 2922.14 1254.59 225.873 0 0 0 0 
0 0 0 0 0 448.484 1569.75 3126.49 3255.25 3158.66 1565.57 445.356 0 0 0 0 0 
0 0 0 0 0 128.126 768.69 1406.13 2129.76 1387.93 767.56 125.431 0 0 0 0 0 
0 0 0 0 0 0 63.9327 511.139 578.331 510.63 62.213 0 0 0 0 0 0 
0 0 0 0 0 0 56.418 95.7614 116.994 94.4505 55.166 0 0 0 0 0 0 
0 0 0 0 0 0 0 0 64.3269 0 0 0 0 0 0 0 0 
0 0 0 0 0 0 0 16.1857 0 15.9568 0 0 0 0 0 0 0 
0 0 0 0 0 0 0 0 0 0 0 0 0 0 0 0 0 
0 0 0 0 0 0 0 0 2.06128 0 0 0 0 0 0 0 0 
