1 0 0 0 0 0 0 0 0 0 0 0 0 0 0 0 1 
0 0 0 0 0 0 0 0 0 0 0 0 0 0 0 0 0 
0 16 0 0 0 0 0 0 0 0 0 0 0 0 0 16 0 
0 0 32.3891 0 0 0 0 0 0 0 0 0 0 0 31.0299 0 0 
0 0 87.6109 96.3335 24.2529 0 0 0 8.24951 0 0 0 24.4343 95.8839 88.9701 0 0 
0 0 0 257.061 257.681 195.29 94.818 65.1203 0 64.0648 95.8359 190.072 253.655 253.812 0 0 0 
0 0 0 206.605 736.521 682.686 703.639 619.356 759.922 611.104 695.195 672.649 733.739 210.305 0 0 0 
0 0 0 0 573.22 1673.7 1798.17 1892.83 1595.93 1920.35 1817.54 1671.68 577.874 0 0 0 0 
0 0 0 0 228.325 1239.5 2946.82 3688.75 4352.53 3682.08 2952.07 1255.34 230.297 0 0 0 0 
0 0 0 0 0 448.671 1572.37 3143.57 3278.61 3153 1556.71 448.12 0 0 0 0 0 
0 0 0 0 0 128.148 770.475 1403.9 2112.21 1389.75 767.32 130.145 0 0 0 0 0 
0 0 0 0 0 0 65.756 512.649 577.594 505.993 65.9947 0 0 0 0 0 0 
0 0 0 0 0 0 55.9552 97.8551 119.012 97.3751 57.3398 0 0 0 0 0 0 
0 0 0 0 0 0 0 0 63.9149 0 0 0 0 0 0 0 0 
0 0 0 0 0 0 0 15.9785 0 16.2802 0 0 0 0 0 0 0 
0 0 0 0 0 0 0 0 0 0 0 0 0 0 0 0 0 
0 0 0 0 0 0 0 0 2.02157 0 0 0 0 0 0 0 0 
