1 0 0 0 0 0 0 0 0 0 0 0 0 0 0 0 1 
0 0 0 0 0 0 0 0 0 0 0 0 0 0 0 0 0 
0 16 0 0 0 0 0 0 0 0 0 0 0 0 0 16 0 
0 0 32.2995 0 0 0 0 0 0 0 0 0 0 0 31.6731 0 0 
0 0 87.7005 96.4924 24.1575 0 0 0 8.24411 0 0 0 23.6906 93.4586 88.3269 0 0 
0 0 0 256.916 255.71 188.512 95.7998 63.2073 0 64.0301 96.4646 193.73 255.469 259.143 0 0 0 
0 0 0 206.592 731.089 692.951 706.472 626.944 769.281 618.577 703.851 688.697 735.117 207.398 0 0 0 
0 0 0 0 580.752 1663.81 1819.93 1900.65 1599.77 1930.5 1829.93 1659.5 575.992 0 0 0 0 
0 0 0 0 228.292 1247.72 2943.01 3707.42 4338.76 3679.28 2927.4 1244.52 229.732 0 0 0 0 
0 0 0 0 0 448.292 1563.97 3152.94 3288.2 3143.27 1562.4 452.774 0 0 0 0 0 
0 0 0 0 0 126.714 760.903 1370.32 2103.96 1379.99 768.143 128.786 0 0 0 0 0 
0 0 0 0 0 0 63.3539 508.281 577.988 512.977 63.3692 0 0 0 0 0 0 
0 0 0 0 0 0 54.5593 94.6042 118.228 95.0638 56.4448 0 0 0 0 0 0 
0 0 0 0 0 0 0 0 63.5925 0 0 0 0 0 0 0 0 
0 0 0 0 0 0 0 15.6396 0 16.3179 0 0 0 0 0 0 0 
0 0 0 0 0 0 0 0 0 0 0 0 0 0 0 0 0 
0 0 0 0 0 0 0 0 1.97375 0 0 0 0 0 0 0 0 
