1 0 0 0 0 0 0 0 0 0 0 0 0 0 0 0 1 
0 0 0 0 0 0 0 0 0 0 0 0 0 0 0 0 0 
0 16 0 0 0 0 0 0 0 0 0 0 0 0 0 16 0 
0 0 31.5775 0 0 0 0 0 0 0 0 0 0 0 31.3639 0 0 
0 0 88.4225 97.1516 24.4943 0 0 0 7.74041 0 0 0 24.7376 94.6639 88.6361 0 0 
0 0 0 254.037 259.046 192.752 96.9869 63.6861 0 63.6249 96.9892 194.651 255.205 256.666 0 0 0 
0 0 0 208.812 731.673 687.437 705.964 623.896 775.846 623.654 705.175 687.7 733.105 208.67 0 0 0 
0 0 0 0 573.091 1656.68 1825.3 1937.63 1600.02 1924.08 1825.95 1668.93 578.719 0 0 0 0 
0 0 0 0 231.696 1250.93 2909.14 3682.7 4332.59 3680.26 2923.43 1243.86 228.234 0 0 0 0 
0 0 0 0 0 451.031 1575.51 3117.56 3264.93 3127.85 1569.68 444.713 0 0 0 0 0 
0 0 0 0 0 129.174 773.723 1395.63 2131.82 1398.37 766.238 128.142 0 0 0 0 0 
0 0 0 0 0 0 65.7026 507.763 572.373 510 64.427 0 0 0 0 0 0 
0 0 0 0 0 0 55.6806 95.3542 119.827 96.2884 56.116 0 0 0 0 0 0 
0 0 0 0 0 0 0 0 62.8391 0 0 0 0 0 0 0 0 
0 0 0 0 0 0 0 15.781 0 15.8683 0 0 0 0 0 0 0 
0 0 0 0 0 0 0 0 0 0 0 0 0 0 0 0 0 
0 0 0 0 0 0 0 0 2.0152 0 0 0 0 0 0 0 0 
