1 0 0 0 0 0 0 0 0 0 0 0 0 0 0 0 1 
0 0 0 0 0 0 0 0 0 0 0 0 0 0 0 0 0 
0 16 0 0 0 0 0 0 0 0 0 0 0 0 0 16 0 
0 0 32.5107 0 0 0 0 0 0 0 0 0 0 0 32.469 0 0 
0 0 87.4893 95.3565 23.4262 0 0 0 7.97494 0 0 0 24.0374 97.6765 87.531 0 0 
0 0 0 258.864 258.244 191.154 96.0125 63.9193 0 65.8861 96.1451 189.898 255.535 257.421 0 0 0 
0 0 0 205.779 735.955 686.19 684.928 614.952 751.805 622.12 703.536 683.231 735.071 204.902 0 0 0 
0 0 0 0 576.045 1670.24 1856.2 1909.76 1582.54 1896.58 1820.15 1667.81 578.22 0 0 0 0 
0 0 0 0 226.33 1250.24 2901.54 3684.47 4371.48 3691.87 2934.64 1251 227.136 0 0 0 0 
0 0 0 0 0 445.711 1567.37 3146.21 3266.51 3143.89 1570.76 447.412 0 0 0 0 0 
0 0 0 0 0 124.468 781.409 1392.17 2124.54 1397.15 764.745 128.647 0 0 0 0 0 
0 0 0 0 0 0 64.7158 516.28 577.785 512.211 62.0858 0 0 0 0 0 0 
0 0 0 0 0 0 55.8175 96.2834 120.558 94.7699 55.9329 0 0 0 0 0 0 
0 0 0 0 0 0 0 0 64.7937 0 0 0 0 0 0 0 0 
0 0 0 0 0 0 0 15.9507 0 15.5302 0 0 0 0 0 0 0 
0 0 0 0 0 0 0 0 0 0 0 0 0 0 0 0 0 
0 0 0 0 0 0 0 0 2.01617 0 0 0 0 0 0 0 0 
