1 0 0 0 0 0 0 0 0 0 0 0 0 0 0 0 0 
0 0 0 0 0 0 0 0 0 0 0 0 0 0 0 0 0 
0 16 0 0 0 0 0 0 0 0 0 0 0 0 0 0 0 
0 0 32 0 0 0 0 0 0 0 0 0 0 0 0 0 0 
0 0 88 96.0675 24.0009 0 0 0 8.04811 0 0 0 0 0 0 0 0 
0 0 0 255.973 256.12 192.126 95.9842 64.3236 0 0 0 0 0 0 0 0 0 
0 0 0 207.96 736.333 688.688 704.995 623.936 769.235 0 0 0 0 0 0 0 0 
0 0 0 0 575.783 1664.62 1823.69 1921.57 1599.34 0 0 0 0 0 0 0 0 
0 0 0 0 227.763 1246.74 2928.3 3678.27 4356.62 0 0 0 0 0 0 0 0 
0 0 0 0 0 447.401 1568.36 3137.35 3262.36 0 0 0 0 0 0 0 0 
0 0 0 0 0 128.425 766.521 1390.09 2111.5 0 0 0 0 0 0 0 0 
0 0 0 0 0 0 63.9826 512.497 576.703 0 0 0 0 0 0 0 0 
0 0 0 0 0 0 56.1678 95.8944 120.025 0 0 0 0 0 0 0 0 
0 0 0 0 0 0 0 0 64.1562 0 0 0 0 0 0 0 0 
0 0 0 0 0 0 0 16.06 0 0 0 0 0 0 0 0 0 
0 0 0 0 0 0 0 0 0 0 0 0 0 0 0 0 0 
0 0 0 0 0 0 0 0 2.00797 0 0 0 0 0 0 0 0 
