1 0 0 0 0 0 0 0 0 0 0 0 0 0 0 0 0 
0 0 0 0 0 0 0 0 0 0 0 0 0 0 0 0 0 
0 16 0 0 0 0 0 0 0 0 0 0 0 0 0 0 0 
0 0 32 0 0 0 0 0 0 0 0 0 0 0 0 0 0 
0 0 88 96.0702 24.0165 0 0 0 7.97258 0 0 0 0 0 0 0 0 
0 0 0 255.903 256.138 192.026 95.8905 63.6885 0 0 0 0 0 0 0 0 0 
0 0 0 208.027 736.449 688.555 703.893 624.281 769.632 0 0 0 0 0 0 0 0 
0 0 0 0 575.925 1664.29 1823.14 1921.74 1600.66 0 0 0 0 0 0 0 0 
0 0 0 0 227.472 1247.97 2928.71 3679.22 4357.1 0 0 0 0 0 0 0 0 
0 0 0 0 0 447.6 1568.59 3136.4 3262.68 0 0 0 0 0 0 0 0 
0 0 0 0 0 127.557 768.03 1390.54 2109.93 0 0 0 0 0 0 0 0 
0 0 0 0 0 0 63.8792 512.176 575.739 0 0 0 0 0 0 0 0 
0 0 0 0 0 0 55.8676 96.0049 120.203 0 0 0 0 0 0 0 0 
0 0 0 0 0 0 0 0 64.0842 0 0 0 0 0 0 0 0 
0 0 0 0 0 0 0 15.9481 0 0 0 0 0 0 0 0 0 
0 0 0 0 0 0 0 0 0 0 0 0 0 0 0 0 0 
0 0 0 0 0 0 0 0 1.99558 0 0 0 0 0 0 0 0 
