1 0 0 0 0 0 0 0 0 0 0 0 0 0 0 0 0 
0 0 0 0 0 0 0 0 0 0 0 0 0 0 0 0 0 
0 16 0 0 0 0 0 0 0 0 0 0 0 0 0 0 0 
0 0 32 0 0 0 0 0 0 0 0 0 0 0 0 0 0 
0 0 88 95.8067 23.9021 0 0 0 7.98947 0 0 0 0 0 0 0 0 
0 0 0 255.958 255.343 191.125 95.6989 63.9498 0 0 0 0 0 0 0 0 0 
0 0 0 208.235 735.585 687.028 703.518 623.97 768.713 0 0 0 0 0 0 0 0 
0 0 0 0 577.212 1664.62 1823.32 1920.54 1599.02 0 0 0 0 0 0 0 0 
0 0 0 0 227.957 1248.67 2928.3 3679.39 4356.83 0 0 0 0 0 0 0 0 
0 0 0 0 0 448.476 1568.73 3139.08 3264.89 0 0 0 0 0 0 0 0 
0 0 0 0 0 128.076 768.235 1390.19 2111 0 0 0 0 0 0 0 0 
0 0 0 0 0 0 64.2472 510.839 576.082 0 0 0 0 0 0 0 0 
0 0 0 0 0 0 55.9487 96.0331 119.474 0 0 0 0 0 0 0 0 
0 0 0 0 0 0 0 0 63.9997 0 0 0 0 0 0 0 0 
0 0 0 0 0 0 0 16.0059 0 0 0 0 0 0 0 0 0 
0 0 0 0 0 0 0 0 0 0 0 0 0 0 0 0 0 
0 0 0 0 0 0 0 0 2.00006 0 0 0 0 0 0 0 0 
