1 0 0 0 0 0 0 0 0 0 0 0 0 0 0 0 0 
0 0 0 0 0 0 0 0 0 0 0 0 0 0 0 0 0 
0 16 0 0 0 0 0 0 0 0 0 0 0 0 0 0 0 
0 0 32 0 0 0 0 0 0 0 0 0 0 0 0 0 0 
0 0 88 96.0359 24.0041 0 0 0 7.99083 0 0 0 0 0 0 0 0 
0 0 0 255.958 256.02 192.236 96.1475 63.9684 0 0 0 0 0 0 0 0 0 
0 0 0 208.006 736.024 688.439 703.336 624.314 768.305 0 0 0 0 0 0 0 0 
0 0 0 0 575.664 1663.85 1823.51 1920.02 1601.06 0 0 0 0 0 0 0 0 
0 0 0 0 228.288 1247.26 2928.57 3679.1 4354.59 0 0 0 0 0 0 0 0 
0 0 0 0 0 448.037 1568.07 3137.67 3263.36 0 0 0 0 0 0 0 0 
0 0 0 0 0 128.174 768.34 1391.36 2112.66 0 0 0 0 0 0 0 0 
0 0 0 0 0 0 63.9496 511.573 576.057 0 0 0 0 0 0 0 0 
0 0 0 0 0 0 56.0803 95.9498 120.057 0 0 0 0 0 0 0 0 
0 0 0 0 0 0 0 0 63.9176 0 0 0 0 0 0 0 0 
0 0 0 0 0 0 0 16.0419 0 0 0 0 0 0 0 0 0 
0 0 0 0 0 0 0 0 0 0 0 0 0 0 0 0 0 
0 0 0 0 0 0 0 0 2.00501 0 0 0 0 0 0 0 0 
