1 0 0 0 0 0 0 0 0 0 0 0 0 0 0 0 0 
0 0 0 0 0 0 0 0 0 0 0 0 0 0 0 0 0 
0 16 0 0 0 0 0 0 0 0 0 0 0 0 0 0 0 
0 0 32 0 0 0 0 0 0 0 0 0 0 0 0 0 0 
0 0 88 95.8419 23.9871 0 0 0 7.98518 0 0 0 0 0 0 0 0 
0 0 0 255.892 255.736 191.931 96.0784 64.0029 0 0 0 0 0 0 0 0 0 
0 0 0 208.266 736.073 688.112 703.792 625.283 768.783 0 0 0 0 0 0 0 0 
0 0 0 0 575.702 1664.52 1823.54 1919.94 1602.16 0 0 0 0 0 0 0 0 
0 0 0 0 228.503 1247.9 2927 3678.06 4355.2 0 0 0 0 0 0 0 0 
0 0 0 0 0 447.395 1568.34 3136.27 3262.95 0 0 0 0 0 0 0 0 
0 0 0 0 0 128.143 769.028 1392.46 2112.03 0 0 0 0 0 0 0 0 
0 0 0 0 0 0 64.0896 511.904 575.001 0 0 0 0 0 0 0 0 
0 0 0 0 0 0 56.1431 96.0301 119.886 0 0 0 0 0 0 0 0 
0 0 0 0 0 0 0 0 64.0006 0 0 0 0 0 0 0 0 
0 0 0 0 0 0 0 16.0464 0 0 0 0 0 0 0 0 0 
0 0 0 0 0 0 0 0 0 0 0 0 0 0 0 0 0 
0 0 0 0 0 0 0 0 2.00706 0 0 0 0 0 0 0 0 
