1 0 0 0 0 0 0 0 0 0 0 0 0 0 0 0 0 
0 0 0 0 0 0 0 0 0 0 0 0 0 0 0 0 0 
0 16 0 0 0 0 0 0 0 0 0 0 0 0 0 0 0 
0 0 32 0 0 0 0 0 0 0 0 0 0 0 0 0 0 
0 0 88 96.1308 24.0493 0 0 0 7.98282 0 0 0 0 0 0 0 0 
0 0 0 255.982 256.06 191.891 95.9094 63.8483 0 0 0 0 0 0 0 0 0 
0 0 0 207.888 736.531 687.672 702.496 622.982 765.909 0 0 0 0 0 0 0 0 
0 0 0 0 575.628 1663.86 1823.05 1918.15 1597.43 0 0 0 0 0 0 0 0 
0 0 0 0 227.732 1247.92 2927.57 3677.57 4355.95 0 0 0 0 0 0 0 0 
0 0 0 0 0 448.634 1570.44 3139.57 3266.67 0 0 0 0 0 0 0 0 
0 0 0 0 0 128.026 768.554 1393.26 2112.7 0 0 0 0 0 0 0 0 
0 0 0 0 0 0 63.9299 512.42 577.249 0 0 0 0 0 0 0 0 
0 0 0 0 0 0 56.0426 96.2074 120.038 0 0 0 0 0 0 0 0 
0 0 0 0 0 0 0 0 64.0749 0 0 0 0 0 0 0 0 
0 0 0 0 0 0 0 16.0076 0 0 0 0 0 0 0 0 0 
0 0 0 0 0 0 0 0 0 0 0 0 0 0 0 0 0 
0 0 0 0 0 0 0 0 2.00284 0 0 0 0 0 0 0 0 
