1 0 0 0 0 0 0 0 0 0 0 0 0 0 0 0 0 
0 0 0 0 0 0 0 0 0 0 0 0 0 0 0 0 0 
0 16 0 0 0 0 0 0 0 0 0 0 0 0 0 0 0 
0 0 32 0 0 0 0 0 0 0 0 0 0 0 0 0 0 
0 0 88 96.1043 23.9797 0 0 0 7.9835 0 0 0 0 0 0 0 0 
0 0 0 256.023 256.02 191.976 96.0797 63.8375 0 0 0 0 0 0 0 0 0 
0 0 0 207.873 735.85 688.545 705.083 625.666 769.81 0 0 0 0 0 0 0 0 
0 0 0 0 576.422 1664.44 1824.98 1918.85 1601.53 0 0 0 0 0 0 0 0 
0 0 0 0 227.729 1247.57 2928.72 3681.35 4355.65 0 0 0 0 0 0 0 0 
0 0 0 0 0 447.945 1566.05 3135.42 3262.5 0 0 0 0 0 0 0 0 
0 0 0 0 0 127.522 767.5 1392.1 2110.88 0 0 0 0 0 0 0 0 
0 0 0 0 0 0 63.8309 510.757 575.32 0 0 0 0 0 0 0 0 
0 0 0 0 0 0 55.7596 96.0376 120.329 0 0 0 0 0 0 0 0 
0 0 0 0 0 0 0 0 64.0049 0 0 0 0 0 0 0 0 
0 0 0 0 0 0 0 15.9772 0 0 0 0 0 0 0 0 0 
0 0 0 0 0 0 0 0 0 0 0 0 0 0 0 0 0 
0 0 0 0 0 0 0 0 1.99813 0 0 0 0 0 0 0 0 
