1 0 0 0 0 0 0 0 0 0 0 0 0 0 0 0 0 
0 0 0 0 0 0 0 0 0 0 0 0 0 0 0 0 0 
0 16 0 0 0 0 0 0 0 0 0 0 0 0 0 0 0 
0 0 32 0 0 0 0 0 0 0 0 0 0 0 0 0 0 
0 0 88 96.0485 23.9984 0 0 0 8.02573 0 0 0 0 0 0 0 0 
0 0 0 255.93 255.977 192.54 96.2398 64.1836 0 0 0 0 0 0 0 0 0 
0 0 0 208.021 736.148 689.04 704.47 623.022 768.375 0 0 0 0 0 0 0 0 
0 0 0 0 575.99 1663.69 1822.87 1919.95 1601.89 0 0 0 0 0 0 0 0 
0 0 0 0 227.887 1246.98 2929 3680.36 4354.46 0 0 0 0 0 0 0 0 
0 0 0 0 0 447.91 1567.88 3137.58 3261.48 0 0 0 0 0 0 0 0 
0 0 0 0 0 127.839 767.403 1391.21 2114.18 0 0 0 0 0 0 0 0 
0 0 0 0 0 0 64.1604 511.689 575.745 0 0 0 0 0 0 0 0 
0 0 0 0 0 0 55.9759 96.0238 119.881 0 0 0 0 0 0 0 0 
0 0 0 0 0 0 0 0 63.963 0 0 0 0 0 0 0 0 
0 0 0 0 0 0 0 15.9756 0 0 0 0 0 0 0 0 0 
0 0 0 0 0 0 0 0 0 0 0 0 0 0 0 0 0 
0 0 0 0 0 0 0 0 2.00033 0 0 0 0 0 0 0 0 
