1 0 0 0 0 0 0 0 0 0 0 0 0 0 0 0 0 
0 0 0 0 0 0 0 0 0 0 0 0 0 0 0 0 0 
0 16 0 0 0 0 0 0 0 0 0 0 0 0 0 0 0 
0 0 32 0 0 0 0 0 0 0 0 0 0 0 0 0 0 
0 0 88 95.8468 23.952 0 0 0 7.96825 0 0 0 0 0 0 0 0 
0 0 0 256.158 255.864 192.024 95.8895 63.7674 0 0 0 0 0 0 0 0 0 
0 0 0 207.995 735.911 686.857 702.93 623.093 766.858 0 0 0 0 0 0 0 0 
0 0 0 0 576.355 1662.26 1823.38 1920.16 1597.99 0 0 0 0 0 0 0 0 
0 0 0 0 227.918 1249.47 2929.04 3682.53 4355.18 0 0 0 0 0 0 0 0 
0 0 0 0 0 449.042 1568.12 3136.23 3265.4 0 0 0 0 0 0 0 0 
0 0 0 0 0 128.346 768.522 1391.51 2115.08 0 0 0 0 0 0 0 0 
0 0 0 0 0 0 64.1457 510.775 575.953 0 0 0 0 0 0 0 0 
0 0 0 0 0 0 55.9693 95.9484 119.709 0 0 0 0 0 0 0 0 
0 0 0 0 0 0 0 0 63.8657 0 0 0 0 0 0 0 0 
0 0 0 0 0 0 0 15.9911 0 0 0 0 0 0 0 0 0 
0 0 0 0 0 0 0 0 0 0 0 0 0 0 0 0 0 
0 0 0 0 0 0 0 0 2.00061 0 0 0 0 0 0 0 0 
