1 0 0 0 0 0 0 0 0 0 0 0 0 0 0 0 0 
0 0 0 0 0 0 0 0 0 0 0 0 0 0 0 0 0 
0 16 0 0 0 0 0 0 0 0 0 0 0 0 0 0 0 
0 0 32 0 0 0 0 0 0 0 0 0 0 0 0 0 0 
0 0 88 96.0403 23.9916 0 0 0 7.98404 0 0 0 0 0 0 0 0 
0 0 0 256.252 256.207 191.891 96.0671 63.9004 0 0 0 0 0 0 0 0 0 
0 0 0 207.707 736.102 688.331 703.737 622.676 766.871 0 0 0 0 0 0 0 0 
0 0 0 0 575.814 1664.11 1824.45 1920.15 1598.81 0 0 0 0 0 0 0 0 
0 0 0 0 227.885 1247.54 2927.41 3679.67 4358.11 0 0 0 0 0 0 0 0 
0 0 0 0 0 448.096 1568.07 3137.28 3265.18 0 0 0 0 0 0 0 0 
0 0 0 0 0 128.033 768.306 1391.96 2111.41 0 0 0 0 0 0 0 0 
0 0 0 0 0 0 64.06 512.465 576.054 0 0 0 0 0 0 0 0 
0 0 0 0 0 0 55.8935 95.9218 119.66 0 0 0 0 0 0 0 0 
0 0 0 0 0 0 0 0 63.9291 0 0 0 0 0 0 0 0 
0 0 0 0 0 0 0 15.9725 0 0 0 0 0 0 0 0 0 
0 0 0 0 0 0 0 0 0 0 0 0 0 0 0 0 0 
0 0 0 0 0 0 0 0 1.99695 0 0 0 0 0 0 0 0 
