1 0 0 0 0 0 0 0 0 0 0 0 0 0 0 0 0 
0 0 0 0 0 0 0 0 0 0 0 0 0 0 0 0 0 
0 16 0 0 0 0 0 0 0 0 0 0 0 0 0 0 0 
0 0 32 0 0 0 0 0 0 0 0 0 0 0 0 0 0 
0 0 88 95.9524 23.98 0 0 0 7.99041 0 0 0 0 0 0 0 0 
0 0 0 256.228 255.814 191.945 95.9588 64.0406 0 0 0 0 0 0 0 0 0 
0 0 0 207.819 736.692 688.034 704.256 623.556 768.56 0 0 0 0 0 0 0 0 
0 0 0 0 575.387 1664.6 1824.71 1921.54 1601.53 0 0 0 0 0 0 0 0 
0 0 0 0 228.126 1247.91 2928.51 3683.67 4357.89 0 0 0 0 0 0 0 0 
0 0 0 0 0 447.167 1567.29 3132.33 3265.29 0 0 0 0 0 0 0 0 
0 0 0 0 0 128.347 767.104 1391.44 2107.94 0 0 0 0 0 0 0 0 
0 0 0 0 0 0 64.0181 511.544 574.905 0 0 0 0 0 0 0 0 
0 0 0 0 0 0 56.1504 95.8495 120.011 0 0 0 0 0 0 0 0 
0 0 0 0 0 0 0 0 63.8792 0 0 0 0 0 0 0 0 
0 0 0 0 0 0 0 16.0256 0 0 0 0 0 0 0 0 0 
0 0 0 0 0 0 0 0 0 0 0 0 0 0 0 0 0 
0 0 0 0 0 0 0 0 2.00302 0 0 0 0 0 0 0 0 
