1 0 0 0 0 0 0 0 0 0 0 0 0 0 0 0 0 
0 0 0 0 0 0 0 0 0 0 0 0 0 0 0 0 0 
0 16 0 0 0 0 0 0 0 0 0 0 0 0 0 0 0 
0 0 32 0 0 0 0 0 0 0 0 0 0 0 0 0 0 
0 0 88 95.9101 24.0086 0 0 0 8.01706 0 0 0 0 0 0 0 0 
0 0 0 255.825 256.236 191.992 96.1873 64.1889 0 0 0 0 0 0 0 0 0 
0 0 0 208.265 735.619 688.267 704.116 625.355 769.062 0 0 0 0 0 0 0 0 
0 0 0 0 575.846 1663.1 1824.32 1925.77 1603.49 0 0 0 0 0 0 0 0 
0 0 0 0 228.291 1248.08 2926.78 3677.35 4357.47 0 0 0 0 0 0 0 0 
0 0 0 0 0 448.245 1567.65 3132.53 3258.76 0 0 0 0 0 0 0 0 
0 0 0 0 0 128.318 768.663 1389.73 2110.59 0 0 0 0 0 0 0 0 
0 0 0 0 0 0 64.0857 512.701 576.326 0 0 0 0 0 0 0 0 
0 0 0 0 0 0 56.2013 96.3021 120.066 0 0 0 0 0 0 0 0 
0 0 0 0 0 0 0 0 64.2054 0 0 0 0 0 0 0 0 
0 0 0 0 0 0 0 16.0795 0 0 0 0 0 0 0 0 0 
0 0 0 0 0 0 0 0 0 0 0 0 0 0 0 0 0 
0 0 0 0 0 0 0 0 2.00838 0 0 0 0 0 0 0 0 
