1 0 0 0 0 0 0 0 0 0 0 0 0 0 0 0 0 
0 0 0 0 0 0 0 0 0 0 0 0 0 0 0 0 0 
0 16 0 0 0 0 0 0 0 0 0 0 0 0 0 0 0 
0 0 32 0 0 0 0 0 0 0 0 0 0 0 0 0 0 
0 0 88 96.1906 24.0719 0 0 0 8.01672 0 0 0 0 0 0 0 0 
0 0 0 255.988 256.534 192.68 96.1474 64.1233 0 0 0 0 0 0 0 0 0 
0 0 0 207.821 736.246 689.297 704.843 625.569 770.249 0 0 0 0 0 0 0 0 
0 0 0 0 575.457 1665.11 1825.41 1923.21 1602.06 0 0 0 0 0 0 0 0 
0 0 0 0 227.691 1246.93 2928.6 3680.8 4353.53 0 0 0 0 0 0 0 0 
0 0 0 0 0 446.409 1567.93 3133.16 3262.77 0 0 0 0 0 0 0 0 
0 0 0 0 0 127.575 765.6 1390.21 2111.21 0 0 0 0 0 0 0 0 
0 0 0 0 0 0 63.7712 511.303 576.359 0 0 0 0 0 0 0 0 
0 0 0 0 0 0 55.6941 95.6957 119.879 0 0 0 0 0 0 0 0 
0 0 0 0 0 0 0 0 63.9283 0 0 0 0 0 0 0 0 
0 0 0 0 0 0 0 15.9352 0 0 0 0 0 0 0 0 0 
0 0 0 0 0 0 0 0 0 0 0 0 0 0 0 0 0 
0 0 0 0 0 0 0 0 1.99473 0 0 0 0 0 0 0 0 
