1 0 0 0 0 0 0 0 0 0 0 0 0 0 0 0 0 
0 0 0 0 0 0 0 0 0 0 0 0 0 0 0 0 0 
0 16 0 0 0 0 0 0 0 0 0 0 0 0 0 0 0 
0 0 32 0 0 0 0 0 0 0 0 0 0 0 0 0 0 
0 0 88 95.9304 23.9774 0 0 0 7.99374 0 0 0 0 0 0 0 0 
0 0 0 255.942 255.767 192.113 96.1607 63.9843 0 0 0 0 0 0 0 0 0 
0 0 0 208.128 735.609 687.824 704.637 622.737 766.438 0 0 0 0 0 0 0 0 
0 0 0 0 576.438 1664.04 1822.75 1916.58 1597.86 0 0 0 0 0 0 0 0 
0 0 0 0 228.208 1247.69 2927.75 3683.26 4356.2 0 0 0 0 0 0 0 0 
0 0 0 0 0 448.271 1567.48 3137.39 3266.56 0 0 0 0 0 0 0 0 
0 0 0 0 0 128.061 768.795 1392.37 2112.79 0 0 0 0 0 0 0 0 
0 0 0 0 0 0 64.3663 511.552 576.049 0 0 0 0 0 0 0 0 
0 0 0 0 0 0 56.0523 96.1325 120.077 0 0 0 0 0 0 0 0 
0 0 0 0 0 0 0 0 64.0258 0 0 0 0 0 0 0 0 
0 0 0 0 0 0 0 16.0015 0 0 0 0 0 0 0 0 0 
0 0 0 0 0 0 0 0 0 0 0 0 0 0 0 0 0 
0 0 0 0 0 0 0 0 2.00097 0 0 0 0 0 0 0 0 
