1 0 0 0 0 0 0 0 0 0 0 0 0 0 0 0 0 
0 0 0 0 0 0 0 0 0 0 0 0 0 0 0 0 0 
0 16 0 0 0 0 0 0 0 0 0 0 0 0 0 0 0 
0 0 32 0 0 0 0 0 0 0 0 0 0 0 0 0 0 
0 0 88 96.0197 24.0049 0 0 0 8.03162 0 0 0 0 0 0 0 0 
0 0 0 255.961 256.084 192.193 96.219 64.253 0 0 0 0 0 0 0 0 0 
0 0 0 208.02 735.657 687.575 704.443 623.908 768.662 0 0 0 0 0 0 0 0 
0 0 0 0 576.414 1664.03 1823.85 1920.94 1599.61 0 0 0 0 0 0 0 0 
0 0 0 0 227.84 1248.4 2926.44 3678.23 4355.74 0 0 0 0 0 0 0 0 
0 0 0 0 0 447.847 1568.78 3136.13 3263.7 0 0 0 0 0 0 0 0 
0 0 0 0 0 127.956 768.167 1392.5 2111.65 0 0 0 0 0 0 0 0 
0 0 0 0 0 0 64.1256 511.746 576.453 0 0 0 0 0 0 0 0 
0 0 0 0 0 0 55.9768 96.2974 120.11 0 0 0 0 0 0 0 0 
0 0 0 0 0 0 0 0 64.0552 0 0 0 0 0 0 0 0 
0 0 0 0 0 0 0 15.9934 0 0 0 0 0 0 0 0 0 
0 0 0 0 0 0 0 0 0 0 0 0 0 0 0 0 0 
0 0 0 0 0 0 0 0 1.99917 0 0 0 0 0 0 0 0 
