1 0 0 0 0 0 0 0 0 0 0 0 0 0 0 0 0 
0 0 0 0 0 0 0 0 0 0 0 0 0 0 0 0 0 
0 16 0 0 0 0 0 0 0 0 0 0 0 0 0 0 0 
0 0 32 0 0 0 0 0 0 0 0 0 0 0 0 0 0 
0 0 88 94.4988 22.8555 0 0 0 7.70726 0 0 0 0 0 0 0 0 
0 0 0 256.228 250.738 191.747 93.2277 62.2831 0 0 0 0 0 0 0 0 0 
0 0 0 209.273 733.867 684.084 695.34 619.998 764.919 0 0 0 0 0 0 0 0 
0 0 0 0 581.138 1656.96 1816.5 1936.48 1592.1 0 0 0 0 0 0 0 0 
0 0 0 0 231.401 1250.84 2940.67 3643.93 4365.76 0 0 0 0 0 0 0 0 
0 0 0 0 0 456.357 1578.58 3159.55 3250.38 0 0 0 0 0 0 0 0 
0 0 0 0 0 128.011 767.701 1403.75 2132.04 0 0 0 0 0 0 0 0 
0 0 0 0 0 0 60.8119 503.968 570.371 0 0 0 0 0 0 0 0 
0 0 0 0 0 0 55.1645 94.291 122.943 0 0 0 0 0 0 0 0 
0 0 0 0 0 0 0 0 61.8249 0 0 0 0 0 0 0 0 
0 0 0 0 0 0 0 15.7569 0 0 0 0 0 0 0 0 0 
0 0 0 0 0 0 0 0 0 0 0 0 0 0 0 0 0 
0 0 0 0 0 0 0 0 1.95299 0 0 0 0 0 0 0 0 
