1 0 0 0 0 0 0 0 0 0 0 0 0 0 0 0 0 
0 0 0 0 0 0 0 0 0 0 0 0 0 0 0 0 0 
0 16 0 0 0 0 0 0 0 0 0 0 0 0 0 0 0 
0 0 32 0 0 0 0 0 0 0 0 0 0 0 0 0 0 
0 0 88 96.0015 24.0004 0 0 0 7.99508 0 0 0 0 0 0 0 0 
0 0 0 255.997 255.932 191.749 95.8862 63.9606 0 0 0 0 0 0 0 0 0 
0 0 0 208.001 735.94 687.942 704.714 624.064 766.851 0 0 0 0 0 0 0 0 
0 0 0 0 576.32 1664.64 1823.42 1918.1 1599.29 0 0 0 0 0 0 0 0 
0 0 0 0 227.806 1247.63 2927.09 3682.74 4359.86 0 0 0 0 0 0 0 0 
0 0 0 0 0 448.325 1569.04 3135.99 3264.51 0 0 0 0 0 0 0 0 
0 0 0 0 0 127.722 768.014 1391.1 2108.34 0 0 0 0 0 0 0 0 
0 0 0 0 0 0 63.9252 512.211 576.842 0 0 0 0 0 0 0 0 
0 0 0 0 0 0 55.9147 95.8598 120.294 0 0 0 0 0 0 0 0 
0 0 0 0 0 0 0 0 64.0217 0 0 0 0 0 0 0 0 
0 0 0 0 0 0 0 15.9756 0 0 0 0 0 0 0 0 0 
0 0 0 0 0 0 0 0 0 0 0 0 0 0 0 0 0 
0 0 0 0 0 0 0 0 1.99695 0 0 0 0 0 0 0 0 
