1 0 0 0 0 0 0 0 0 0 0 0 0 0 0 0 0 
0 0 0 0 0 0 0 0 0 0 0 0 0 0 0 0 0 
0 16 0 0 0 0 0 0 0 0 0 0 0 0 0 0 0 
0 0 32 0 0 0 0 0 0 0 0 0 0 0 0 0 0 
0 0 88 96.0097 24.0024 0 0 0 8.02601 0 0 0 0 0 0 0 0 
0 0 0 255.981 255.876 192.006 95.7534 64.2081 0 0 0 0 0 0 0 0 0 
0 0 0 208.01 736.431 688.053 704.858 622.765 766.695 0 0 0 0 0 0 0 0 
0 0 0 0 575.502 1663.66 1823.55 1921.1 1599.25 0 0 0 0 0 0 0 0 
0 0 0 0 228.189 1248.51 2928.29 3680.45 4359.46 0 0 0 0 0 0 0 0 
0 0 0 0 0 447.762 1566.74 3135.9 3264.25 0 0 0 0 0 0 0 0 
0 0 0 0 0 128.012 768.733 1391.17 2110.2 0 0 0 0 0 0 0 0 
0 0 0 0 0 0 64.0212 512.635 576.442 0 0 0 0 0 0 0 0 
0 0 0 0 0 0 56.0634 95.7547 119.654 0 0 0 0 0 0 0 0 
0 0 0 0 0 0 0 0 64.0278 0 0 0 0 0 0 0 0 
0 0 0 0 0 0 0 16.0181 0 0 0 0 0 0 0 0 0 
0 0 0 0 0 0 0 0 0 0 0 0 0 0 0 0 0 
0 0 0 0 0 0 0 0 2.00227 0 0 0 0 0 0 0 0 
