1 0 0 0 0 0 0 0 0 0 0 0 0 0 0 0 0 
0 0 0 0 0 0 0 0 0 0 0 0 0 0 0 0 0 
0 16 0 0 0 0 0 0 0 0 0 0 0 0 0 0 0 
0 0 32 0 0 0 0 0 0 0 0 0 0 0 0 0 0 
0 0 88 96.0995 24.0249 0 0 0 7.92533 0 0 0 0 0 0 0 0 
0 0 0 255.801 256.069 191.866 95.9777 63.4027 0 0 0 0 0 0 0 0 0 
0 0 0 208.099 735.73 688.207 704.158 624.712 767.131 0 0 0 0 0 0 0 0 
0 0 0 0 576.236 1664.13 1823.08 1918.94 1603.66 0 0 0 0 0 0 0 0 
0 0 0 0 227.941 1248.14 2929.71 3682.62 4353.43 0 0 0 0 0 0 0 0 
0 0 0 0 0 447.173 1567.31 3134.6 3262.86 0 0 0 0 0 0 0 0 
0 0 0 0 0 128.485 767.438 1391.42 2112.99 0 0 0 0 0 0 0 0 
0 0 0 0 0 0 64.166 512.169 575.445 0 0 0 0 0 0 0 0 
0 0 0 0 0 0 56.1612 96.0843 120.31 0 0 0 0 0 0 0 0 
0 0 0 0 0 0 0 0 64.232 0 0 0 0 0 0 0 0 
0 0 0 0 0 0 0 16.0461 0 0 0 0 0 0 0 0 0 
0 0 0 0 0 0 0 0 0 0 0 0 0 0 0 0 0 
0 0 0 0 0 0 0 0 2.00576 0 0 0 0 0 0 0 0 
