1 0 0 0 0 0 0 0 0 0 0 0 0 0 0 0 0 
0 0 0 0 0 0 0 0 0 0 0 0 0 0 0 0 0 
0 16 0 0 0 0 0 0 0 0 0 0 0 0 0 0 0 
0 0 32 0 0 0 0 0 0 0 0 0 0 0 0 0 0 
0 0 88 95.961 23.9903 0 0 0 8.05946 0 0 0 0 0 0 0 0 
0 0 0 256.078 256.095 192.28 96.1473 64.4757 0 0 0 0 0 0 0 0 0 
0 0 0 207.961 735.774 687.413 703.633 622.403 768.507 0 0 0 0 0 0 0 0 
0 0 0 0 576.205 1664.34 1824.69 1923.14 1598.46 0 0 0 0 0 0 0 0 
0 0 0 0 227.935 1247.64 2927.89 3677.48 4358.23 0 0 0 0 0 0 0 0 
0 0 0 0 0 448.652 1566.77 3136.68 3263.15 0 0 0 0 0 0 0 0 
0 0 0 0 0 127.677 768.894 1390.84 2110.08 0 0 0 0 0 0 0 0 
0 0 0 0 0 0 64.0812 512.843 577.613 0 0 0 0 0 0 0 0 
0 0 0 0 0 0 55.8983 96.1672 119.936 0 0 0 0 0 0 0 0 
0 0 0 0 0 0 0 0 63.971 0 0 0 0 0 0 0 0 
0 0 0 0 0 0 0 15.9709 0 0 0 0 0 0 0 0 0 
0 0 0 0 0 0 0 0 0 0 0 0 0 0 0 0 0 
0 0 0 0 0 0 0 0 1.99637 0 0 0 0 0 0 0 0 
