1 0 0 0 0 0 0 0 0 0 0 0 0 0 0 0 0 
0 0 0 0 0 0 0 0 0 0 0 0 0 0 0 0 0 
0 16 0 0 0 0 0 0 0 0 0 0 0 0 0 0 0 
0 0 32 0 0 0 0 0 0 0 0 0 0 0 0 0 0 
0 0 88 96.1016 24.3458 0 0 0 8.2369 0 0 0 0 0 0 0 0 
0 0 0 256.91 255.371 193.055 95.1188 65.2687 0 0 0 0 0 0 0 0 0 
0 0 0 206.988 735.641 688.343 706.597 614.575 765.669 0 0 0 0 0 0 0 0 
0 0 0 0 574.934 1662.24 1815.53 1907.78 1564.82 0 0 0 0 0 0 0 0 
0 0 0 0 229.708 1242 2920.94 3665.53 4302.89 0 0 0 0 0 0 0 0 
0 0 0 0 0 448.256 1577.54 3143.89 3277.16 0 0 0 0 0 0 0 0 
0 0 0 0 0 134.113 767.376 1413.63 2162.03 0 0 0 0 0 0 0 0 
0 0 0 0 0 0 65.4077 513.529 600.399 0 0 0 0 0 0 0 0 
0 0 0 0 0 0 59.4857 98.8449 120.229 0 0 0 0 0 0 0 0 
0 0 0 0 0 0 0 0 66.4186 0 0 0 0 0 0 0 0 
0 0 0 0 0 0 0 16.9644 0 0 0 0 0 0 0 0 0 
0 0 0 0 0 0 0 0 0 0 0 0 0 0 0 0 0 
0 0 0 0 0 0 0 0 2.15254 0 0 0 0 0 0 0 0 
