1 0 0 0 0 0 0 0 0 0 0 0 0 0 0 0 0 
0 0 0 0 0 0 0 0 0 0 0 0 0 0 0 0 0 
0 16 0 0 0 0 0 0 0 0 0 0 0 0 0 0 0 
0 0 32 0 0 0 0 0 0 0 0 0 0 0 0 0 0 
0 0 88 96.1182 24.0296 0 0 0 8.02642 0 0 0 0 0 0 0 0 
0 0 0 255.764 255.936 191.898 96.1452 64.2114 0 0 0 0 0 0 0 0 0 
0 0 0 208.118 735.908 687.764 703.896 624.055 768.737 0 0 0 0 0 0 0 0 
0 0 0 0 576.258 1664.68 1823.23 1920.51 1600.84 0 0 0 0 0 0 0 0 
0 0 0 0 227.869 1247.51 2928.93 3678.85 4352.84 0 0 0 0 0 0 0 0 
0 0 0 0 0 448.415 1567.82 3135.81 3264.97 0 0 0 0 0 0 0 0 
0 0 0 0 0 127.74 768.196 1392.35 2112.28 0 0 0 0 0 0 0 0 
0 0 0 0 0 0 63.9117 512.012 576.114 0 0 0 0 0 0 0 0 
0 0 0 0 0 0 55.8769 96.2295 120.364 0 0 0 0 0 0 0 0 
0 0 0 0 0 0 0 0 63.8255 0 0 0 0 0 0 0 0 
0 0 0 0 0 0 0 15.9648 0 0 0 0 0 0 0 0 0 
0 0 0 0 0 0 0 0 0 0 0 0 0 0 0 0 0 
0 0 0 0 0 0 0 0 1.9956 0 0 0 0 0 0 0 0 
