1 0 0 0 0 0 0 0 0 0 0 0 0 0 0 0 0 
0 0 0 0 0 0 0 0 0 0 0 0 0 0 0 0 0 
0 16 0 0 0 0 0 0 0 0 0 0 0 0 0 0 0 
0 0 32 0 0 0 0 0 0 0 0 0 0 0 0 0 0 
0 0 88 94.9707 24.0472 0 0 0 7.79712 0 0 0 0 0 0 0 0 
0 0 0 255.613 253.698 189.208 95.9557 63.4117 0 0 0 0 0 0 0 0 0 
0 0 0 209.416 734.824 680.842 694.885 614.807 750.198 0 0 0 0 0 0 0 0 
0 0 0 0 576.897 1655.95 1821.46 1904.52 1572.47 0 0 0 0 0 0 0 0 
0 0 0 0 230.534 1256.27 2925.55 3679.02 4340.28 0 0 0 0 0 0 0 0 
0 0 0 0 0 454.402 1562.43 3119.13 3267.07 0 0 0 0 0 0 0 0 
0 0 0 0 0 131.33 782.357 1412.83 2142.91 0 0 0 0 0 0 0 0 
0 0 0 0 0 0 67.3701 528.333 595.621 0 0 0 0 0 0 0 0 
0 0 0 0 0 0 57.9881 100.902 123.621 0 0 0 0 0 0 0 0 
0 0 0 0 0 0 0 0 67.898 0 0 0 0 0 0 0 0 
0 0 0 0 0 0 0 17.0441 0 0 0 0 0 0 0 0 0 
0 0 0 0 0 0 0 0 0 0 0 0 0 0 0 0 0 
0 0 0 0 0 0 0 0 2.12629 0 0 0 0 0 0 0 0 
