1 0 0 0 0 0 0 0 0 0 0 0 0 0 0 0 1 
0 0 0 0 0 0 0 0 0 0 0 0 0 0 0 0 0 
0 16 0 0 0 0 0 0 0 0 0 0 0 0 0 16 0 
0 0 32.0284 0 0 0 0 0 0 0 0 0 0 0 31.776 0 0 
0 0 87.9716 97.0894 24.337 0 0 0 8.14182 0 0 0 24.2279 96.6678 88.224 0 0 
0 0 0 255.374 257.943 193.419 97.4316 65.3479 0 63.7134 97.1041 192.581 259.059 255.763 0 0 0 
0 0 0 207.536 733.993 694.416 704.24 631.286 764.737 625.866 704.719 689.123 735.307 207.569 0 0 0 
0 0 0 0 575.506 1653.9 1821.15 1915.47 1607.17 1913.47 1822.92 1663.18 572.721 0 0 0 0 
0 0 0 0 228.222 1248.52 2929.8 3669.98 4330.59 3683.79 2920.24 1243.93 228.684 0 0 0 0 
0 0 0 0 0 449.699 1557.61 3128.79 3270.53 3123.97 1569.64 449.268 0 0 0 0 0 
0 0 0 0 0 128.043 777.017 1399.46 2114.13 1393.68 771.175 129.915 0 0 0 0 0 
0 0 0 0 0 0 65.0057 516.662 585.039 521.903 65.074 0 0 0 0 0 0 
0 0 0 0 0 0 55.7471 97.0347 123.008 97.428 57.1349 0 0 0 0 0 0 
0 0 0 0 0 0 0 0 64.673 0 0 0 0 0 0 0 0 
0 0 0 0 0 0 0 15.9669 0 16.1775 0 0 0 0 0 0 0 
0 0 0 0 0 0 0 0 0 0 0 0 0 0 0 0 0 
0 0 0 0 0 0 0 0 1.98041 0 0 0 0 0 0 0 0 
