1 0 0 0 0 0 0 0 0 0 0 0 0 0 0 0 1 
0 0 0 0 0 0 0 0 0 0 0 0 0 0 0 0 0 
0 16 0 0 0 0 0 0 0 0 0 0 0 0 0 16 0 
0 0 31.7207 0 0 0 0 0 0 0 0 0 0 0 31.8589 0 0 
0 0 88.2793 95.5283 23.7861 0 0 0 7.95655 0 0 0 24.3397 96.6164 88.1411 0 0 
0 0 0 255.44 256.565 190.166 94.4827 63.1512 0 63.5839 96.402 191.179 255.231 254.841 0 0 0 
0 0 0 209.032 734.536 684.616 701.989 621.405 766.609 623.213 708.223 689.954 739.185 208.542 0 0 0 
0 0 0 0 575.821 1668.77 1821.14 1915.87 1600.58 1921.04 1831.62 1672.92 573.379 0 0 0 0 
0 0 0 0 229.293 1247.88 2939.84 3697.6 4344.76 3685.13 2915.55 1238.72 227.866 0 0 0 0 
0 0 0 0 0 447.588 1564.26 3129.53 3272.17 3141.12 1569.85 447.21 0 0 0 0 0 
0 0 0 0 0 128.978 766.007 1385.25 2116.69 1382.26 767.132 128.019 0 0 0 0 0 
0 0 0 0 0 0 63.4869 513.81 572.586 511.652 63.8049 0 0 0 0 0 0 
0 0 0 0 0 0 56.7894 97.4801 122.394 96.2078 55.4107 0 0 0 0 0 0 
0 0 0 0 0 0 0 0 64.3018 0 0 0 0 0 0 0 0 
0 0 0 0 0 0 0 15.9002 0 15.7976 0 0 0 0 0 0 0 
0 0 0 0 0 0 0 0 0 0 0 0 0 0 0 0 0 
0 0 0 0 0 0 0 0 1.95125 0 0 0 0 0 0 0 0 
