1 0 0 0 0 0 0 0 0 0 0 0 0 0 0 0 1 
0 0 0 0 0 0 0 0 0 0 0 0 0 0 0 0 0 
0 16 0 0 0 0 0 0 0 0 0 0 0 0 0 16 0 
0 0 32.1892 0 0 0 0 0 0 0 0 0 0 0 32.0093 0 0 
0 0 87.8108 97.5295 25.0647 0 0 0 8.1375 0 0 0 23.9456 96.3825 87.9907 0 0 
0 0 0 256.393 259.814 193.948 97.7084 65.7904 0 64.3493 96.792 191.174 255.727 254.795 0 0 0 
0 0 0 206.077 737.21 692.589 704.93 623.921 766.744 623.788 700.015 681.752 734.296 208.823 0 0 0 
0 0 0 0 572.697 1668.52 1828.87 1915.95 1590.6 1922.03 1833.27 1671.69 577.946 0 0 0 0 
0 0 0 0 225.215 1240.38 2928.37 3690.74 4360.69 3683.44 2928.79 1244.64 228.086 0 0 0 0 
0 0 0 0 0 445.725 1561.64 3135.5 3266.46 3127.63 1562.49 450.838 0 0 0 0 0 
0 0 0 0 0 126.84 766.739 1381.49 2117.87 1396.96 766.276 127.905 0 0 0 0 0 
0 0 0 0 0 0 64.126 514.73 575.242 509.993 64.4288 0 0 0 0 0 0 
0 0 0 0 0 0 55.6187 95.822 117.711 95.7588 55.9379 0 0 0 0 0 0 
0 0 0 0 0 0 0 0 64.5635 0 0 0 0 0 0 0 0 
0 0 0 0 0 0 0 16.0702 0 16.0511 0 0 0 0 0 0 0 
0 0 0 0 0 0 0 0 0 0 0 0 0 0 0 0 0 
0 0 0 0 0 0 0 0 1.98043 0 0 0 0 0 0 0 0 
