1 0 0 0 0 0 0 0 0 0 0 0 0 0 0 0 1 
0 0 0 0 0 0 0 0 0 0 0 0 0 0 0 0 0 
0 16 0 0 0 0 0 0 0 0 0 0 0 0 0 16 0 
0 0 32.1002 0 0 0 0 0 0 0 0 0 0 0 31.8799 0 0 
0 0 87.8998 95.9563 23.8648 0 0 0 8.11642 0 0 0 23.9162 95.1665 88.1201 0 0 
0 0 0 257.397 257.376 193.042 96.1474 64.3762 0 64.2137 95.8599 192.521 255.847 257.351 0 0 0 
0 0 0 206.647 736.636 692.703 709.122 626.941 774.735 623.41 705.691 689.413 734.581 207.482 0 0 0 
0 0 0 0 576.018 1660.66 1823.17 1930.53 1590.81 1919.51 1823.98 1660.09 577.922 0 0 0 0 
0 0 0 0 226.105 1246.63 2929.02 3686.36 4380.78 3685.45 2927.69 1248.39 227.734 0 0 0 0 
0 0 0 0 0 448.111 1565.58 3125.9 3251.4 3139.41 1570.89 448.901 0 0 0 0 0 
0 0 0 0 0 126.852 765.598 1385.39 2108.42 1383.84 763.998 128.687 0 0 0 0 0 
0 0 0 0 0 0 63.3224 509.16 570.701 511.45 63.748 0 0 0 0 0 0 
0 0 0 0 0 0 56.0376 95.2117 119.02 96.3848 56.1543 0 0 0 0 0 0 
0 0 0 0 0 0 0 0 63.9605 0 0 0 0 0 0 0 0 
0 0 0 0 0 0 0 16.1318 0 16.3312 0 0 0 0 0 0 0 
0 0 0 0 0 0 0 0 0 0 0 0 0 0 0 0 0 
0 0 0 0 0 0 0 0 2.0593 0 0 0 0 0 0 0 0 
