1 0 0 0 0 0 0 0 0 0 0 0 0 0 0 0 1 
0 0 0 0 0 0 0 0 0 0 0 0 0 0 0 0 0 
0 16 0 0 0 0 0 0 0 0 0 0 0 0 0 16 0 
0 0 32.1682 0 0 0 0 0 0 0 0 0 0 0 31.8811 0 0 
0 0 87.8318 95.9585 23.7504 0 0 0 7.93847 0 0 0 24.3464 95.0323 88.1189 0 0 
0 0 0 256.301 256.56 192.282 97.0217 63.4016 0 65.1927 96.7225 192.877 254.556 257.165 0 0 0 
0 0 0 207.74 733.631 686.471 710.273 628.764 771.762 622.952 705.307 687.241 738.1 207.802 0 0 0 
0 0 0 0 577.885 1665.17 1818.24 1912.26 1602.54 1927 1828.9 1659.32 574.717 0 0 0 0 
0 0 0 0 228.174 1248.2 2924.08 3679.9 4337.05 3671.4 2927.41 1252.97 228.28 0 0 0 0 
0 0 0 0 0 447.779 1564.26 3126.85 3283.34 3135.49 1558.53 445.995 0 0 0 0 0 
0 0 0 0 0 128.1 774.475 1402.08 2103.52 1390.71 768.986 129.596 0 0 0 0 0 
0 0 0 0 0 0 63.5203 514.734 577.96 513.463 65.1877 0 0 0 0 0 0 
0 0 0 0 0 0 56.1274 96.171 120.138 97.5345 56.953 0 0 0 0 0 0 
0 0 0 0 0 0 0 0 63.7293 0 0 0 0 0 0 0 0 
0 0 0 0 0 0 0 15.8438 0 16.2595 0 0 0 0 0 0 0 
0 0 0 0 0 0 0 0 0 0 0 0 0 0 0 0 0 
0 0 0 0 0 0 0 0 2.01507 0 0 0 0 0 0 0 0 
