1 0 0 0 0 0 0 0 0 0 0 0 0 0 0 0 1 
0 0 0 0 0 0 0 0 0 0 0 0 0 0 0 0 0 
0 16 0 0 0 0 0 0 0 0 0 0 0 0 0 16 0 
0 0 31.8268 0 0 0 0 0 0 0 0 0 0 0 31.8463 0 0 
0 0 88.1732 95.7573 23.9145 0 0 0 8.09497 0 0 0 24.2051 96.8331 88.1537 0 0 
0 0 0 256.436 256.893 192.425 96.2405 64.6095 0 63.7003 95.3144 194.883 258.05 256.923 0 0 0 
0 0 0 207.806 737.468 690.941 709.043 627.321 771.842 625.497 708.355 688.446 737.096 206.244 0 0 0 
0 0 0 0 574.661 1657.3 1823.28 1934.65 1602.59 1923.88 1831.31 1670.62 575.445 0 0 0 0 
0 0 0 0 227.063 1251.43 2920.96 3676.07 4356.01 3703.49 2929.58 1246.3 225.204 0 0 0 0 
0 0 0 0 0 448.173 1570.82 3125.48 3258.08 3119.09 1558.98 440.664 0 0 0 0 0 
0 0 0 0 0 127.735 767.806 1387.09 2107.83 1381.35 764.654 127.09 0 0 0 0 0 
0 0 0 0 0 0 63.4801 512.807 580.23 511.449 64.0124 0 0 0 0 0 0 
0 0 0 0 0 0 56.3785 95.9335 119.263 95.6253 55.8013 0 0 0 0 0 0 
0 0 0 0 0 0 0 0 64.0504 0 0 0 0 0 0 0 0 
0 0 0 0 0 0 0 16.047 0 15.9248 0 0 0 0 0 0 0 
0 0 0 0 0 0 0 0 0 0 0 0 0 0 0 0 0 
0 0 0 0 0 0 0 0 2.01611 0 0 0 0 0 0 0 0 
