1 0 0 0 0 0 0 0 0 0 0 0 0 0 0 0 1 
0 0 0 0 0 0 0 0 0 0 0 0 0 0 0 0 0 
0 16 0 0 0 0 0 0 0 0 0 0 0 0 0 16 0 
0 0 31.8445 0 0 0 0 0 0 0 0 0 0 0 32.017 0 0 
0 0 88.1555 96.278 23.9552 0 0 0 8.06254 0 0 0 24.774 97.7434 87.983 0 0 
0 0 0 255.469 254.916 193.374 96.7486 64.7005 0 65.3733 97.7146 194.264 259.84 254.386 0 0 0 
0 0 0 208.253 736.119 685.695 704.24 625.361 776.612 626.057 712.93 694.254 729.21 207.87 0 0 0 
0 0 0 0 575.991 1661.65 1826.26 1922.57 1601.91 1922.89 1810.57 1657.14 578.553 0 0 0 0 
0 0 0 0 229.018 1249.62 2928.87 3686.33 4345.2 3668.5 2929.67 1245.59 227.622 0 0 0 0 
0 0 0 0 0 447.73 1563.49 3126.79 3272.83 3144.64 1565.56 448.711 0 0 0 0 0 
0 0 0 0 0 129.936 767.471 1386.66 2104.6 1387.71 771.852 128.041 0 0 0 0 0 
0 0 0 0 0 0 64.4462 514.555 574.799 512.474 63.6312 0 0 0 0 0 0 
0 0 0 0 0 0 56.4838 96.9304 119.994 96.1577 56.0818 0 0 0 0 0 0 
0 0 0 0 0 0 0 0 63.9948 0 0 0 0 0 0 0 0 
0 0 0 0 0 0 0 16.0966 0 16.1921 0 0 0 0 0 0 0 
0 0 0 0 0 0 0 0 0 0 0 0 0 0 0 0 0 
0 0 0 0 0 0 0 0 2.0052 0 0 0 0 0 0 0 0 
