1 0 0 0 0 0 0 0 0 0 0 0 0 0 0 0 1 
0 0 0 0 0 0 0 0 0 0 0 0 0 0 0 0 0 
0 16 0 0 0 0 0 0 0 0 0 0 0 0 0 16 0 
0 0 31.857 0 0 0 0 0 0 0 0 0 0 0 32.177 0 0 
0 0 88.143 95.8987 23.9947 0 0 0 7.84166 0 0 0 24.3247 96.248 87.823 0 0 
0 0 0 254.822 255.319 191.211 95.7925 63.1398 0 63.1583 95.5829 192.507 257.431 255.578 0 0 0 
0 0 0 209.279 734.38 686.938 705.342 628.168 767.223 625.957 700.294 688.02 734.016 208.174 0 0 0 
0 0 0 0 578.222 1667.59 1825.79 1928.81 1599.53 1921.2 1832.7 1662.92 577.063 0 0 0 0 
0 0 0 0 228.084 1246.01 2929.82 3684.66 4368.11 3684.8 2929.68 1248.91 227.166 0 0 0 0 
0 0 0 0 0 447.476 1563.66 3132.97 3267 3138.95 1561.14 447.236 0 0 0 0 0 
0 0 0 0 0 128.777 767.771 1380.06 2102.01 1384.63 768.314 128.412 0 0 0 0 0 
0 0 0 0 0 0 63.9348 509.985 573.046 509.962 64.5387 0 0 0 0 0 0 
0 0 0 0 0 0 55.8895 96.399 119.565 95.3953 55.752 0 0 0 0 0 0 
0 0 0 0 0 0 0 0 63.6873 0 0 0 0 0 0 0 0 
0 0 0 0 0 0 0 15.8062 0 15.9456 0 0 0 0 0 0 0 
0 0 0 0 0 0 0 0 0 0 0 0 0 0 0 0 0 
0 0 0 0 0 0 0 0 1.97827 0 0 0 0 0 0 0 0 
