1 0 0 0 0 0 0 0 0 0 0 0 0 0 0 0 1 
0 0 0 0 0 0 0 0 0 0 0 0 0 0 0 0 0 
0 16 0 0 0 0 0 0 0 0 0 0 0 0 0 16 0 
0 0 31.6464 0 0 0 0 0 0 0 0 0 0 0 31.8325 0 0 
0 0 88.3536 95.1805 23.9892 0 0 0 7.84981 0 0 0 24.1606 96.3298 88.1675 0 0 
0 0 0 256.049 253.698 192.186 95.0314 63.0397 0 64.2403 94.8002 191.14 255.322 256.411 0 0 0 
0 0 0 208.771 734.964 687.977 705.102 621.467 764.983 622.414 707.174 689.312 733.897 207.259 0 0 0 
0 0 0 0 577.439 1667.07 1824.69 1926.92 1603.58 1931.37 1828.54 1667.83 580.726 0 0 0 0 
0 0 0 0 229.91 1243.36 2933.46 3689.31 4371.23 3675.65 2932.74 1247.98 225.895 0 0 0 0 
0 0 0 0 0 450.208 1560.38 3130.44 3259.45 3142.77 1558.87 444.898 0 0 0 0 0 
0 0 0 0 0 127.203 770.454 1390.29 2109.16 1384.75 766.59 126.833 0 0 0 0 0 
0 0 0 0 0 0 63.6241 507.097 569.196 506.922 63.6758 0 0 0 0 0 0 
0 0 0 0 0 0 55.2475 95.8212 119.029 95.8774 55.6032 0 0 0 0 0 0 
0 0 0 0 0 0 0 0 63.5445 0 0 0 0 0 0 0 0 
0 0 0 0 0 0 0 15.6116 0 16.0087 0 0 0 0 0 0 0 
0 0 0 0 0 0 0 0 0 0 0 0 0 0 0 0 0 
0 0 0 0 0 0 0 0 1.96843 0 0 0 0 0 0 0 0 
