1 0 0 0 0 0 0 0 0 0 0 0 0 0 0 0 1 
0 0 0 0 0 0 0 0 0 0 0 0 0 0 0 0 0 
0 16 0 0 0 0 0 0 0 0 0 0 0 0 0 16 0 
0 0 32.3319 0 0 0 0 0 0 0 0 0 0 0 32.0305 0 0 
0 0 87.6681 96.1613 24.0578 0 0 0 7.80791 0 0 0 24.0665 96.0802 87.9695 0 0 
0 0 0 256.335 257.627 191.405 96.3118 64.5171 0 63.5961 96.4264 192.5 257.788 256.763 0 0 0 
0 0 0 207.504 733.268 687.792 711.314 631.232 772.584 627.247 703.544 686.419 734.602 207.157 0 0 0 
0 0 0 0 577.049 1668.37 1836.45 1927.81 1618.53 1928.48 1832.9 1666.9 575.915 0 0 0 0 
0 0 0 0 227.998 1247.64 2924.69 3687.14 4360.02 3686.09 2929.1 1246.84 227.628 0 0 0 0 
0 0 0 0 0 444.825 1555.91 3130.61 3259.69 3137.86 1562.6 445.986 0 0 0 0 0 
0 0 0 0 0 127.971 762.156 1376.9 2092.01 1373.26 763.42 129.357 0 0 0 0 0 
0 0 0 0 0 0 64.7299 508.34 571.671 511.732 63.8138 0 0 0 0 0 0 
0 0 0 0 0 0 56.4348 97.0308 121.023 95.6349 56.1958 0 0 0 0 0 0 
0 0 0 0 0 0 0 0 64.6463 0 0 0 0 0 0 0 0 
0 0 0 0 0 0 0 16.4189 0 16.1027 0 0 0 0 0 0 0 
0 0 0 0 0 0 0 0 0 0 0 0 0 0 0 0 0 
0 0 0 0 0 0 0 0 2.01903 0 0 0 0 0 0 0 0 
