1 0 0 0 0 0 0 0 0 0 0 0 0 0 0 0 1 
0 0 0 0 0 0 0 0 0 0 0 0 0 0 0 0 0 
0 16 0 0 0 0 0 0 0 0 0 0 0 0 0 16 0 
0 0 32.4437 0 0 0 0 0 0 0 0 0 0 0 32.0668 0 0 
0 0 87.5563 95.9658 23.5838 0 0 0 7.91335 0 0 0 23.9947 95.7694 87.9332 0 0 
0 0 0 256.444 252.579 190.196 94.8571 63.4778 0 63.3476 95.4217 191.566 255.531 255.155 0 0 0 
0 0 0 207.59 736.67 687.092 705.941 625.341 775.691 627.919 704.842 686.343 735.904 209.075 0 0 0 
0 0 0 0 578.458 1665.74 1825.81 1926.39 1610.9 1928.63 1824.62 1663.4 575.749 0 0 0 0 
0 0 0 0 228.71 1249.89 2922.97 3668.99 4346.61 3668.24 2928.7 1250.88 228.82 0 0 0 0 
0 0 0 0 0 445.128 1570.76 3143.2 3258.33 3139.18 1566.08 447.389 0 0 0 0 0 
0 0 0 0 0 129.947 767.338 1388.09 2107.4 1386.1 768.599 128.423 0 0 0 0 0 
0 0 0 0 0 0 63.9024 512.747 576.714 515.573 63.3499 0 0 0 0 0 0 
0 0 0 0 0 0 56.4201 95.5256 120.729 95.025 56.3823 0 0 0 0 0 0 
0 0 0 0 0 0 0 0 63.6971 0 0 0 0 0 0 0 0 
0 0 0 0 0 0 0 16.2383 0 15.9853 0 0 0 0 0 0 0 
0 0 0 0 0 0 0 0 0 0 0 0 0 0 0 0 0 
0 0 0 0 0 0 0 0 2.01385 0 0 0 0 0 0 0 0 
