1 0 0 0 0 0 0 0 0 0 0 0 0 0 0 0 1 
0 0 0 0 0 0 0 0 0 0 0 0 0 0 0 0 0 
0 16 0 0 0 0 0 0 0 0 0 0 0 0 0 16 0 
0 0 31.8786 0 0 0 0 0 0 0 0 0 0 0 32.2136 0 0 
0 0 88.1214 96.0529 24.2618 0 0 0 8.0748 0 0 0 24.0246 96.9403 87.7864 0 0 
0 0 0 255.658 258.825 196.05 96.5575 63.5515 0 64.6163 96.9546 191.604 256.823 254.641 0 0 0 
0 0 0 208.289 733.109 687.93 710.503 627.736 771.781 630.217 703.052 689.568 736.948 208.418 0 0 0 
0 0 0 0 575.406 1660.12 1809.23 1916.09 1604.03 1922.21 1836.76 1673.49 573.441 0 0 0 0 
0 0 0 0 228.398 1248.27 2926.59 3677.26 4351.57 3675.82 2920.47 1238.23 228.764 0 0 0 0 
0 0 0 0 0 448.381 1575.96 3143.73 3274.07 3137.69 1557.91 446.068 0 0 0 0 0 
0 0 0 0 0 127.25 768.857 1384.89 2098.71 1381.81 771.986 129.045 0 0 0 0 0 
0 0 0 0 0 0 64.4236 514.364 574.535 513.92 64.6104 0 0 0 0 0 0 
0 0 0 0 0 0 55.8665 96.3704 120.902 97.6266 56.2555 0 0 0 0 0 0 
0 0 0 0 0 0 0 0 64.3186 0 0 0 0 0 0 0 0 
0 0 0 0 0 0 0 16.0093 0 16.0849 0 0 0 0 0 0 0 
0 0 0 0 0 0 0 0 0 0 0 0 0 0 0 0 0 
0 0 0 0 0 0 0 0 2.01039 0 0 0 0 0 0 0 0 
