1 0 0 0 0 0 0 0 0 0 0 0 0 0 0 0 1 
0 0 0 0 0 0 0 0 0 0 0 0 0 0 0 0 0 
0 16 0 0 0 0 0 0 0 0 0 0 0 0 0 16 0 
0 0 32.1032 0 0 0 0 0 0 0 0 0 0 0 31.8262 0 0 
0 0 87.8968 96.0943 23.9228 0 0 0 7.88173 0 0 0 24.293 95.0588 88.1738 0 0 
0 0 0 255.908 255.473 189.975 93.7992 62.7327 0 63.6854 96.3373 192.989 254.761 255.945 0 0 0 
0 0 0 207.998 737.113 686.675 699.382 614.665 760.395 624.175 704.844 689.319 731.923 208.996 0 0 0 
0 0 0 0 576.439 1659.66 1814.45 1904.09 1592.39 1918.79 1820.47 1650.37 579.056 0 0 0 0 
0 0 0 0 227.052 1251.97 2926.36 3711.96 4381.45 3669.73 2923.64 1252.99 229.967 0 0 0 0 
0 0 0 0 0 451.231 1580.44 3127.28 3267.58 3139.98 1564.78 453.132 0 0 0 0 0 
0 0 0 0 0 128.492 771.951 1388.02 2098.02 1392.61 777.535 129.205 0 0 0 0 0 
0 0 0 0 0 0 64.9651 519.178 574.882 517.31 64.3206 0 0 0 0 0 0 
0 0 0 0 0 0 56.6568 95.7197 120.541 97.5416 56.0692 0 0 0 0 0 0 
0 0 0 0 0 0 0 0 64.8189 0 0 0 0 0 0 0 0 
0 0 0 0 0 0 0 16.3495 0 16.1783 0 0 0 0 0 0 0 
0 0 0 0 0 0 0 0 0 0 0 0 0 0 0 0 0 
0 0 0 0 0 0 0 0 2.03514 0 0 0 0 0 0 0 0 
