1 0 0 0 0 0 0 0 0 0 0 0 0 0 0 0 1 
0 0 0 0 0 0 0 0 0 0 0 0 0 0 0 0 0 
0 16 0 0 0 0 0 0 0 0 0 0 0 0 0 16 0 
0 0 31.8038 0 0 0 0 0 0 0 0 0 0 0 32.2941 0 0 
0 0 88.1962 97.6913 24.5187 0 0 0 8.06456 0 0 0 24.0225 97.0113 87.7059 0 0 
0 0 0 254.509 256.785 190.963 95.0514 63.7434 0 63.2763 96.0416 192.234 255.984 256.277 0 0 0 
0 0 0 207.8 735.313 688.343 702.107 621.25 766.799 625.838 698.974 687.642 739.881 206.711 0 0 0 
0 0 0 0 575.401 1668.8 1830.96 1926.13 1598.74 1911.84 1820.11 1656.6 572.007 0 0 0 0 
0 0 0 0 227.982 1245.24 2928.38 3686.4 4363.48 3678.51 2937.81 1254.36 228.106 0 0 0 0 
0 0 0 0 0 447.682 1561.85 3133.23 3262.93 3147.11 1569.18 448.471 0 0 0 0 0 
0 0 0 0 0 126.971 769.693 1388.19 2109.89 1391.77 765.587 128.692 0 0 0 0 0 
0 0 0 0 0 0 64.4013 509.363 576.4 509.804 64.4666 0 0 0 0 0 0 
0 0 0 0 0 0 55.5599 95.8963 118.194 96.1728 55.8301 0 0 0 0 0 0 
0 0 0 0 0 0 0 0 63.5525 0 0 0 0 0 0 0 0 
0 0 0 0 0 0 0 15.7855 0 15.6778 0 0 0 0 0 0 0 
0 0 0 0 0 0 0 0 0 0 0 0 0 0 0 0 0 
0 0 0 0 0 0 0 0 1.94844 0 0 0 0 0 0 0 0 
