1 0 0 0 0 0 0 0 0 0 0 0 0 0 0 0 1 
0 0 0 0 0 0 0 0 0 0 0 0 0 0 0 0 0 
0 16 0 0 0 0 0 0 0 0 0 0 0 0 0 16 0 
0 0 32.201 0 0 0 0 0 0 0 0 0 0 0 32.1852 0 0 
0 0 87.799 96.6299 24.0845 0 0 0 7.96279 0 0 0 23.9178 95.7616 87.8148 0 0 
0 0 0 256.686 257.872 191.983 94.9278 64.2429 0 64.0339 95.7448 188.351 252.854 255.891 0 0 0 
0 0 0 206.684 734.711 684.994 704.84 620.748 762.637 618.416 700.618 684.902 740.468 208.347 0 0 0 
0 0 0 0 577.199 1663.22 1821.67 1907.17 1605.9 1930.09 1825.72 1672.14 576.231 0 0 0 0 
0 0 0 0 226.133 1250.28 2912.34 3683.45 4345.8 3664.25 2932.18 1248.83 226.529 0 0 0 0 
0 0 0 0 0 449.126 1576.22 3141.21 3265.62 3143.97 1563.05 445.374 0 0 0 0 0 
0 0 0 0 0 128.396 776.471 1397.78 2117.9 1395.75 770.961 128.4 0 0 0 0 0 
0 0 0 0 0 0 64.9778 512.786 577.486 511.915 64.0174 0 0 0 0 0 0 
0 0 0 0 0 0 56.553 96.3913 121.675 95.6415 55.7109 0 0 0 0 0 0 
0 0 0 0 0 0 0 0 63.0317 0 0 0 0 0 0 0 0 
0 0 0 0 0 0 0 16.221 0 15.9298 0 0 0 0 0 0 0 
0 0 0 0 0 0 0 0 0 0 0 0 0 0 0 0 0 
0 0 0 0 0 0 0 0 1.98753 0 0 0 0 0 0 0 0 
