1 0 0 0 0 0 0 0 0 0 0 0 0 0 0 0 0 
0 0 0 0 0 0 0 0 0 0 0 0 0 0 0 0 0 
0 16 0 0 0 0 0 0 0 0 0 0 0 0 0 0 0 
0 0 32 0 0 0 0 0 0 0 0 0 0 0 0 0 0 
0 0 88 96.1089 24.0272 0 0 0 8.06159 0 0 0 0 0 0 0 0 
0 0 0 255.782 255.977 191.969 96.1849 64.4928 0 0 0 0 0 0 0 0 0 
0 0 0 208.109 736.142 688.176 705.17 624.301 767.508 0 0 0 0 0 0 0 0 
0 0 0 0 575.676 1663.87 1822.93 1921.46 1597.94 0 0 0 0 0 0 0 0 
0 0 0 0 228.178 1247.84 2926.28 3675.63 4361.75 0 0 0 0 0 0 0 0 
0 0 0 0 0 448.156 1569.05 3136.37 3261.4 0 0 0 0 0 0 0 0 
0 0 0 0 0 127.987 768.465 1394.01 2110.01 0 0 0 0 0 0 0 0 
0 0 0 0 0 0 63.8265 511.808 577.562 0 0 0 0 0 0 0 0 
0 0 0 0 0 0 56.0934 95.8928 119.774 0 0 0 0 0 0 0 0 
0 0 0 0 0 0 0 0 63.9969 0 0 0 0 0 0 0 0 
0 0 0 0 0 0 0 16.0267 0 0 0 0 0 0 0 0 0 
0 0 0 0 0 0 0 0 0 0 0 0 0 0 0 0 0 
0 0 0 0 0 0 0 0 2.00334 0 0 0 0 0 0 0 0 
