1 0 0 0 0 0 0 0 0 0 0 0 0 0 0 0 0 
0 0 0 0 0 0 0 0 0 0 0 0 0 0 0 0 0 
0 16 0 0 0 0 0 0 0 0 0 0 0 0 0 0 0 
0 0 32 0 0 0 0 0 0 0 0 0 0 0 0 0 0 
0 0 88 95.9657 23.9914 0 0 0 8.00174 0 0 0 0 0 0 0 0 
0 0 0 256.069 256.014 191.78 95.8911 64.0139 0 0 0 0 0 0 0 0 0 
0 0 0 207.966 735.765 688.026 703.815 622.946 767.362 0 0 0 0 0 0 0 0 
0 0 0 0 576.461 1664.91 1823.5 1919.25 1599.88 0 0 0 0 0 0 0 0 
0 0 0 0 227.768 1247.35 2929.8 3683.58 4357.25 0 0 0 0 0 0 0 0 
0 0 0 0 0 447.556 1567.51 3136.03 3265.12 0 0 0 0 0 0 0 0 
0 0 0 0 0 128.375 767.277 1389.45 2110.57 0 0 0 0 0 0 0 0 
0 0 0 0 0 0 64.1266 512.697 575.063 0 0 0 0 0 0 0 0 
0 0 0 0 0 0 56.0895 96.0064 120.617 0 0 0 0 0 0 0 0 
0 0 0 0 0 0 0 0 64.1342 0 0 0 0 0 0 0 0 
0 0 0 0 0 0 0 16.0256 0 0 0 0 0 0 0 0 0 
0 0 0 0 0 0 0 0 0 0 0 0 0 0 0 0 0 
0 0 0 0 0 0 0 0 2.0032 0 0 0 0 0 0 0 0 
