1 0 0 0 0 0 0 0 0 0 0 0 0 0 0 0 0 
0 0 0 0 0 0 0 0 0 0 0 0 0 0 0 0 0 
0 16 0 0 0 0 0 0 0 0 0 0 0 0 0 0 0 
0 0 32 0 0 0 0 0 0 0 0 0 0 0 0 0 0 
0 0 88 95.8971 23.9743 0 0 0 7.98277 0 0 0 0 0 0 0 0 
0 0 0 256.206 256.245 192.241 96.1975 63.8622 0 0 0 0 0 0 0 0 0 
0 0 0 207.897 735.758 687.685 704.009 625.305 767.985 0 0 0 0 0 0 0 0 
0 0 0 0 575.853 1664.11 1822.02 1915.63 1599.68 0 0 0 0 0 0 0 0 
0 0 0 0 228.17 1248.09 2930.34 3685.54 4358.02 0 0 0 0 0 0 0 0 
0 0 0 0 0 447.544 1568.39 3134.66 3262.59 0 0 0 0 0 0 0 0 
0 0 0 0 0 128.33 767.036 1390.17 2111.19 0 0 0 0 0 0 0 0 
0 0 0 0 0 0 63.8853 512.595 575.682 0 0 0 0 0 0 0 0 
0 0 0 0 0 0 56.1289 96.2039 120.84 0 0 0 0 0 0 0 0 
0 0 0 0 0 0 0 0 64.0323 0 0 0 0 0 0 0 0 
0 0 0 0 0 0 0 16.0368 0 0 0 0 0 0 0 0 0 
0 0 0 0 0 0 0 0 0 0 0 0 0 0 0 0 0 
0 0 0 0 0 0 0 0 2.0046 0 0 0 0 0 0 0 0 
