1 0 0 0 0 0 0 0 0 0 0 0 0 0 0 0 0 
0 0 0 0 0 0 0 0 0 0 0 0 0 0 0 0 0 
0 16 0 0 0 0 0 0 0 0 0 0 0 0 0 0 0 
0 0 32 0 0 0 0 0 0 0 0 0 0 0 0 0 0 
0 0 88 96.1441 24.036 0 0 0 7.98291 0 0 0 0 0 0 0 0 
0 0 0 255.712 256.221 192.16 95.9684 63.8633 0 0 0 0 0 0 0 0 0 
0 0 0 208.144 735.953 687.776 704.519 624.964 767.515 0 0 0 0 0 0 0 0 
0 0 0 0 575.286 1664.98 1823.68 1919.08 1598.74 0 0 0 0 0 0 0 0 
0 0 0 0 228.504 1246.45 2927.8 3682.1 4359.85 0 0 0 0 0 0 0 0 
0 0 0 0 0 448.25 1567.99 3132.12 3262.29 0 0 0 0 0 0 0 0 
0 0 0 0 0 128.382 767.603 1393.26 2111.37 0 0 0 0 0 0 0 0 
0 0 0 0 0 0 64.3582 512.547 576.389 0 0 0 0 0 0 0 0 
0 0 0 0 0 0 56.0888 96.0413 119.795 0 0 0 0 0 0 0 0 
0 0 0 0 0 0 0 0 64.0591 0 0 0 0 0 0 0 0 
0 0 0 0 0 0 0 16.0254 0 0 0 0 0 0 0 0 0 
0 0 0 0 0 0 0 0 0 0 0 0 0 0 0 0 0 
0 0 0 0 0 0 0 0 2.00317 0 0 0 0 0 0 0 0 
