1 0 0 0 0 0 0 0 0 0 0 0 0 0 0 0 0 
0 0 0 0 0 0 0 0 0 0 0 0 0 0 0 0 0 
0 16 0 0 0 0 0 0 0 0 0 0 0 0 0 0 0 
0 0 32 0 0 0 0 0 0 0 0 0 0 0 0 0 0 
0 0 88 96.1118 24.0279 0 0 0 8.04764 0 0 0 0 0 0 0 0 
0 0 0 255.776 255.889 191.944 96.0521 64.3811 0 0 0 0 0 0 0 0 0 
0 0 0 208.112 736.363 688.087 704.264 623.484 768.719 0 0 0 0 0 0 0 0 
0 0 0 0 575.496 1663.85 1823.31 1920 1598.94 0 0 0 0 0 0 0 0 
0 0 0 0 228.225 1248.42 2928.14 3679.49 4354.54 0 0 0 0 0 0 0 0 
0 0 0 0 0 447.552 1568.82 3138.14 3266.99 0 0 0 0 0 0 0 0 
0 0 0 0 0 128.151 767.237 1389.58 2110.33 0 0 0 0 0 0 0 0 
0 0 0 0 0 0 64.0174 512.976 576.794 0 0 0 0 0 0 0 0 
0 0 0 0 0 0 56.1604 95.9001 119.671 0 0 0 0 0 0 0 0 
0 0 0 0 0 0 0 0 63.964 0 0 0 0 0 0 0 0 
0 0 0 0 0 0 0 16.0458 0 0 0 0 0 0 0 0 0 
0 0 0 0 0 0 0 0 0 0 0 0 0 0 0 0 0 
0 0 0 0 0 0 0 0 2.00573 0 0 0 0 0 0 0 0 
