1 0 0 0 0 0 0 0 0 0 0 0 0 0 0 0 0 
0 0 0 0 0 0 0 0 0 0 0 0 0 0 0 0 0 
0 16 0 0 0 0 0 0 0 0 0 0 0 0 0 0 0 
0 0 32 0 0 0 0 0 0 0 0 0 0 0 0 0 0 
0 0 88 95.7862 23.9465 0 0 0 8.03798 0 0 0 0 0 0 0 0 
0 0 0 256.428 255.913 192.139 95.8836 64.3039 0 0 0 0 0 0 0 0 0 
0 0 0 207.786 735.89 687.881 703.671 623.486 768.39 0 0 0 0 0 0 0 0 
0 0 0 0 576.696 1663.55 1823.68 1919.47 1598.15 0 0 0 0 0 0 0 0 
0 0 0 0 227.555 1248.58 2929.56 3680.17 4356.4 0 0 0 0 0 0 0 0 
0 0 0 0 0 447.96 1567.35 3136.9 3266.5 0 0 0 0 0 0 0 0 
0 0 0 0 0 127.885 768.164 1392.32 2110.3 0 0 0 0 0 0 0 0 
0 0 0 0 0 0 63.7862 511.52 576.649 0 0 0 0 0 0 0 0 
0 0 0 0 0 0 55.9092 95.8507 119.788 0 0 0 0 0 0 0 0 
0 0 0 0 0 0 0 0 63.7816 0 0 0 0 0 0 0 0 
0 0 0 0 0 0 0 15.9741 0 0 0 0 0 0 0 0 0 
0 0 0 0 0 0 0 0 0 0 0 0 0 0 0 0 0 
0 0 0 0 0 0 0 0 1.99676 0 0 0 0 0 0 0 0 
