1 0 0 0 0 0 0 0 0 0 0 0 0 0 0 0 0 
0 0 0 0 0 0 0 0 0 0 0 0 0 0 0 0 0 
0 16 0 0 0 0 0 0 0 0 0 0 0 0 0 0 0 
0 0 32 0 0 0 0 0 0 0 0 0 0 0 0 0 0 
0 0 88 95.8836 23.9709 0 0 0 8.02216 0 0 0 0 0 0 0 0 
0 0 0 256.233 255.871 192.194 96.3116 64.1773 0 0 0 0 0 0 0 0 0 
0 0 0 207.884 736.925 687.715 703.91 624.347 769.415 0 0 0 0 0 0 0 0 
0 0 0 0 574.653 1664.73 1824.61 1920.23 1597.7 0 0 0 0 0 0 0 0 
0 0 0 0 228.58 1247.18 2926.54 3680.61 4356.58 0 0 0 0 0 0 0 0 
0 0 0 0 0 447.618 1568.07 3132.05 3263.72 0 0 0 0 0 0 0 0 
0 0 0 0 0 128.563 768.678 1394.41 2113.45 0 0 0 0 0 0 0 0 
0 0 0 0 0 0 63.5767 512.265 574.651 0 0 0 0 0 0 0 0 
0 0 0 0 0 0 56.3039 95.8178 120.309 0 0 0 0 0 0 0 0 
0 0 0 0 0 0 0 0 64.1457 0 0 0 0 0 0 0 0 
0 0 0 0 0 0 0 16.0868 0 0 0 0 0 0 0 0 0 
0 0 0 0 0 0 0 0 0 0 0 0 0 0 0 0 0 
0 0 0 0 0 0 0 0 2.01086 0 0 0 0 0 0 0 0 
