1 0 0 0 0 0 0 0 0 0 0 0 0 0 0 0 0 
0 0 0 0 0 0 0 0 0 0 0 0 0 0 0 0 0 
0 16 0 0 0 0 0 0 0 0 0 0 0 0 0 0 0 
0 0 32 0 0 0 0 0 0 0 0 0 0 0 0 0 0 
0 0 88 96.2203 24.0551 0 0 0 7.98527 0 0 0 0 0 0 0 0 
0 0 0 255.559 256.28 192.014 96.1057 63.8822 0 0 0 0 0 0 0 0 0 
0 0 0 208.22 735.459 688.566 704.086 623.719 769.515 0 0 0 0 0 0 0 0 
0 0 0 0 576.02 1663.09 1823.17 1920.77 1595.83 0 0 0 0 0 0 0 0 
0 0 0 0 228.186 1247.83 2928.78 3678.35 4359.39 0 0 0 0 0 0 0 0 
0 0 0 0 0 448.715 1567.85 3137.24 3262.43 0 0 0 0 0 0 0 0 
0 0 0 0 0 127.777 768.218 1393.14 2113.31 0 0 0 0 0 0 0 0 
0 0 0 0 0 0 63.7947 511.237 576.271 0 0 0 0 0 0 0 0 
0 0 0 0 0 0 55.997 95.6578 119.376 0 0 0 0 0 0 0 0 
0 0 0 0 0 0 0 0 63.8862 0 0 0 0 0 0 0 0 
0 0 0 0 0 0 0 15.9991 0 0 0 0 0 0 0 0 0 
0 0 0 0 0 0 0 0 0 0 0 0 0 0 0 0 0 
0 0 0 0 0 0 0 0 1.99989 0 0 0 0 0 0 0 0 
