1 0 0 0 0 0 0 0 0 0 0 0 0 0 0 0 0 
0 0 0 0 0 0 0 0 0 0 0 0 0 0 0 0 0 
0 16 0 0 0 0 0 0 0 0 0 0 0 0 0 0 0 
0 0 32 0 0 0 0 0 0 0 0 0 0 0 0 0 0 
0 0 88 95.9141 23.9785 0 0 0 8.00921 0 0 0 0 0 0 0 0 
0 0 0 256.172 256.103 191.725 96.0489 64.0737 0 0 0 0 0 0 0 0 0 
0 0 0 207.914 735.891 687.843 702.823 623.521 767.883 0 0 0 0 0 0 0 0 
0 0 0 0 575.994 1664.8 1825.71 1921.26 1599.88 0 0 0 0 0 0 0 0 
0 0 0 0 228.033 1247.72 2926.64 3676.05 4357.52 0 0 0 0 0 0 0 0 
0 0 0 0 0 448.15 1569.81 3140.74 3260.11 0 0 0 0 0 0 0 0 
0 0 0 0 0 127.757 767.199 1391.16 2116.27 0 0 0 0 0 0 0 0 
0 0 0 0 0 0 63.7635 511.33 574.444 0 0 0 0 0 0 0 0 
0 0 0 0 0 0 56.0016 95.8695 119.695 0 0 0 0 0 0 0 0 
0 0 0 0 0 0 0 0 64.1833 0 0 0 0 0 0 0 0 
0 0 0 0 0 0 0 16.0004 0 0 0 0 0 0 0 0 0 
0 0 0 0 0 0 0 0 0 0 0 0 0 0 0 0 0 
0 0 0 0 0 0 0 0 2.00006 0 0 0 0 0 0 0 0 
