1 0 0 0 0 0 0 0 0 0 0 0 0 0 0 0 0 
0 0 0 0 0 0 0 0 0 0 0 0 0 0 0 0 0 
0 16 0 0 0 0 0 0 0 0 0 0 0 0 0 0 0 
0 0 32 0 0 0 0 0 0 0 0 0 0 0 0 0 0 
0 0 88 95.8501 23.9625 0 0 0 8.03207 0 0 0 0 0 0 0 0 
0 0 0 256.3 255.982 192.248 96.2501 64.2566 0 0 0 0 0 0 0 0 0 
0 0 0 207.85 735.747 687.923 703.417 622.734 768.969 0 0 0 0 0 0 0 0 
0 0 0 0 576.711 1663.16 1825.38 1921.5 1596.86 0 0 0 0 0 0 0 0 
0 0 0 0 227.598 1248.98 2925.72 3681.03 4357.52 0 0 0 0 0 0 0 0 
0 0 0 0 0 447.625 1569.34 3133.51 3267.38 0 0 0 0 0 0 0 0 
0 0 0 0 0 128.064 768.056 1392.63 2107.83 0 0 0 0 0 0 0 0 
0 0 0 0 0 0 63.8592 512.376 577.694 0 0 0 0 0 0 0 0 
0 0 0 0 0 0 55.9819 95.9697 119.777 0 0 0 0 0 0 0 0 
0 0 0 0 0 0 0 0 63.9397 0 0 0 0 0 0 0 0 
0 0 0 0 0 0 0 15.9948 0 0 0 0 0 0 0 0 0 
0 0 0 0 0 0 0 0 0 0 0 0 0 0 0 0 0 
0 0 0 0 0 0 0 0 1.99935 0 0 0 0 0 0 0 0 
