1 0 0 0 0 0 0 0 0 0 0 0 0 0 0 0 0 
0 0 0 0 0 0 0 0 0 0 0 0 0 0 0 0 0 
0 16 0 0 0 0 0 0 0 0 0 0 0 0 0 0 0 
0 0 32 0 0 0 0 0 0 0 0 0 0 0 0 0 0 
0 0 88 95.9821 23.9955 0 0 0 7.96201 0 0 0 0 0 0 0 0 
0 0 0 256.036 255.973 192.077 96.2068 63.696 0 0 0 0 0 0 0 0 0 
0 0 0 207.982 735.814 688.123 703.661 624.078 769.694 0 0 0 0 0 0 0 0 
0 0 0 0 576.472 1663.32 1823.96 1920.64 1596.24 0 0 0 0 0 0 0 0 
0 0 0 0 227.746 1248.42 2928.55 3680.44 4359.41 0 0 0 0 0 0 0 0 
0 0 0 0 0 448.324 1567.38 3135.96 3263.12 0 0 0 0 0 0 0 0 
0 0 0 0 0 127.738 768.211 1389.66 2111.28 0 0 0 0 0 0 0 0 
0 0 0 0 0 0 64.0299 513.47 575.759 0 0 0 0 0 0 0 0 
0 0 0 0 0 0 56.002 96.0457 120.173 0 0 0 0 0 0 0 0 
0 0 0 0 0 0 0 0 64.3635 0 0 0 0 0 0 0 0 
0 0 0 0 0 0 0 16.0006 0 0 0 0 0 0 0 0 0 
0 0 0 0 0 0 0 0 0 0 0 0 0 0 0 0 0 
0 0 0 0 0 0 0 0 2.00007 0 0 0 0 0 0 0 0 
