1 0 0 0 0 0 0 0 0 0 0 0 0 0 0 0 1 
0 0 0 0 0 0 0 0 0 0 0 0 0 0 0 0 0 
0 16 0 0 0 0 0 0 0 0 0 0 0 0 0 16 0 
0 0 26.724 0 0 0 0 0 0 0 0 0 0 0 19.742 0 0 
0 0 93.276 62.3899 12.1932 0 0 0 0.589716 0 0 0 11.6455 24.8866 100.258 0 0 
0 0 0 406.833 190.734 163.341 49.5888 4.67201 0 99.7521 286.961 571.941 182.167 267.557 0 0 0 
0 0 0 90.7768 1097.6 503.125 775.7 476.558 940.946 946.422 883.901 1068.53 635.825 267.557 0 0 0 
0 0 0 0 403.785 2254.85 1278.91 3521.31 1757.92 2915.18 3085.12 1210.8 495.181 0 0 0 0 
0 0 0 0 115.686 1065.12 3939.33 3990.17 6135.74 3743.17 1286.07 832.169 495.181 0 0 0 0 
0 0 0 0 0 269.304 1449.2 2420.16 2898.32 2572.64 1651.35 571.941 0 0 0 0 0 
0 0 0 0 0 112.262 470.486 785.711 570.712 447.058 688.383 112.622 0 0 0 0 0 
0 0 0 0 0 0 18.2427 198.659 444.471 650.465 82.2156 0 0 0 0 0 0 
0 0 0 0 0 0 26.543 39.1183 99.175 53.3935 44.0069 0 0 0 0 0 0 
0 0 0 0 0 0 0 0 22.1289 0 0 0 0 0 0 0 0 
0 0 0 0 0 0 0 3.63856 0 11.9137 0 0 0 0 0 0 0 
0 0 0 0 0 0 0 0 0 0 0 0 0 0 0 0 0 
0 0 0 0 0 0 0 0 0.00510204 0 0 0 0 0 0 0 0 
