1 0 0 0 0 0 0 0 0 0 0 0 0 0 0 0 0 
0 0 0 0 0 0 0 0 0 0 0 0 0 0 0 0 0 
0 16 0 0 0 0 0 0 0 0 0 0 0 0 0 0 0 
0 0 32 0 0 0 0 0 0 0 0 0 0 0 0 0 0 
0 0 88 95.9823 23.9956 0 0 0 7.99763 0 0 0 0 0 0 0 0 
0 0 0 256.035 256.004 192.01 96.0056 63.9811 0 0 0 0 0 0 0 0 0 
0 0 0 207.982 736.01 687.949 704.299 624.038 767.705 0 0 0 0 0 0 0 0 
0 0 0 0 575.986 1664.06 1823.75 1919.75 1599.35 0 0 0 0 0 0 0 0 
0 0 0 0 228.004 1248.04 2927.61 3680.09 4357.73 0 0 0 0 0 0 0 0 
0 0 0 0 0 447.902 1568.31 3136.36 3263.86 0 0 0 0 0 0 0 0 
0 0 0 0 0 128.043 768.051 1391.94 2111.17 0 0 0 0 0 0 0 0 
0 0 0 0 0 0 63.9349 511.9 576.216 0 0 0 0 0 0 0 0 
0 0 0 0 0 0 56.0364 95.9431 119.981 0 0 0 0 0 0 0 0 
0 0 0 0 0 0 0 0 63.9926 0 0 0 0 0 0 0 0 
0 0 0 0 0 0 0 16.0104 0 0 0 0 0 0 0 0 0 
0 0 0 0 0 0 0 0 0 0 0 0 0 0 0 0 0 
0 0 0 0 0 0 0 0 2.0013 0 0 0 0 0 0 0 0 
