1 0 0 0 0 0 0 0 0 0 0 0 0 0 0 0 0 
0 0 0 0 0 0 0 0 0 0 0 0 0 0 0 0 0 
0 16 0 0 0 0 0 0 0 0 0 0 0 0 0 0 0 
0 0 32 0 0 0 0 0 0 0 0 0 0 0 0 0 0 
0 0 88 95.67 24.0951 0 0 0 7.96779 0 0 0 0 0 0 0 0 
0 0 0 255.863 255.939 191.414 96.0395 63.7225 0 0 0 0 0 0 0 0 0 
0 0 0 208.467 734.936 687.43 706.173 629.096 771.508 0 0 0 0 0 0 0 0 
0 0 0 0 575.42 1661.95 1825.42 1928.69 1603.7 0 0 0 0 0 0 0 0 
0 0 0 0 229.61 1249.93 2920.2 3683.33 4351.77 0 0 0 0 0 0 0 0 
0 0 0 0 0 447.983 1571.22 3119.86 3263.54 0 0 0 0 0 0 0 0 
0 0 0 0 0 129.297 768.541 1388.79 2107.58 0 0 0 0 0 0 0 0 
0 0 0 0 0 0 63.7644 513.43 577.927 0 0 0 0 0 0 0 0 
0 0 0 0 0 0 56.6451 96.8552 119.371 0 0 0 0 0 0 0 0 
0 0 0 0 0 0 0 0 64.612 0 0 0 0 0 0 0 0 
0 0 0 0 0 0 0 16.225 0 0 0 0 0 0 0 0 0 
0 0 0 0 0 0 0 0 0 0 0 0 0 0 0 0 0 
0 0 0 0 0 0 0 0 2.02901 0 0 0 0 0 0 0 0 
