1 0 0 0 0 0 0 0 0 0 0 0 0 0 0 0 0 
0 0 0 0 0 0 0 0 0 0 0 0 0 0 0 0 0 
0 16 0 0 0 0 0 0 0 0 0 0 0 0 0 0 0 
0 0 32 0 0 0 0 0 0 0 0 0 0 0 0 0 0 
0 0 88 96.2586 24.0415 0 0 0 8.03498 0 0 0 0 0 0 0 0 
0 0 0 255.928 256.329 192.157 95.8742 63.8501 0 0 0 0 0 0 0 0 0 
0 0 0 207.814 736.404 688.148 703.367 624.384 768.263 0 0 0 0 0 0 0 0 
0 0 0 0 576.106 1668.04 1828.56 1925.12 1607.18 0 0 0 0 0 0 0 0 
0 0 0 0 227.12 1245.33 2930.44 3678.98 4364.75 0 0 0 0 0 0 0 0 
0 0 0 0 0 447.617 1566.28 3136.49 3256.08 0 0 0 0 0 0 0 0 
0 0 0 0 0 126.703 764.853 1388.89 2105.89 0 0 0 0 0 0 0 0 
0 0 0 0 0 0 63.4934 511.206 574.112 0 0 0 0 0 0 0 0 
0 0 0 0 0 0 55.1354 95.3298 119.971 0 0 0 0 0 0 0 0 
0 0 0 0 0 0 0 0 63.7577 0 0 0 0 0 0 0 0 
0 0 0 0 0 0 0 15.7453 0 0 0 0 0 0 0 0 0 
0 0 0 0 0 0 0 0 0 0 0 0 0 0 0 0 0 
0 0 0 0 0 0 0 0 1.97547 0 0 0 0 0 0 0 0 
