1 0 0 0 0 0 0 0 0 0 0 0 0 0 0 0 0 
0 0 0 0 0 0 0 0 0 0 0 0 0 0 0 0 0 
0 16 0 0 0 0 0 0 0 0 0 0 0 0 0 0 0 
0 0 32 0 0 0 0 0 0 0 0 0 0 0 0 0 0 
0 0 88 95.9621 23.9905 0 0 0 8.01235 0 0 0 0 0 0 0 0 
0 0 0 256.076 255.9 191.959 95.9729 64.0988 0 0 0 0 0 0 0 0 0 
0 0 0 207.962 736.194 688.027 704.042 623.878 768.032 0 0 0 0 0 0 0 0 
0 0 0 0 575.948 1664 1824.48 1920.28 1599.84 0 0 0 0 0 0 0 0 
0 0 0 0 227.967 1248.05 2927.21 3680.3 4356.68 0 0 0 0 0 0 0 0 
0 0 0 0 0 448.001 1568.09 3134.87 3263.13 0 0 0 0 0 0 0 0 
0 0 0 0 0 127.964 768.224 1392.32 2112.15 0 0 0 0 0 0 0 0 
0 0 0 0 0 0 63.9845 512.172 576.135 0 0 0 0 0 0 0 0 
0 0 0 0 0 0 55.9991 96.0772 119.96 0 0 0 0 0 0 0 0 
0 0 0 0 0 0 0 0 64.0557 0 0 0 0 0 0 0 0 
0 0 0 0 0 0 0 15.9997 0 0 0 0 0 0 0 0 0 
0 0 0 0 0 0 0 0 0 0 0 0 0 0 0 0 0 
0 0 0 0 0 0 0 0 1.99997 0 0 0 0 0 0 0 0 
