1 0 0 0 0 0 0 0 0 0 0 0 0 0 0 0 0 
0 0 0 0 0 0 0 0 0 0 0 0 0 0 0 0 0 
0 16 0 0 0 0 0 0 0 0 0 0 0 0 0 0 0 
0 0 32 0 0 0 0 0 0 0 0 0 0 0 0 0 0 
0 0 88 95.1187 23.6507 0 0 0 8.05876 0 0 0 0 0 0 0 0 
0 0 0 256.094 254.215 191.337 96.4198 64.2365 0 0 0 0 0 0 0 0 0 
0 0 0 208.788 735.821 686.843 701.535 621.292 765.794 0 0 0 0 0 0 0 0 
0 0 0 0 577.759 1661.5 1821.72 1911.62 1592.78 0 0 0 0 0 0 0 0 
0 0 0 0 228.555 1251.69 2926.98 3676.28 4342.03 0 0 0 0 0 0 0 0 
0 0 0 0 0 448.655 1569.35 3138.54 3264.41 0 0 0 0 0 0 0 0 
0 0 0 0 0 127.981 771.68 1402.44 2127.4 0 0 0 0 0 0 0 0 
0 0 0 0 0 0 64.0283 513.32 583.24 0 0 0 0 0 0 0 0 
0 0 0 0 0 0 56.287 96.204 119.886 0 0 0 0 0 0 0 0 
0 0 0 0 0 0 0 0 64.3927 0 0 0 0 0 0 0 0 
0 0 0 0 0 0 0 16.0621 0 0 0 0 0 0 0 0 0 
0 0 0 0 0 0 0 0 0 0 0 0 0 0 0 0 0 
0 0 0 0 0 0 0 0 2.00985 0 0 0 0 0 0 0 0 
