1 0 0 0 0 0 0 0 0 0 0 0 0 0 0 0 0 
0 0 0 0 0 0 0 0 0 0 0 0 0 0 0 0 0 
0 16 0 0 0 0 0 0 0 0 0 0 0 0 0 0 0 
0 0 32 0 0 0 0 0 0 0 0 0 0 0 0 0 0 
0 0 88 95.9903 23.9976 0 0 0 8.00511 0 0 0 0 0 0 0 0 
0 0 0 256.019 255.994 192.07 96.0092 64.0409 0 0 0 0 0 0 0 0 0 
0 0 0 207.99 736.066 688.013 704.122 623.996 767.832 0 0 0 0 0 0 0 0 
0 0 0 0 575.895 1663.81 1824.12 1919.68 1600.26 0 0 0 0 0 0 0 0 
0 0 0 0 228.047 1248.15 2927.44 3680.67 4356.36 0 0 0 0 0 0 0 0 
0 0 0 0 0 447.872 1568.32 3135.47 3263.18 0 0 0 0 0 0 0 0 
0 0 0 0 0 128.087 767.908 1392.17 2112.44 0 0 0 0 0 0 0 0 
0 0 0 0 0 0 64.056 511.929 575.886 0 0 0 0 0 0 0 0 
0 0 0 0 0 0 56.0226 96.042 119.969 0 0 0 0 0 0 0 0 
0 0 0 0 0 0 0 0 64.0679 0 0 0 0 0 0 0 0 
0 0 0 0 0 0 0 16.0065 0 0 0 0 0 0 0 0 0 
0 0 0 0 0 0 0 0 0 0 0 0 0 0 0 0 0 
0 0 0 0 0 0 0 0 2.00081 0 0 0 0 0 0 0 0 
