1 0 0 0 0 0 0 0 0 0 0 0 0 0 0 0 0 
0 0 0 0 0 0 0 0 0 0 0 0 0 0 0 0 0 
0 16 0 0 0 0 0 0 0 0 0 0 0 0 0 0 0 
0 0 32 0 0 0 0 0 0 0 0 0 0 0 0 0 0 
0 0 88 95.9813 23.9953 0 0 0 7.99077 0 0 0 0 0 0 0 0 
0 0 0 256.037 255.915 191.962 95.9741 63.9262 0 0 0 0 0 0 0 0 0 
0 0 0 207.981 736.162 687.812 704.179 624.035 768.035 0 0 0 0 0 0 0 0 
0 0 0 0 575.95 1664.34 1823.55 1919.66 1599.87 0 0 0 0 0 0 0 0 
0 0 0 0 227.978 1248.08 2928.27 3680.16 4355.48 0 0 0 0 0 0 0 0 
0 0 0 0 0 447.771 1568.21 3136.71 3264.89 0 0 0 0 0 0 0 0 
0 0 0 0 0 128.037 767.882 1391.76 2112 0 0 0 0 0 0 0 0 
0 0 0 0 0 0 63.8833 511.738 575.927 0 0 0 0 0 0 0 0 
0 0 0 0 0 0 56.0525 95.9917 119.817 0 0 0 0 0 0 0 0 
0 0 0 0 0 0 0 0 63.9901 0 0 0 0 0 0 0 0 
0 0 0 0 0 0 0 16.015 0 0 0 0 0 0 0 0 0 
0 0 0 0 0 0 0 0 0 0 0 0 0 0 0 0 0 
0 0 0 0 0 0 0 0 2.00188 0 0 0 0 0 0 0 0 
