1 0 0 0 0 0 0 0 0 0 0 0 0 0 0 0 0 
0 0 0 0 0 0 0 0 0 0 0 0 0 0 0 0 0 
0 16 0 0 0 0 0 0 0 0 0 0 0 0 0 0 0 
0 0 32 0 0 0 0 0 0 0 0 0 0 0 0 0 0 
0 0 88 95.9553 23.9023 0 0 0 7.85478 0 0 0 0 0 0 0 0 
0 0 0 255.211 255.135 190.746 95.4634 62.7962 0 0 0 0 0 0 0 0 0 
0 0 0 208.833 735.261 684.724 696.962 624.904 768.948 0 0 0 0 0 0 0 0 
0 0 0 0 576.69 1662.32 1817.57 1920.42 1603.79 0 0 0 0 0 0 0 0 
0 0 0 0 229.012 1250.66 2931.64 3682.42 4357.94 0 0 0 0 0 0 0 0 
0 0 0 0 0 451.893 1573.95 3134.77 3262.01 0 0 0 0 0 0 0 0 
0 0 0 0 0 127.664 772.394 1392.35 2107.73 0 0 0 0 0 0 0 0 
0 0 0 0 0 0 64.573 510.606 576.47 0 0 0 0 0 0 0 0 
0 0 0 0 0 0 55.4527 95.8216 119.663 0 0 0 0 0 0 0 0 
0 0 0 0 0 0 0 0 63.6145 0 0 0 0 0 0 0 0 
0 0 0 0 0 0 0 15.9086 0 0 0 0 0 0 0 0 0 
0 0 0 0 0 0 0 0 0 0 0 0 0 0 0 0 0 
0 0 0 0 0 0 0 0 1.98717 0 0 0 0 0 0 0 0 
