1 0 0 0 0 0 0 0 0 0 0 0 0 0 0 0 0 
0 0 0 0 0 0 0 0 0 0 0 0 0 0 0 0 0 
0 16 0 0 0 0 0 0 0 0 0 0 0 0 0 0 0 
0 0 32 0 0 0 0 0 0 0 0 0 0 0 0 0 0 
0 0 88 96.1856 24.0114 0 0 0 7.91954 0 0 0 0 0 0 0 0 
0 0 0 256.083 255.918 191.798 95.6572 63.3613 0 0 0 0 0 0 0 0 0 
0 0 0 207.732 734.918 689.466 707.109 629.2 767.314 0 0 0 0 0 0 0 0 
0 0 0 0 575.269 1661.36 1826.16 1928.28 1598.13 0 0 0 0 0 0 0 0 
0 0 0 0 229.884 1249.33 2920.76 3671.36 4340.8 0 0 0 0 0 0 0 0 
0 0 0 0 0 446.598 1569.11 3129.98 3275.59 0 0 0 0 0 0 0 0 
0 0 0 0 0 129.446 768.184 1394.64 2117.52 0 0 0 0 0 0 0 0 
0 0 0 0 0 0 64.3634 510.855 575.395 0 0 0 0 0 0 0 0 
0 0 0 0 0 0 56.6556 96.0364 121.014 0 0 0 0 0 0 0 0 
0 0 0 0 0 0 0 0 64.288 0 0 0 0 0 0 0 0 
0 0 0 0 0 0 0 16.2781 0 0 0 0 0 0 0 0 0 
0 0 0 0 0 0 0 0 0 0 0 0 0 0 0 0 0 
0 0 0 0 0 0 0 0 2.02998 0 0 0 0 0 0 0 0 
