1 0 0 0 0 0 0 0 0 0 0 0 0 0 0 0 0 
0 0 0 0 0 0 0 0 0 0 0 0 0 0 0 0 0 
0 16 0 0 0 0 0 0 0 0 0 0 0 0 0 0 0 
0 0 32 0 0 0 0 0 0 0 0 0 0 0 0 0 0 
0 0 88 95.9787 23.9947 0 0 0 8.00799 0 0 0 0 0 0 0 0 
0 0 0 256.043 255.921 191.948 95.94 64.0639 0 0 0 0 0 0 0 0 0 
0 0 0 207.979 736.184 688.164 704.395 624.137 768.106 0 0 0 0 0 0 0 0 
0 0 0 0 575.892 1663.77 1823.28 1920.14 1599.17 0 0 0 0 0 0 0 0 
0 0 0 0 228.009 1248.13 2928.46 3679.1 4357.27 0 0 0 0 0 0 0 0 
0 0 0 0 0 448.025 1567.94 3136.69 3263.9 0 0 0 0 0 0 0 0 
0 0 0 0 0 127.96 768.027 1391.68 2111.26 0 0 0 0 0 0 0 0 
0 0 0 0 0 0 63.9518 512.18 576.134 0 0 0 0 0 0 0 0 
0 0 0 0 0 0 56.01 95.9959 120.132 0 0 0 0 0 0 0 0 
0 0 0 0 0 0 0 0 64.0139 0 0 0 0 0 0 0 0 
0 0 0 0 0 0 0 16.0029 0 0 0 0 0 0 0 0 0 
0 0 0 0 0 0 0 0 0 0 0 0 0 0 0 0 0 
0 0 0 0 0 0 0 0 2.00036 0 0 0 0 0 0 0 0 
