1 0 0 0 0 0 0 0 0 0 0 0 0 0 0 0 0 
0 0 0 0 0 0 0 0 0 0 0 0 0 0 0 0 0 
0 16 0 0 0 0 0 0 0 0 0 0 0 0 0 0 0 
0 0 32 0 0 0 0 0 0 0 0 0 0 0 0 0 0 
0 0 88 95.8576 24.0674 0 0 0 7.95393 0 0 0 0 0 0 0 0 
0 0 0 256.871 256.207 192.168 95.6663 63.8256 0 0 0 0 0 0 0 0 0 
0 0 0 207.271 736.536 689.222 705.305 623.504 764.303 0 0 0 0 0 0 0 0 
0 0 0 0 574.956 1662.52 1824.7 1916.5 1604.6 0 0 0 0 0 0 0 0 
0 0 0 0 228.234 1247.46 2931.3 3691.16 4366.78 0 0 0 0 0 0 0 0 
0 0 0 0 0 447.542 1563.33 3138.41 3264.77 0 0 0 0 0 0 0 0 
0 0 0 0 0 129.085 767.341 1384.16 2103.6 0 0 0 0 0 0 0 0 
0 0 0 0 0 0 63.9833 510.054 573.015 0 0 0 0 0 0 0 0 
0 0 0 0 0 0 56.3658 96.3259 119.417 0 0 0 0 0 0 0 0 
0 0 0 0 0 0 0 0 63.5581 0 0 0 0 0 0 0 0 
0 0 0 0 0 0 0 16.0556 0 0 0 0 0 0 0 0 0 
0 0 0 0 0 0 0 0 0 0 0 0 0 0 0 0 0 
0 0 0 0 0 0 0 0 2.00591 0 0 0 0 0 0 0 0 
