1 0 0 0 0 0 0 0 0 0 0 0 0 0 0 0 1 
0 0 0 0 0 0 0 0 0 0 0 0 0 0 0 0 0 
0 16 0 0 0 0 0 0 0 0 0 0 0 0 0 16 0 
0 0 32.074 0 0 0 0 0 0 0 0 0 0 0 32.0333 0 0 
0 0 87.926 96.0268 24.2555 0 0 0 8.15386 0 0 0 24.1388 96.6456 87.9667 0 0 
0 0 0 255.752 255.729 192.36 96.3948 64.7886 0 64.4997 96.5834 191.727 255.145 256.374 0 0 0 
0 0 0 208.222 736.241 685.044 698.514 619.179 766.502 623.022 703.179 685.417 737.796 206.981 0 0 0 
0 0 0 0 574.848 1669.45 1823.42 1921.41 1603.6 1918.86 1825.41 1669.35 575.304 0 0 0 0 
0 0 0 0 228.926 1246.62 2934.58 3689.11 4359.24 3679.37 2931.56 1245.49 227.616 0 0 0 0 
0 0 0 0 0 445.704 1567.26 3130.28 3260.89 3138.73 1565.47 447.78 0 0 0 0 0 
0 0 0 0 0 128.822 766.95 1390.8 2112 1391.88 766.305 128.235 0 0 0 0 0 
0 0 0 0 0 0 64.284 511.942 573.92 511.095 64.1174 0 0 0 0 0 0 
0 0 0 0 0 0 56.5947 96.2389 119.808 96.6133 55.3719 0 0 0 0 0 0 
0 0 0 0 0 0 0 0 63.8857 0 0 0 0 0 0 0 0 
0 0 0 0 0 0 0 16.2414 0 15.93 0 0 0 0 0 0 0 
0 0 0 0 0 0 0 0 0 0 0 0 0 0 0 0 0 
0 0 0 0 0 0 0 0 2.00087 0 0 0 0 0 0 0 0 
