1 0 0 0 0 0 0 0 0 0 0 0 0 0 0 0 1 
0 0 0 0 0 0 0 0 0 0 0 0 0 0 0 0 0 
0 16 0 0 0 0 0 0 0 0 0 0 0 0 0 16 0 
0 0 31.446 0 0 0 0 0 0 0 0 0 0 0 31.6445 0 0 
0 0 88.554 95.4114 23.4832 0 0 0 8.12145 0 0 0 24.0113 95.2109 88.3555 0 0 
0 0 0 256.248 254.73 188.931 94.5716 63.7595 0 64.7324 96.7843 192.189 255.767 255.2 0 0 0 
0 0 0 208.341 737.816 687.02 701.474 622.056 766.557 618.883 699.612 680.665 732.956 209.589 0 0 0 
0 0 0 0 574.812 1666.44 1820.33 1908.12 1589.66 1907.39 1812.63 1657.64 578.887 0 0 0 0 
0 0 0 0 229.159 1247.53 2938.58 3697.8 4349.77 3672.92 2919.54 1255.33 228.379 0 0 0 0 
0 0 0 0 0 447.102 1561.93 3133 3251.08 3129.86 1577.35 451.906 0 0 0 0 0 
0 0 0 0 0 130.978 769.333 1389.48 2136.2 1409.46 779.918 130.266 0 0 0 0 0 
0 0 0 0 0 0 64.6762 512.297 580.343 521.866 65.2837 0 0 0 0 0 0 
0 0 0 0 0 0 57.1096 97.3189 121.115 98.443 56.8782 0 0 0 0 0 0 
0 0 0 0 0 0 0 0 65.1072 0 0 0 0 0 0 0 0 
0 0 0 0 0 0 0 16.1687 0 16.4448 0 0 0 0 0 0 0 
0 0 0 0 0 0 0 0 0 0 0 0 0 0 0 0 0 
0 0 0 0 0 0 0 0 2.04352 0 0 0 0 0 0 0 0 
