1 0 0 0 0 0 0 0 0 0 0 0 0 0 0 0 1 
0 0 0 0 0 0 0 0 0 0 0 0 0 0 0 0 0 
0 16 0 0 0 0 0 0 0 0 0 0 0 0 0 16 0 
0 0 31.916 0 0 0 0 0 0 0 0 0 0 0 32.1738 0 0 
0 0 88.084 95.9589 23.8559 0 0 0 7.99513 0 0 0 23.6206 96.698 87.8262 0 0 
0 0 0 256.337 256.909 191.292 95.7023 64.3452 0 63.7507 96.4823 191.785 257.307 255.14 0 0 0 
0 0 0 207.705 734.656 689.056 706.714 626.142 768.047 622.243 705.436 687.577 735.923 208.162 0 0 0 
0 0 0 0 576.669 1660.35 1822.42 1922.48 1593.26 1918.4 1820.04 1667.7 575.429 0 0 0 0 
0 0 0 0 227.91 1250.46 2933.26 3673.85 4357.57 3678.95 2936.1 1247.41 227.721 0 0 0 0 
0 0 0 0 0 448.838 1562.55 3141.08 3269.22 3144.51 1566.44 444.724 0 0 0 0 0 
0 0 0 0 0 128.003 767.196 1386.02 2111.43 1390.72 764.18 128.802 0 0 0 0 0 
0 0 0 0 0 0 64.3716 514.192 576.299 510.038 63.4424 0 0 0 0 0 0 
0 0 0 0 0 0 55.7853 95.9806 120.434 95.406 55.8854 0 0 0 0 0 0 
0 0 0 0 0 0 0 0 63.762 0 0 0 0 0 0 0 0 
0 0 0 0 0 0 0 15.9034 0 15.991 0 0 0 0 0 0 0 
0 0 0 0 0 0 0 0 0 0 0 0 0 0 0 0 0 
0 0 0 0 0 0 0 0 1.99265 0 0 0 0 0 0 0 0 
