1 0 0 0 0 0 0 0 0 0 0 0 0 0 0 0 1 
0 0 0 0 0 0 0 0 0 0 0 0 0 0 0 0 0 
0 16 0 0 0 0 0 0 0 0 0 0 0 0 0 16 0 
0 0 31.6955 0 0 0 0 0 0 0 0 0 0 0 32.19 0 0 
0 0 88.3045 95.4097 24.4053 0 0 0 7.78042 0 0 0 24.086 95.2512 87.81 0 0 
0 0 0 256.906 255.946 192.866 97.392 64.4677 0 62.6464 95.2742 192.994 255.079 256.668 0 0 0 
0 0 0 207.684 735.403 683.961 706.909 622.447 761.873 621.095 702.658 692.299 734.924 208.081 0 0 0 
0 0 0 0 576.32 1668.75 1815.84 1924.61 1601.18 1917.98 1821.8 1658.7 577.956 0 0 0 0 
0 0 0 0 227.926 1248.28 2935.14 3681.62 4366.12 3673.54 2932.7 1247.23 227.954 0 0 0 0 
0 0 0 0 0 445.458 1566.31 3137.82 3256.56 3147.07 1568.07 449.894 0 0 0 0 0 
0 0 0 0 0 128.683 767.418 1390.38 2121.11 1396.47 768.1 126.883 0 0 0 0 0 
0 0 0 0 0 0 63.3076 507.067 571.074 508.907 63.4244 0 0 0 0 0 0 
0 0 0 0 0 0 55.68 95.6289 118.291 96.0541 55.9758 0 0 0 0 0 0 
0 0 0 0 0 0 0 0 63.9912 0 0 0 0 0 0 0 0 
0 0 0 0 0 0 0 15.9596 0 16.2357 0 0 0 0 0 0 0 
0 0 0 0 0 0 0 0 0 0 0 0 0 0 0 0 0 
0 0 0 0 0 0 0 0 2.0212 0 0 0 0 0 0 0 0 
