1 0 0 0 0 0 0 0 0 0 0 0 0 0 0 0 1 
0 0 0 0 0 0 0 0 0 0 0 0 0 0 0 0 0 
0 16 0 0 0 0 0 0 0 0 0 0 0 0 0 16 0 
0 0 32.0745 0 0 0 0 0 0 0 0 0 0 0 31.8879 0 0 
0 0 87.9255 96.0989 23.8264 0 0 0 7.97999 0 0 0 24.0669 95.3425 88.1121 0 0 
0 0 0 257.167 256.487 193.089 96.7096 63.6364 0 63.7117 97.1026 192.431 258.408 256.705 0 0 0 
0 0 0 206.734 738.937 689.974 707.696 628.325 769.948 626.627 706.805 691.848 733.406 207.952 0 0 0 
0 0 0 0 573.63 1668.33 1832.92 1925.51 1601.71 1922.43 1830.8 1663.15 576.661 0 0 0 0 
0 0 0 0 227.12 1242.3 2919.33 3673.27 4350 3681.99 2922.81 1248.45 227.458 0 0 0 0 
0 0 0 0 0 446.537 1563.27 3134.53 3268.86 3132.88 1559.05 444.19 0 0 0 0 0 
0 0 0 0 0 127.768 768.177 1388.92 2111.94 1392.47 771.871 127.926 0 0 0 0 0 
0 0 0 0 0 0 63.6738 513.95 575.818 508.503 64.265 0 0 0 0 0 0 
0 0 0 0 0 0 56.2138 95.8364 118.642 95.5847 55.2989 0 0 0 0 0 0 
0 0 0 0 0 0 0 0 63.0796 0 0 0 0 0 0 0 0 
0 0 0 0 0 0 0 16.027 0 15.8186 0 0 0 0 0 0 0 
0 0 0 0 0 0 0 0 0 0 0 0 0 0 0 0 0 
0 0 0 0 0 0 0 0 2.01687 0 0 0 0 0 0 0 0 
