1 0 0 0 0 0 0 0 0 0 0 0 0 0 0 0 1 
0 0 0 0 0 0 0 0 0 0 0 0 0 0 0 0 0 
0 16 0 0 0 0 0 0 0 0 0 0 0 0 0 16 0 
0 0 31.7044 0 0 0 0 0 0 0 0 0 0 0 31.3046 0 0 
0 0 88.2956 96.6993 23.7125 0 0 0 7.94325 0 0 0 23.8146 95.1091 88.6954 0 0 
0 0 0 253.697 256.611 193.172 96.4601 63.6822 0 64.5047 96.4135 193.331 253.031 254.596 0 0 0 
0 0 0 209.604 735.162 688.04 707.301 620.207 769.06 624.486 708.405 686.888 735.774 210.295 0 0 0 
0 0 0 0 576.616 1665.94 1813.56 1910.36 1593.89 1926.21 1825.31 1661.86 578.266 0 0 0 0 
0 0 0 0 227.899 1246.78 2928.14 3683.02 4360.31 3666.29 2913.26 1250.72 229.114 0 0 0 0 
0 0 0 0 0 445.419 1578.88 3147.27 3266.37 3144.34 1568.31 447.976 0 0 0 0 0 
0 0 0 0 0 128.652 764.054 1388.23 2112.08 1390.32 776.184 127.228 0 0 0 0 0 
0 0 0 0 0 0 63.6588 515.655 575.721 511.949 63.7364 0 0 0 0 0 0 
0 0 0 0 0 0 55.9454 95.6232 119.157 95.8246 56.3769 0 0 0 0 0 0 
0 0 0 0 0 0 0 0 63.4718 0 0 0 0 0 0 0 0 
0 0 0 0 0 0 0 15.9529 0 16.0834 0 0 0 0 0 0 0 
0 0 0 0 0 0 0 0 0 0 0 0 0 0 0 0 0 
0 0 0 0 0 0 0 0 1.98526 0 0 0 0 0 0 0 0 
