1 0 0 0 0 0 0 0 0 0 0 0 0 0 0 0 1 
0 0 0 0 0 0 0 0 0 0 0 0 0 0 0 0 0 
0 16 0 0 0 0 0 0 0 0 0 0 0 0 0 16 0 
0 0 32.0225 0 0 0 0 0 0 0 0 0 0 0 31.9422 0 0 
0 0 87.9775 94.2736 23.5197 0 0 0 7.93417 0 0 0 23.6488 96.3419 88.0578 0 0 
0 0 0 256.722 251.104 191.049 95.7846 64.2652 0 64.2797 97.8173 192.151 256.164 256.068 0 0 0 
0 0 0 209.004 735.177 682.716 701.474 627.625 775.434 627.361 705.612 686.509 735.755 207.59 0 0 0 
0 0 0 0 580.849 1653.18 1818.5 1923.43 1612.67 1926.38 1811.58 1667.49 577.787 0 0 0 0 
0 0 0 0 229.351 1262.44 2920.25 3693.8 4348.85 3676.55 2936.81 1246.51 226.645 0 0 0 0 
0 0 0 0 0 450.472 1580.45 3120.91 3269.49 3140.84 1570.89 448.755 0 0 0 0 0 
0 0 0 0 0 128.142 771.193 1392.69 2102.36 1387.19 767.141 126.59 0 0 0 0 0 
0 0 0 0 0 0 64.8427 505.628 568.695 506.054 63.0449 0 0 0 0 0 0 
0 0 0 0 0 0 55.5037 95.771 118.406 95.2864 55.1056 0 0 0 0 0 0 
0 0 0 0 0 0 0 0 64.1331 0 0 0 0 0 0 0 0 
0 0 0 0 0 0 0 15.8785 0 16.0532 0 0 0 0 0 0 0 
0 0 0 0 0 0 0 0 0 0 0 0 0 0 0 0 0 
0 0 0 0 0 0 0 0 2.02977 0 0 0 0 0 0 0 0 
