1 0 0 0 0 0 0 0 0 0 0 0 0 0 0 0 1 
0 0 0 0 0 0 0 0 0 0 0 0 0 0 0 0 0 
0 16 0 0 0 0 0 0 0 0 0 0 0 0 0 16 0 
0 0 32.4612 0 0 0 0 0 0 0 0 0 0 0 32.1015 0 0 
0 0 87.5388 96.7425 23.755 0 0 0 7.97769 0 0 0 23.5039 97.0352 87.8985 0 0 
0 0 0 257.232 259.41 191.275 96.2842 63.9891 0 64.472 96.5229 191.031 256.494 255.788 0 0 0 
0 0 0 206.026 742.318 689.276 703.389 622.93 773.079 624.455 703.429 683.346 737.298 207.177 0 0 0 
0 0 0 0 570.158 1671.37 1825.77 1917.52 1585.85 1908.75 1820.45 1669.83 575.733 0 0 0 0 
0 0 0 0 224.359 1243.25 2940.51 3693.46 4368.21 3694.84 2919.7 1247.13 226.972 0 0 0 0 
0 0 0 0 0 447.444 1560.86 3142.1 3247.3 3123.9 1578.36 448.362 0 0 0 0 0 
0 0 0 0 0 125.385 762.824 1380.79 2127.42 1398.78 769.534 128.297 0 0 0 0 0 
0 0 0 0 0 0 63.6888 508.286 575.305 512.255 64.1408 0 0 0 0 0 0 
0 0 0 0 0 0 54.6729 95.0042 119.189 96.3488 55.8654 0 0 0 0 0 0 
0 0 0 0 0 0 0 0 63.6799 0 0 0 0 0 0 0 0 
0 0 0 0 0 0 0 15.9236 0 16.2068 0 0 0 0 0 0 0 
0 0 0 0 0 0 0 0 0 0 0 0 0 0 0 0 0 
0 0 0 0 0 0 0 0 1.99955 0 0 0 0 0 0 0 0 
