1 0 0 0 0 0 0 0 0 0 0 0 0 0 0 0 1 
0 0 0 0 0 0 0 0 0 0 0 0 0 0 0 0 0 
0 16 0 0 0 0 0 0 0 0 0 0 0 0 0 16 0 
0 0 31.8141 0 0 0 0 0 0 0 0 0 0 0 32.1415 0 0 
0 0 88.1859 94.6812 23.9446 0 0 0 8.04176 0 0 0 24.392 96.4861 87.8585 0 0 
0 0 0 255.076 252.403 190.282 95.5917 64.2185 0 64.5334 96.1969 190.657 254.498 256.042 0 0 0 
0 0 0 210.243 734.386 682.091 703.538 622.246 764.915 619.741 706.557 686.587 737.396 207.472 0 0 0 
0 0 0 0 578.998 1650.91 1820.3 1927.67 1594.42 1911.96 1818.45 1667.19 576.331 0 0 0 0 
0 0 0 0 230.268 1267.59 2917.8 3676.92 4358.5 3685.42 2927.74 1249.21 227.383 0 0 0 0 
0 0 0 0 0 448.719 1579.32 3121.44 3264.82 3139.68 1570.72 446.691 0 0 0 0 0 
0 0 0 0 0 128.411 770.956 1397.92 2119.71 1397.44 768.032 127.664 0 0 0 0 0 
0 0 0 0 0 0 64.713 517.309 573.425 510.31 64.3865 0 0 0 0 0 0 
0 0 0 0 0 0 55.7863 96.1046 120.441 95.1518 55.9075 0 0 0 0 0 0 
0 0 0 0 0 0 0 0 63.7332 0 0 0 0 0 0 0 0 
0 0 0 0 0 0 0 16.1575 0 15.7666 0 0 0 0 0 0 0 
0 0 0 0 0 0 0 0 0 0 0 0 0 0 0 0 0 
0 0 0 0 0 0 0 0 1.99234 0 0 0 0 0 0 0 0 
