1 0 0 0 0 0 0 0 0 0 0 0 0 0 0 0 1 
0 0 0 0 0 0 0 0 0 0 0 0 0 0 0 0 0 
0 16 0 0 0 0 0 0 0 0 0 0 0 0 0 16 0 
0 0 32.1088 0 0 0 0 0 0 0 0 0 0 0 32.1875 0 0 
0 0 87.8912 96.6919 23.9755 0 0 0 7.9157 0 0 0 23.8255 96.2907 87.8125 0 0 
0 0 0 255.251 256.491 193.011 96.2945 63.5574 0 63.4768 96.0655 193.476 256.73 256.384 0 0 0 
0 0 0 208.057 735.428 690.078 709.525 625.43 769.398 626.401 710.894 692.136 734.951 207.325 0 0 0 
0 0 0 0 577.511 1661.61 1819.4 1924.88 1595.18 1920.03 1833.89 1662.96 576.499 0 0 0 0 
0 0 0 0 226.595 1248.81 2925.26 3667.27 4364.14 3683.31 2929.66 1243.79 227.994 0 0 0 0 
0 0 0 0 0 447.378 1569.89 3142.16 3261.63 3137.38 1553.42 448.152 0 0 0 0 0 
0 0 0 0 0 127.118 767.126 1389.13 2108.06 1380.13 763.212 127.484 0 0 0 0 0 
0 0 0 0 0 0 63.9274 514.217 574.416 516.419 64.2695 0 0 0 0 0 0 
0 0 0 0 0 0 56.5832 97.1137 122.088 96.7292 56.5918 0 0 0 0 0 0 
0 0 0 0 0 0 0 0 65.1262 0 0 0 0 0 0 0 0 
0 0 0 0 0 0 0 16.2509 0 16.1184 0 0 0 0 0 0 0 
0 0 0 0 0 0 0 0 0 0 0 0 0 0 0 0 0 
0 0 0 0 0 0 0 0 2.04538 0 0 0 0 0 0 0 0 
