1 0 0 0 0 0 0 0 0 0 0 0 0 0 0 0 1 
0 0 0 0 0 0 0 0 0 0 0 0 0 0 0 0 0 
0 16 0 0 0 0 0 0 0 0 0 0 0 0 0 16 0 
0 0 31.9443 0 0 0 0 0 0 0 0 0 0 0 31.9177 0 0 
0 0 88.0557 95.991 23.7315 0 0 0 8.05732 0 0 0 24.0992 96.6494 88.0823 0 0 
0 0 0 255.224 255.394 191.125 96.1667 63.3966 0 64.4147 95.0877 190.83 256.007 254.43 0 0 0 
0 0 0 208.785 738.108 691.093 704.68 623.677 766.344 620.592 703.272 683.561 734.148 208.92 0 0 0 
0 0 0 0 574.664 1667.6 1832.07 1925.71 1596.1 1925.19 1817.78 1666.91 577.535 0 0 0 0 
0 0 0 0 228.102 1245.01 2922.59 3672.65 4368.22 3677.74 2938.04 1247.99 228.211 0 0 0 0 
0 0 0 0 0 445.461 1569.42 3143.25 3269.95 3138.37 1563.68 449.586 0 0 0 0 0 
0 0 0 0 0 127.714 764.095 1392.07 2104.5 1389.45 768.504 129.123 0 0 0 0 0 
0 0 0 0 0 0 62.5653 507.943 570.573 511.949 65.2004 0 0 0 0 0 0 
0 0 0 0 0 0 56.411 95.167 120.123 96.0557 56.4403 0 0 0 0 0 0 
0 0 0 0 0 0 0 0 64.1031 0 0 0 0 0 0 0 0 
0 0 0 0 0 0 0 16.1409 0 16.2378 0 0 0 0 0 0 0 
0 0 0 0 0 0 0 0 0 0 0 0 0 0 0 0 0 
0 0 0 0 0 0 0 0 2.03062 0 0 0 0 0 0 0 0 
