1 0 0 0 0 0 0 0 0 0 0 0 0 0 0 0 1 
0 0 0 0 0 0 0 0 0 0 0 0 0 0 0 0 0 
0 16 0 0 0 0 0 0 0 0 0 0 0 0 0 16 0 
0 0 31.9209 0 0 0 0 0 0 0 0 0 0 0 31.8727 0 0 
0 0 88.0791 95.3622 24.023 0 0 0 8.11233 0 0 0 24.0282 96.1268 88.1273 0 0 
0 0 0 256.26 255.304 193.015 96.5273 64.2213 0 65.0168 97.31 193.874 258.328 255.804 0 0 0 
0 0 0 208.378 734.485 683.491 704.243 623.836 768.063 630.491 706.846 689.885 734.797 208.07 0 0 0 
0 0 0 0 578.035 1663.82 1815.35 1914.74 1602.21 1911.14 1826.01 1666.38 573.78 0 0 0 0 
0 0 0 0 228.153 1250.24 2926.36 3681.48 4355.47 3687.93 2933.46 1242.74 229.067 0 0 0 0 
0 0 0 0 0 449.146 1571.18 3138.97 3266.03 3136.91 1563.19 446.232 0 0 0 0 0 
0 0 0 0 0 128.29 773.25 1390.18 2110.15 1386.64 761.691 128.882 0 0 0 0 0 
0 0 0 0 0 0 64.3494 514.083 575.4 510.362 63.707 0 0 0 0 0 0 
0 0 0 0 0 0 56.7452 96.3866 118.734 95.6082 55.7946 0 0 0 0 0 0 
0 0 0 0 0 0 0 0 63.8235 0 0 0 0 0 0 0 0 
0 0 0 0 0 0 0 16.1026 0 15.8999 0 0 0 0 0 0 0 
0 0 0 0 0 0 0 0 0 0 0 0 0 0 0 0 0 
0 0 0 0 0 0 0 0 2.01044 0 0 0 0 0 0 0 0 
