1 0 0 0 0 0 0 0 0 0 0 0 0 0 0 0 1 
0 0 0 0 0 0 0 0 0 0 0 0 0 0 0 0 0 
0 16 0 0 0 0 0 0 0 0 0 0 0 0 0 16 0 
0 0 32.0788 0 0 0 0 0 0 0 0 0 0 0 32.4602 0 0 
0 0 87.9212 96.6075 24.0383 0 0 0 7.94568 0 0 0 24.0059 95.9706 87.5398 0 0 
0 0 0 254.438 255.216 192.284 96.1569 63.7221 0 62.7741 94.9359 191.279 255.21 256.961 0 0 0 
0 0 0 208.954 738.937 683.327 701.025 627.731 768.082 621.247 702.687 684.411 738.498 207.069 0 0 0 
0 0 0 0 573.937 1665.42 1828.74 1926.8 1602.06 1920.58 1817.43 1664.32 573.517 0 0 0 0 
0 0 0 0 227.871 1251.88 2927.54 3684.59 4358.17 3692.05 2935.35 1248.18 228.769 0 0 0 0 
0 0 0 0 0 447.186 1570.66 3128.95 3263.02 3135.46 1565.29 450.497 0 0 0 0 0 
0 0 0 0 0 127.901 764.182 1390.66 2116.74 1384.56 771.988 129.315 0 0 0 0 0 
0 0 0 0 0 0 64.0875 506.45 569.488 511.473 65.0765 0 0 0 0 0 0 
0 0 0 0 0 0 55.604 95.3294 119.409 95.9892 55.2417 0 0 0 0 0 0 
0 0 0 0 0 0 0 0 63.0991 0 0 0 0 0 0 0 0 
0 0 0 0 0 0 0 15.7654 0 15.8775 0 0 0 0 0 0 0 
0 0 0 0 0 0 0 0 0 0 0 0 0 0 0 0 0 
0 0 0 0 0 0 0 0 1.98316 0 0 0 0 0 0 0 0 
