1 0 0 0 0 0 0 0 0 0 0 0 0 0 0 0 1 
0 0 0 0 0 0 0 0 0 0 0 0 0 0 0 0 0 
0 16 0 0 0 0 0 0 0 0 0 0 0 0 0 16 0 
0 0 31.8991 0 0 0 0 0 0 0 0 0 0 0 31.9703 0 0 
0 0 88.1009 96.6061 24.4157 0 0 0 7.9605 0 0 0 24.4405 96.2333 88.0297 0 0 
0 0 0 254.835 256.835 192.536 96.7163 64.7661 0 65.6139 98.0985 193.334 256.862 255.873 0 0 0 
0 0 0 208.559 738.009 687.713 703.089 623.617 772.982 625.643 705.883 693.274 739.248 207.894 0 0 0 
0 0 0 0 574.678 1665.49 1825.54 1914 1602.47 1923.99 1826.7 1668.82 572.449 0 0 0 0 
0 0 0 0 226.062 1247.3 2928.41 3692.21 4354.1 3678.88 2922.53 1240.31 227.001 0 0 0 0 
0 0 0 0 0 448.174 1569.34 3125.48 3272.28 3136.64 1564.68 445.679 0 0 0 0 0 
0 0 0 0 0 126.787 764.908 1394.41 2096.3 1385.24 769.408 126.585 0 0 0 0 0 
0 0 0 0 0 0 64.3258 513.017 578.591 511.924 64.5776 0 0 0 0 0 0 
0 0 0 0 0 0 55.6701 96.7452 119.689 96.0457 56.1091 0 0 0 0 0 0 
0 0 0 0 0 0 0 0 63.6416 0 0 0 0 0 0 0 0 
0 0 0 0 0 0 0 15.7481 0 16.029 0 0 0 0 0 0 0 
0 0 0 0 0 0 0 0 0 0 0 0 0 0 0 0 0 
0 0 0 0 0 0 0 0 1.98614 0 0 0 0 0 0 0 0 
