1 0 0 0 0 0 0 0 0 0 0 0 0 0 0 0 1 
0 0 0 0 0 0 0 0 0 0 0 0 0 0 0 0 0 
0 16 0 0 0 0 0 0 0 0 0 0 0 0 0 16 0 
0 0 31.9832 0 0 0 0 0 0 0 0 0 0 0 31.9879 0 0 
0 0 88.0168 94.9896 23.851 0 0 0 8.01917 0 0 0 24.1482 96.1034 88.0121 0 0 
0 0 0 256.548 255.491 192.1 96.449 63.9636 0 65.0193 96.3124 191.812 255.924 255.227 0 0 0 
0 0 0 208.463 740.404 688.101 706.071 619.356 767.44 620.394 702.53 690.595 734.449 208.669 0 0 0 
0 0 0 0 574.267 1669.6 1829.03 1922.33 1612.14 1921.53 1832.41 1663.55 578.461 0 0 0 0 
0 0 0 0 225.988 1247.43 2931.47 3688.27 4343.68 3693.45 2925.71 1247.23 227.018 0 0 0 0 
0 0 0 0 0 444.22 1562.39 3138.66 3275.85 3129.64 1562.93 448.976 0 0 0 0 0 
0 0 0 0 0 126.545 763.244 1387.84 2105.7 1391.97 768.706 125.844 0 0 0 0 0 
0 0 0 0 0 0 64.0431 508.409 572.563 505.94 63.9365 0 0 0 0 0 0 
0 0 0 0 0 0 55.2983 95.4431 118.555 96.2193 55.4609 0 0 0 0 0 0 
0 0 0 0 0 0 0 0 64.1101 0 0 0 0 0 0 0 0 
0 0 0 0 0 0 0 15.7418 0 15.8401 0 0 0 0 0 0 0 
0 0 0 0 0 0 0 0 0 0 0 0 0 0 0 0 0 
0 0 0 0 0 0 0 0 1.94751 0 0 0 0 0 0 0 0 
